Station Name: AASLEAGH HSE.
Station Height: 28 M 
Latitude:53.614  ,Longitude: -9.678


date:  -  09 to 09 utc
rain:  -  Precipitation Amount (mm)
ind:   -  Indicator

date,ind,rain
01-jan-1941,0,0.000
02-jan-1941,0,0.000
03-jan-1941,0,6.400
04-jan-1941,0,1.800
05-jan-1941,0,0.000
06-jan-1941,0,0.000
07-jan-1941,0,0.000
08-jan-1941,0,0.000
09-jan-1941,0,0.000
10-jan-1941,0,0.000
11-jan-1941,0,0.000
12-jan-1941,0,0.000
13-jan-1941,0,6.400
14-jan-1941,0,4.300
15-jan-1941,0,2.300
16-jan-1941,0,1.800
17-jan-1941,0,10.400
18-jan-1941,0,7.600
19-jan-1941,0,11.700
20-jan-1941,0,12.700
21-jan-1941,0,2.500
22-jan-1941,0,3.800
23-jan-1941,0,1.500
24-jan-1941,0,21.300
25-jan-1941,0,0.500
26-jan-1941,0,38.100
27-jan-1941,0,27.700
28-jan-1941,0,2.000
29-jan-1941,0,19.300
30-jan-1941,0,26.400
31-jan-1941,0,4.800
01-feb-1941,0,2.300
02-feb-1941,0,8.400
03-feb-1941,0,0.000
04-feb-1941,0,39.400
05-feb-1941,0,14.500
06-feb-1941,0,20.300
07-feb-1941,0,22.100
08-feb-1941,0,14.000
09-feb-1941,0,6.100
10-feb-1941,0,0.500
11-feb-1941,0,7.100
12-feb-1941,0,0.800
13-feb-1941,0,4.300
14-feb-1941,0,1.300
15-feb-1941,0,0.000
16-feb-1941,0,11.400
17-feb-1941,0,5.100
18-feb-1941,0,0.500
19-feb-1941,0,2.300
20-feb-1941,0,4.800
21-feb-1941,0,4.600
22-feb-1941,0,0.000
23-feb-1941,0,0.000
24-feb-1941,0,0.800
25-feb-1941,0,0.000
26-feb-1941,0,35.100
27-feb-1941,0,24.100
28-feb-1941,0,7.600
01-mar-1941,0,5.300
02-mar-1941,0,5.100
03-mar-1941,0,13.500
04-mar-1941,0,7.100
05-mar-1941,0,1.800
06-mar-1941,0,0.500
07-mar-1941,0,0.000
08-mar-1941,0,0.000
09-mar-1941,0,0.000
10-mar-1941,0,0.000
11-mar-1941,0,0.000
12-mar-1941,0,0.000
13-mar-1941,0,0.000
14-mar-1941,0,0.000
15-mar-1941,0,0.000
16-mar-1941,0,0.000
17-mar-1941,0,6.600
18-mar-1941,0,4.300
19-mar-1941,0,0.500
20-mar-1941,0,3.800
21-mar-1941,0,8.900
22-mar-1941,0,4.600
23-mar-1941,0,9.100
24-mar-1941,0,6.400
25-mar-1941,0,28.400
26-mar-1941,0,6.100
27-mar-1941,0,1.300
28-mar-1941,0,1.500
29-mar-1941,0,0.000
30-mar-1941,0,9.100
31-mar-1941,0,38.400
01-apr-1941,0,7.900
02-apr-1941,0,1.500
03-apr-1941,0,0.000
04-apr-1941,0,0.000
05-apr-1941,0,0.000
06-apr-1941,0,0.000
07-apr-1941,0,0.000
08-apr-1941,0,15.500
09-apr-1941,0,0.000
10-apr-1941,0,0.000
11-apr-1941,0,12.400
12-apr-1941,0,9.100
13-apr-1941,0,1.000
14-apr-1941,0,4.600
15-apr-1941,0,6.400
16-apr-1941,0,24.100
17-apr-1941,0,2.000
18-apr-1941,0,6.900
19-apr-1941,0,11.400
20-apr-1941,0,1.300
21-apr-1941,0,0.000
22-apr-1941,0,2.300
23-apr-1941,0,0.000
24-apr-1941,0,0.000
25-apr-1941,0,0.000
26-apr-1941,0,0.000
27-apr-1941,0,0.000
28-apr-1941,0,0.000
29-apr-1941,0,0.000
30-apr-1941,0,0.000
01-may-1941,0,0.000
02-may-1941,0,0.000
03-may-1941,0,0.000
04-may-1941,0,0.000
05-may-1941,0,0.000
06-may-1941,0,0.000
07-may-1941,0,0.000
08-may-1941,0,0.000
09-may-1941,0,0.500
10-may-1941,0,1.300
11-may-1941,0,1.000
12-may-1941,0,0.000
13-may-1941,0,1.300
14-may-1941,0,0.000
15-may-1941,0,2.000
16-may-1941,0,0.800
17-may-1941,0,10.700
18-may-1941,0,1.000
19-may-1941,0,0.000
20-may-1941,0,4.600
21-may-1941,0,5.300
22-may-1941,0,14.700
23-may-1941,0,18.000
24-may-1941,0,14.200
25-may-1941,0,6.900
26-may-1941,0,7.600
27-may-1941,0,0.800
28-may-1941,0,10.200
29-may-1941,0,0.000
30-may-1941,0,0.000
31-may-1941,0,0.000
01-jun-1941,0,0.000
02-jun-1941,0,0.000
03-jun-1941,0,0.000
04-jun-1941,0,0.300
05-jun-1941,0,6.100
06-jun-1941,0,1.300
07-jun-1941,0,0.000
08-jun-1941,0,1.500
09-jun-1941,0,0.300
10-jun-1941,0,0.000
11-jun-1941,0,0.000
12-jun-1941,0,0.000
13-jun-1941,0,3.000
14-jun-1941,0,2.500
15-jun-1941,0,0.800
16-jun-1941,0,6.900
17-jun-1941,0,0.500
18-jun-1941,0,0.000
19-jun-1941,0,0.000
20-jun-1941,0,0.500
21-jun-1941,0,0.300
22-jun-1941,0,0.800
23-jun-1941,0,1.300
24-jun-1941,0,12.700
25-jun-1941,0,2.000
26-jun-1941,0,1.800
27-jun-1941,0,2.500
28-jun-1941,0,0.000
29-jun-1941,0,0.300
30-jun-1941,0,0.000
01-jul-1941,0,2.300
02-jul-1941,0,20.800
03-jul-1941,0,0.000
04-jul-1941,0,7.600
05-jul-1941,0,26.900
06-jul-1941,0,12.700
07-jul-1941,0,0.000
08-jul-1941,0,1.300
09-jul-1941,0,7.900
10-jul-1941,0,16.500
11-jul-1941,0,0.000
12-jul-1941,0,1.300
13-jul-1941,0,2.300
14-jul-1941,0,0.000
15-jul-1941,0,6.400
16-jul-1941,0,3.600
17-jul-1941,0,3.800
18-jul-1941,0,6.400
19-jul-1941,0,0.300
20-jul-1941,0,0.000
21-jul-1941,0,0.000
22-jul-1941,0,0.000
23-jul-1941,0,0.300
24-jul-1941,0,38.100
25-jul-1941,0,1.000
26-jul-1941,0,0.800
27-jul-1941,0,2.000
28-jul-1941,0,1.800
29-jul-1941,0,4.600
30-jul-1941,0,3.000
31-jul-1941,0,0.500
01-aug-1941,0,0.000
02-aug-1941,0,0.000
03-aug-1941,0,10.400
04-aug-1941,0,9.400
05-aug-1941,0,2.500
06-aug-1941,0,0.000
07-aug-1941,0,7.600
08-aug-1941,0,11.200
09-aug-1941,0,21.800
10-aug-1941,0,14.200
11-aug-1941,0,3.000
12-aug-1941,0,24.900
13-aug-1941,0,1.800
14-aug-1941,0,1.500
15-aug-1941,0,2.800
16-aug-1941,0,15.200
17-aug-1941,0,2.300
18-aug-1941,0,9.900
19-aug-1941,0,5.300
20-aug-1941,0,3.000
21-aug-1941,0,4.100
22-aug-1941,0,2.300
23-aug-1941,0,0.000
24-aug-1941,0,0.500
25-aug-1941,0,13.500
26-aug-1941,0,10.900
27-aug-1941,0,37.800
28-aug-1941,0,13.000
29-aug-1941,0,0.000
30-aug-1941,0,0.000
31-aug-1941,0,1.000
01-sep-1941,0,3.600
02-sep-1941,0,0.000
03-sep-1941,0,0.000
04-sep-1941,0,0.000
05-sep-1941,0,0.000
06-sep-1941,0,0.000
07-sep-1941,0,0.000
08-sep-1941,0,0.000
09-sep-1941,0,0.000
10-sep-1941,0,0.000
11-sep-1941,0,0.000
12-sep-1941,0,0.000
13-sep-1941,0,0.000
14-sep-1941,0,0.300
15-sep-1941,0,0.300
16-sep-1941,0,0.500
17-sep-1941,0,0.000
18-sep-1941,0,0.000
19-sep-1941,0,0.000
20-sep-1941,0,0.000
21-sep-1941,0,0.000
22-sep-1941,0,0.000
23-sep-1941,0,3.600
24-sep-1941,0,5.100
25-sep-1941,0,20.100
26-sep-1941,0,0.800
27-sep-1941,0,5.300
28-sep-1941,0,12.700
29-sep-1941,0,17.000
30-sep-1941,0,3.600
01-oct-1941,0,0.500
02-oct-1941,0,0.000
03-oct-1941,0,0.000
04-oct-1941,0,0.000
05-oct-1941,0,2.300
06-oct-1941,0,1.800
07-oct-1941,0,2.500
08-oct-1941,0,5.800
09-oct-1941,0,27.700
10-oct-1941,0,11.400
11-oct-1941,0,0.000
12-oct-1941,0,8.100
13-oct-1941,0,7.100
14-oct-1941,0,7.600
15-oct-1941,0,44.500
16-oct-1941,0,22.900
17-oct-1941,0,26.400
18-oct-1941,0,12.200
19-oct-1941,0,3.600
20-oct-1941,0,3.800
21-oct-1941,0,0.000
22-oct-1941,0,0.000
23-oct-1941,0,0.000
24-oct-1941,0,0.000
25-oct-1941,0,0.500
26-oct-1941,0,1.000
27-oct-1941,0,1.500
28-oct-1941,0,0.000
29-oct-1941,0,0.500
30-oct-1941,0,15.200
31-oct-1941,0,3.000
01-nov-1941,0,0.000
02-nov-1941,0,0.000
03-nov-1941,0,1.000
04-nov-1941,0,2.300
05-nov-1941,0,4.300
06-nov-1941,0,8.600
07-nov-1941,0,6.400
08-nov-1941,0,41.700
09-nov-1941,0,76.700
10-nov-1941,0,15.700
11-nov-1941,0,3.800
12-nov-1941,0,0.800
13-nov-1941,0,2.300
14-nov-1941,0,0.000
15-nov-1941,0,14.700
16-nov-1941,0,24.900
17-nov-1941,0,3.600
18-nov-1941,0,0.000
19-nov-1941,0,9.100
20-nov-1941,0,9.700
21-nov-1941,0,35.300
22-nov-1941,0,1.500
23-nov-1941,0,27.200
24-nov-1941,0,10.700
25-nov-1941,0,26.400
26-nov-1941,0,68.100
27-nov-1941,0,1.300
28-nov-1941,0,0.000
29-nov-1941,0,0.500
30-nov-1941,0,8.400
01-dec-1941,0,0.500
02-dec-1941,0,0.000
03-dec-1941,0,2.000
04-dec-1941,0,0.500
05-dec-1941,0,35.100
06-dec-1941,0,9.700
07-dec-1941,0,5.100
08-dec-1941,0,2.000
09-dec-1941,0,1.000
10-dec-1941,0,22.600
11-dec-1941,0,11.900
12-dec-1941,0,2.500
13-dec-1941,0,55.100
14-dec-1941,0,9.100
15-dec-1941,0,13.200
16-dec-1941,0,5.800
17-dec-1941,0,1.000
18-dec-1941,0,16.000
19-dec-1941,0,9.400
20-dec-1941,0,1.800
21-dec-1941,0,15.000
22-dec-1941,0,0.500
23-dec-1941,0,3.000
24-dec-1941,0,0.500
25-dec-1941,0,2.000
26-dec-1941,0,3.000
27-dec-1941,0,24.600
28-dec-1941,0,0.000
29-dec-1941,0,0.000
30-dec-1941,0,0.000
31-dec-1941,0,5.800
01-jan-1942,0,16.500
02-jan-1942,0,7.600
03-jan-1942,0,8.900
04-jan-1942,0,3.000
05-jan-1942,0,2.300
06-jan-1942,0,1.000
07-jan-1942,0,0.800
08-jan-1942,0,2.000
09-jan-1942,0,0.000
10-jan-1942,0,1.000
11-jan-1942,0,8.900
12-jan-1942,0,38.100
13-jan-1942,0,4.600
14-jan-1942,0,3.800
15-jan-1942,0,63.500
16-jan-1942,0,3.000
17-jan-1942,0,23.100
18-jan-1942,0,17.800
19-jan-1942,0,13.700
20-jan-1942,0,6.400
21-jan-1942,0,19.100
22-jan-1942,0,47.200
23-jan-1942,0,7.100
24-jan-1942,0,14.000
25-jan-1942,0,1.000
26-jan-1942,0,15.700
27-jan-1942,0,15.000
28-jan-1942,0,11.400
29-jan-1942,0,12.700
30-jan-1942,0,20.300
31-jan-1942,0,8.100
01-feb-1942,0,2.000
02-feb-1942,0,18.800
03-feb-1942,0,0.800
04-feb-1942,0,0.000
05-feb-1942,0,3.300
06-feb-1942,0,0.300
07-feb-1942,0,0.800
08-feb-1942,0,1.000
09-feb-1942,0,1.000
10-feb-1942,0,2.500
11-feb-1942,0,2.300
12-feb-1942,0,0.000
13-feb-1942,0,0.000
14-feb-1942,0,0.000
15-feb-1942,0,0.000
16-feb-1942,0,0.000
17-feb-1942,0,0.000
18-feb-1942,0,0.000
19-feb-1942,0,0.000
20-feb-1942,0,0.000
21-feb-1942,0,0.000
22-feb-1942,0,0.000
23-feb-1942,0,0.000
24-feb-1942,0,0.000
25-feb-1942,0,0.000
26-feb-1942,0,19.100
27-feb-1942,0,7.900
28-feb-1942,0,12.200
01-mar-1942,0,1.800
02-mar-1942,0,12.700
03-mar-1942,0,14.200
04-mar-1942,0,6.400
05-mar-1942,0,3.800
06-mar-1942,0,0.300
07-mar-1942,0,27.400
08-mar-1942,0,0.000
09-mar-1942,0,0.300
10-mar-1942,0,0.000
11-mar-1942,0,1.300
12-mar-1942,0,0.000
13-mar-1942,0,3.000
14-mar-1942,0,3.800
15-mar-1942,0,26.900
16-mar-1942,0,13.700
17-mar-1942,0,3.800
18-mar-1942,0,3.000
19-mar-1942,0,0.500
20-mar-1942,0,0.000
21-mar-1942,0,0.000
22-mar-1942,0,0.000
23-mar-1942,0,0.000
24-mar-1942,0,0.000
25-mar-1942,0,0.000
26-mar-1942,0,0.000
27-mar-1942,0,0.000
28-mar-1942,0,0.000
29-mar-1942,0,24.600
30-mar-1942,0,17.300
31-mar-1942,0,14.700
01-apr-1942,0,10.200
02-apr-1942,0,31.000
03-apr-1942,0,3.800
04-apr-1942,0,29.700
05-apr-1942,0,22.900
06-apr-1942,0,17.000
07-apr-1942,0,8.100
08-apr-1942,0,42.400
09-apr-1942,0,10.200
10-apr-1942,0,2.300
11-apr-1942,0,0.000
12-apr-1942,0,7.400
13-apr-1942,0,0.000
14-apr-1942,0,0.000
15-apr-1942,0,0.000
16-apr-1942,0,0.000
17-apr-1942,0,0.000
18-apr-1942,0,0.000
19-apr-1942,0,0.000
20-apr-1942,0,0.000
21-apr-1942,0,0.000
22-apr-1942,0,0.000
23-apr-1942,0,0.000
24-apr-1942,0,0.000
25-apr-1942,0,0.000
26-apr-1942,0,0.000
27-apr-1942,0,0.000
28-apr-1942,0,0.000
29-apr-1942,0,0.000
30-apr-1942,0,0.000
01-may-1942,0,0.000
02-may-1942,0,0.000
03-may-1942,0,0.000
04-may-1942,0,0.000
05-may-1942,0,0.000
06-may-1942,0,0.000
07-may-1942,0,10.700
08-may-1942,0,3.000
09-may-1942,0,0.000
10-may-1942,0,11.200
11-may-1942,0,0.000
12-may-1942,0,0.000
13-may-1942,0,0.000
14-may-1942,0,5.100
15-may-1942,0,16.500
16-may-1942,0,32.000
17-may-1942,0,2.800
18-may-1942,0,5.100
19-may-1942,0,6.600
20-may-1942,0,9.100
21-may-1942,0,4.800
22-may-1942,0,27.700
23-may-1942,0,5.800
24-may-1942,0,17.500
25-may-1942,0,22.600
26-may-1942,0,21.800
27-may-1942,0,12.400
28-may-1942,0,1.500
29-may-1942,0,4.300
30-may-1942,0,0.000
31-may-1942,0,5.100
01-jun-1942,0,3.300
02-jun-1942,0,0.300
03-jun-1942,0,0.000
04-jun-1942,0,0.000
05-jun-1942,0,0.000
06-jun-1942,0,0.000
07-jun-1942,0,1.800
08-jun-1942,0,0.800
09-jun-1942,0,1.300
10-jun-1942,0,0.000
11-jun-1942,0,0.000
12-jun-1942,0,3.300
13-jun-1942,0,2.000
14-jun-1942,0,0.800
15-jun-1942,0,0.000
16-jun-1942,0,0.000
17-jun-1942,0,1.300
18-jun-1942,0,0.000
19-jun-1942,0,0.000
20-jun-1942,0,0.000
21-jun-1942,0,2.000
22-jun-1942,0,2.500
23-jun-1942,0,0.000
24-jun-1942,0,0.000
25-jun-1942,0,0.000
26-jun-1942,0,0.000
27-jun-1942,0,10.200
28-jun-1942,0,0.000
29-jun-1942,0,0.000
30-jun-1942,0,0.000
01-jul-1942,0,0.000
02-jul-1942,0,46.700
03-jul-1942,0,4.100
04-jul-1942,0,4.100
05-jul-1942,0,22.400
06-jul-1942,0,8.100
07-jul-1942,0,14.500
08-jul-1942,0,3.800
09-jul-1942,0,1.300
10-jul-1942,0,0.000
11-jul-1942,0,0.800
12-jul-1942,0,8.900
13-jul-1942,0,1.500
14-jul-1942,0,14.000
15-jul-1942,0,18.800
16-jul-1942,0,4.800
17-jul-1942,0,0.500
18-jul-1942,0,0.300
19-jul-1942,0,0.000
20-jul-1942,0,0.000
21-jul-1942,0,56.600
22-jul-1942,0,24.100
23-jul-1942,0,24.100
24-jul-1942,0,0.000
25-jul-1942,0,2.500
26-jul-1942,0,9.700
27-jul-1942,0,0.000
28-jul-1942,0,3.000
29-jul-1942,0,0.000
30-jul-1942,0,0.300
31-jul-1942,0,1.300
01-aug-1942,0,7.400
02-aug-1942,0,3.000
03-aug-1942,0,0.000
04-aug-1942,0,0.000
05-aug-1942,0,0.000
06-aug-1942,0,8.600
07-aug-1942,0,35.100
08-aug-1942,0,9.400
09-aug-1942,0,32.000
10-aug-1942,0,46.500
11-aug-1942,0,5.600
12-aug-1942,0,1.300
13-aug-1942,0,3.800
14-aug-1942,0,8.600
15-aug-1942,0,4.600
16-aug-1942,0,4.300
17-aug-1942,0,14.700
18-aug-1942,0,32.300
19-aug-1942,0,14.000
20-aug-1942,0,15.200
21-aug-1942,0,18.500
22-aug-1942,0,0.000
23-aug-1942,0,1.300
24-aug-1942,0,16.000
25-aug-1942,0,9.100
26-aug-1942,0,0.000
27-aug-1942,0,0.000
28-aug-1942,0,0.000
29-aug-1942,0,0.800
30-aug-1942,0,0.000
31-aug-1942,0,4.800
01-sep-1942,0,2.300
02-sep-1942,0,23.400
03-sep-1942,0,21.100
04-sep-1942,0,74.700
05-sep-1942,0,8.400
06-sep-1942,0,8.600
07-sep-1942,0,0.000
08-sep-1942,0,4.300
09-sep-1942,0,0.000
10-sep-1942,0,0.000
11-sep-1942,0,0.800
12-sep-1942,0,0.000
13-sep-1942,0,0.300
14-sep-1942,0,8.600
15-sep-1942,0,3.800
16-sep-1942,0,8.600
17-sep-1942,0,6.400
18-sep-1942,0,1.300
19-sep-1942,0,6.600
20-sep-1942,0,26.200
21-sep-1942,0,16.300
22-sep-1942,0,4.600
23-sep-1942,0,19.600
24-sep-1942,0,10.900
25-sep-1942,0,0.300
26-sep-1942,0,9.400
27-sep-1942,0,7.100
28-sep-1942,0,9.400
29-sep-1942,0,5.100
30-sep-1942,0,0.300
01-oct-1942,0,0.300
02-oct-1942,0,0.000
03-oct-1942,0,10.700
04-oct-1942,0,3.000
05-oct-1942,0,0.000
06-oct-1942,0,0.000
07-oct-1942,0,11.700
08-oct-1942,0,11.400
09-oct-1942,0,33.800
10-oct-1942,0,2.000
11-oct-1942,0,19.600
12-oct-1942,0,0.500
13-oct-1942,0,10.900
14-oct-1942,0,10.400
15-oct-1942,0,1.300
16-oct-1942,0,9.400
17-oct-1942,0,13.700
18-oct-1942,0,0.000
19-oct-1942,0,5.100
20-oct-1942,0,8.600
21-oct-1942,0,55.900
22-oct-1942,0,1.000
23-oct-1942,0,15.700
24-oct-1942,0,3.000
25-oct-1942,0,0.500
26-oct-1942,0,0.000
27-oct-1942,0,22.400
28-oct-1942,0,0.500
29-oct-1942,0,0.000
30-oct-1942,0,0.000
31-oct-1942,0,0.000
01-nov-1942,0,0.000
02-nov-1942,0,0.000
03-nov-1942,0,0.000
04-nov-1942,0,7.100
05-nov-1942,0,5.600
06-nov-1942,0,29.500
07-nov-1942,0,3.300
08-nov-1942,0,0.000
09-nov-1942,0,16.000
10-nov-1942,0,0.300
11-nov-1942,0,19.300
12-nov-1942,0,1.300
13-nov-1942,0,0.000
14-nov-1942,0,0.000
15-nov-1942,0,0.500
16-nov-1942,0,0.000
17-nov-1942,0,0.000
18-nov-1942,0,0.000
19-nov-1942,0,0.500
20-nov-1942,0,1.800
21-nov-1942,0,0.000
22-nov-1942,0,0.000
23-nov-1942,0,0.000
24-nov-1942,0,0.000
25-nov-1942,0,0.000
26-nov-1942,0,0.000
27-nov-1942,0,0.300
28-nov-1942,0,1.300
29-nov-1942,0,5.800
30-nov-1942,0,18.500
01-dec-1942,0,21.600
02-dec-1942,0,1.800
03-dec-1942,0,3.300
04-dec-1942,0,25.400
05-dec-1942,0,1.000
06-dec-1942,0,26.900
07-dec-1942,0,7.900
08-dec-1942,0,38.600
09-dec-1942,0,20.600
10-dec-1942,0,6.600
11-dec-1942,0,1.800
12-dec-1942,0,50.800
13-dec-1942,0,4.100
14-dec-1942,0,1.000
15-dec-1942,0,16.000
16-dec-1942,0,14.000
17-dec-1942,0,7.600
18-dec-1942,0,22.400
19-dec-1942,0,2.000
20-dec-1942,0,55.400
21-dec-1942,0,30.200
22-dec-1942,0,1.800
23-dec-1942,0,25.100
24-dec-1942,0,1.300
25-dec-1942,0,8.100
26-dec-1942,0,12.700
27-dec-1942,0,7.100
28-dec-1942,0,8.900
29-dec-1942,0,0.500
30-dec-1942,0,19.100
31-dec-1942,0,41.100
01-jan-1943,0,12.200
02-jan-1943,0,3.800
03-jan-1943,0,42.900
04-jan-1943,0,21.100
05-jan-1943,0,3.800
06-jan-1943,0,0.000
07-jan-1943,0,4.600
08-jan-1943,0,3.000
09-jan-1943,0,21.100
10-jan-1943,0,16.800
11-jan-1943,0,14.700
12-jan-1943,0,8.100
13-jan-1943,0,4.800
14-jan-1943,0,10.200
15-jan-1943,0,12.200
16-jan-1943,0,14.200
17-jan-1943,0,0.000
18-jan-1943,0,2.800
19-jan-1943,0,17.800
20-jan-1943,0,9.100
21-jan-1943,0,0.000
22-jan-1943,0,0.000
23-jan-1943,0,7.400
24-jan-1943,0,33.800
25-jan-1943,0,5.100
26-jan-1943,0,5.600
27-jan-1943,0,35.100
28-jan-1943,0,24.400
29-jan-1943,0,17.300
30-jan-1943,0,13.500
31-jan-1943,0,11.900
01-feb-1943,0,11.200
02-feb-1943,0,15.000
03-feb-1943,0,5.800
04-feb-1943,0,25.100
05-feb-1943,0,26.700
06-feb-1943,0,9.900
07-feb-1943,0,4.800
08-feb-1943,0,46.000
09-feb-1943,0,16.000
10-feb-1943,0,12.700
11-feb-1943,0,17.300
12-feb-1943,0,5.100
13-feb-1943,0,4.100
14-feb-1943,0,10.900
15-feb-1943,0,6.400
16-feb-1943,0,2.000
17-feb-1943,0,0.500
18-feb-1943,0,0.000
19-feb-1943,0,3.600
20-feb-1943,0,0.500
21-feb-1943,0,0.800
22-feb-1943,0,3.300
23-feb-1943,0,9.400
24-feb-1943,0,14.500
25-feb-1943,0,1.500
26-feb-1943,0,0.800
27-feb-1943,0,0.000
28-feb-1943,0,2.300
01-mar-1943,0,0.500
02-mar-1943,0,1.500
03-mar-1943,0,3.600
04-mar-1943,0,0.000
05-mar-1943,0,0.000
06-mar-1943,0,0.000
07-mar-1943,0,5.100
08-mar-1943,0,2.500
09-mar-1943,0,3.800
10-mar-1943,0,3.800
11-mar-1943,0,1.000
12-mar-1943,0,3.600
13-mar-1943,0,1.300
14-mar-1943,0,7.600
15-mar-1943,0,8.400
16-mar-1943,0,1.000
17-mar-1943,0,3.600
18-mar-1943,0,0.000
19-mar-1943,0,0.000
20-mar-1943,0,1.800
21-mar-1943,0,9.400
22-mar-1943,0,0.000
23-mar-1943,0,0.000
24-mar-1943,0,0.500
25-mar-1943,0,0.000
26-mar-1943,0,6.600
27-mar-1943,0,8.600
28-mar-1943,0,9.100
29-mar-1943,0,9.100
30-mar-1943,0,8.400
31-mar-1943,0,10.900
01-apr-1943,0,0.500
02-apr-1943,0,0.000
03-apr-1943,0,0.000
04-apr-1943,0,0.000
05-apr-1943,0,3.600
06-apr-1943,0,0.000
07-apr-1943,0,1.800
08-apr-1943,0,0.300
09-apr-1943,0,1.300
10-apr-1943,0,1.800
11-apr-1943,0,4.100
12-apr-1943,0,6.400
13-apr-1943,0,6.400
14-apr-1943,0,6.100
15-apr-1943,0,0.500
16-apr-1943,0,0.000
17-apr-1943,0,4.300
18-apr-1943,0,8.100
19-apr-1943,0,1.500
20-apr-1943,0,1.000
21-apr-1943,0,0.000
22-apr-1943,0,6.400
23-apr-1943,0,13.000
24-apr-1943,0,38.900
25-apr-1943,0,13.500
26-apr-1943,0,2.800
27-apr-1943,0,0.000
28-apr-1943,0,0.800
29-apr-1943,0,4.800
30-apr-1943,0,2.800
01-may-1943,0,0.500
02-may-1943,0,2.000
03-may-1943,0,0.000
04-may-1943,0,1.000
05-may-1943,0,1.300
06-may-1943,0,5.800
07-may-1943,0,42.200
08-may-1943,0,6.900
09-may-1943,0,10.900
10-may-1943,0,1.300
11-may-1943,0,14.200
12-may-1943,0,8.100
13-may-1943,0,13.500
14-may-1943,0,0.000
15-may-1943,0,0.000
16-may-1943,0,0.000
17-may-1943,0,0.000
18-may-1943,0,0.000
19-may-1943,0,2.500
20-may-1943,0,0.300
21-may-1943,0,3.000
22-may-1943,0,17.000
23-may-1943,0,0.000
24-may-1943,0,0.500
25-may-1943,0,12.200
26-may-1943,0,3.000
27-may-1943,0,0.000
28-may-1943,0,0.000
29-may-1943,0,6.400
30-may-1943,0,10.700
31-may-1943,0,4.800
01-jun-1943,0,17.500
02-jun-1943,0,7.400
03-jun-1943,0,6.100
04-jun-1943,0,12.200
05-jun-1943,0,16.000
06-jun-1943,0,21.300
07-jun-1943,0,4.100
08-jun-1943,0,0.500
09-jun-1943,0,16.500
10-jun-1943,0,0.000
11-jun-1943,0,16.000
12-jun-1943,0,4.800
13-jun-1943,0,19.300
14-jun-1943,0,14.700
15-jun-1943,0,3.300
16-jun-1943,0,0.000
17-jun-1943,0,19.800
18-jun-1943,0,22.900
19-jun-1943,0,23.900
20-jun-1943,0,25.100
21-jun-1943,0,17.800
22-jun-1943,0,4.600
23-jun-1943,0,0.000
24-jun-1943,0,4.100
25-jun-1943,0,0.000
26-jun-1943,0,0.000
27-jun-1943,0,0.000
28-jun-1943,0,0.000
29-jun-1943,0,0.000
30-jun-1943,0,0.000
01-jul-1943,0,0.000
02-jul-1943,0,0.000
03-jul-1943,0,1.800
04-jul-1943,0,1.000
05-jul-1943,0,13.500
06-jul-1943,0,7.100
07-jul-1943,0,5.800
08-jul-1943,0,6.100
09-jul-1943,0,8.900
10-jul-1943,0,18.500
11-jul-1943,0,5.800
12-jul-1943,0,8.900
13-jul-1943,0,17.500
14-jul-1943,0,4.600
15-jul-1943,0,0.300
16-jul-1943,0,0.000
17-jul-1943,0,0.000
18-jul-1943,0,0.000
19-jul-1943,0,0.000
20-jul-1943,0,0.000
21-jul-1943,0,0.000
22-jul-1943,0,0.000
23-jul-1943,0,0.000
24-jul-1943,0,0.000
25-jul-1943,0,6.900
26-jul-1943,0,1.000
27-jul-1943,0,3.800
28-jul-1943,0,0.000
29-jul-1943,0,7.400
30-jul-1943,0,1.300
31-jul-1943,0,1.000
01-aug-1943,0,23.100
02-aug-1943,0,0.000
03-aug-1943,0,1.000
04-aug-1943,0,26.700
05-aug-1943,0,7.100
06-aug-1943,0,39.400
07-aug-1943,0,45.500
08-aug-1943,0,11.400
09-aug-1943,0,2.500
10-aug-1943,0,2.500
11-aug-1943,0,1.000
12-aug-1943,0,19.800
13-aug-1943,0,0.800
14-aug-1943,0,1.300
15-aug-1943,0,25.400
16-aug-1943,0,0.500
17-aug-1943,0,1.300
18-aug-1943,0,1.800
19-aug-1943,0,26.900
20-aug-1943,0,9.700
21-aug-1943,0,23.600
22-aug-1943,0,15.700
23-aug-1943,0,0.000
24-aug-1943,0,22.900
25-aug-1943,0,19.800
26-aug-1943,0,9.100
27-aug-1943,0,10.900
28-aug-1943,0,11.700
29-aug-1943,0,15.200
30-aug-1943,0,2.000
31-aug-1943,0,6.900
01-sep-1943,0,14.000
02-sep-1943,0,3.000
03-sep-1943,0,26.900
04-sep-1943,0,49.000
05-sep-1943,0,28.200
06-sep-1943,0,17.800
07-sep-1943,0,4.800
08-sep-1943,0,0.500
09-sep-1943,0,3.000
10-sep-1943,0,10.200
11-sep-1943,0,4.600
12-sep-1943,0,6.900
13-sep-1943,0,1.000
14-sep-1943,0,2.500
15-sep-1943,0,18.800
16-sep-1943,0,3.300
17-sep-1943,0,3.000
18-sep-1943,0,1.300
19-sep-1943,0,10.200
20-sep-1943,0,3.000
21-sep-1943,0,0.800
22-sep-1943,0,0.300
23-sep-1943,0,4.300
24-sep-1943,0,1.800
25-sep-1943,0,17.000
26-sep-1943,0,2.300
27-sep-1943,0,22.400
28-sep-1943,0,1.500
29-sep-1943,0,16.500
30-sep-1943,0,34.800
01-oct-1943,0,22.100
02-oct-1943,0,1.300
03-oct-1943,0,16.000
04-oct-1943,0,28.700
05-oct-1943,0,57.200
06-oct-1943,0,4.300
07-oct-1943,0,1.000
08-oct-1943,0,9.400
09-oct-1943,0,14.000
10-oct-1943,0,2.800
11-oct-1943,0,3.000
12-oct-1943,0,26.900
13-oct-1943,0,1.500
14-oct-1943,0,9.700
15-oct-1943,0,15.000
16-oct-1943,0,3.300
17-oct-1943,0,6.400
18-oct-1943,0,16.800
19-oct-1943,0,41.100
20-oct-1943,0,26.900
21-oct-1943,0,19.800
22-oct-1943,0,9.900
23-oct-1943,0,0.000
24-oct-1943,0,5.300
25-oct-1943,0,25.400
26-oct-1943,0,70.900
27-oct-1943,0,33.500
28-oct-1943,0,20.800
29-oct-1943,0,3.800
30-oct-1943,0,37.300
31-oct-1943,0,10.700
01-nov-1943,0,0.300
02-nov-1943,0,2.500
03-nov-1943,0,0.500
04-nov-1943,0,6.400
05-nov-1943,0,2.500
06-nov-1943,0,0.500
07-nov-1943,0,5.100
08-nov-1943,0,0.000
09-nov-1943,0,5.100
10-nov-1943,0,14.500
11-nov-1943,0,3.600
12-nov-1943,0,16.300
13-nov-1943,0,12.700
14-nov-1943,0,19.800
15-nov-1943,0,3.000
16-nov-1943,0,12.700
17-nov-1943,0,0.500
18-nov-1943,0,0.800
19-nov-1943,0,0.300
20-nov-1943,0,0.000
21-nov-1943,0,1.300
22-nov-1943,0,6.400
23-nov-1943,0,21.100
24-nov-1943,0,6.600
25-nov-1943,0,2.000
26-nov-1943,0,9.400
27-nov-1943,0,15.500
28-nov-1943,0,16.500
29-nov-1943,0,12.400
30-nov-1943,0,2.500
01-dec-1943,0,26.700
02-dec-1943,0,17.300
03-dec-1943,0,0.000
04-dec-1943,0,0.000
05-dec-1943,0,1.000
06-dec-1943,0,0.000
07-dec-1943,0,14.000
08-dec-1943,0,1.300
09-dec-1943,0,2.500
10-dec-1943,0,0.300
11-dec-1943,0,0.000
12-dec-1943,0,0.000
13-dec-1943,0,0.000
14-dec-1943,0,0.000
15-dec-1943,0,0.000
16-dec-1943,0,22.600
17-dec-1943,0,6.900
18-dec-1943,0,22.600
19-dec-1943,0,18.300
20-dec-1943,0,38.400
21-dec-1943,0,12.700
22-dec-1943,0,4.600
23-dec-1943,0,1.300
24-dec-1943,0,4.300
25-dec-1943,0,3.800
26-dec-1943,0,0.800
27-dec-1943,0,1.000
28-dec-1943,0,6.900
29-dec-1943,0,1.500
30-dec-1943,0,1.300
31-dec-1943,0,6.900
01-jan-1944,0,3.800
02-jan-1944,0,33.500
03-jan-1944,0,6.600
04-jan-1944,0,0.800
05-jan-1944,0,6.100
06-jan-1944,0,4.300
07-jan-1944,0,4.800
08-jan-1944,0,26.400
09-jan-1944,0,11.400
10-jan-1944,0,1.800
11-jan-1944,0,9.100
12-jan-1944,0,8.100
13-jan-1944,0,0.800
14-jan-1944,0,0.000
15-jan-1944,0,4.600
16-jan-1944,0,24.900
17-jan-1944,0,1.300
18-jan-1944,0,10.400
19-jan-1944,0,4.600
20-jan-1944,0,13.500
21-jan-1944,0,17.000
22-jan-1944,0,23.600
23-jan-1944,0,11.700
24-jan-1944,0,35.800
25-jan-1944,0,21.100
26-jan-1944,0,12.200
27-jan-1944,0,10.200
28-jan-1944,0,0.500
29-jan-1944,0,1.300
30-jan-1944,0,10.900
31-jan-1944,0,22.900
01-feb-1944,0,55.900
02-feb-1944,0,13.500
03-feb-1944,0,3.300
04-feb-1944,0,8.900
05-feb-1944,0,4.100
06-feb-1944,0,12.200
07-feb-1944,0,5.100
08-feb-1944,0,6.400
09-feb-1944,0,11.700
10-feb-1944,0,0.000
11-feb-1944,0,0.300
12-feb-1944,0,0.000
13-feb-1944,0,10.900
14-feb-1944,0,1.800
15-feb-1944,0,9.100
16-feb-1944,0,2.000
17-feb-1944,0,0.000
18-feb-1944,0,0.500
19-feb-1944,0,0.500
20-feb-1944,0,0.500
21-feb-1944,0,0.000
22-feb-1944,0,0.000
23-feb-1944,0,0.000
24-feb-1944,0,0.000
25-feb-1944,0,5.800
26-feb-1944,0,1.800
27-feb-1944,0,0.000
28-feb-1944,0,3.000
29-feb-1944,0,1.800
01-mar-1944,0,3.000
02-mar-1944,0,1.500
03-mar-1944,0,0.000
04-mar-1944,0,0.000
05-mar-1944,0,0.000
06-mar-1944,0,0.000
07-mar-1944,0,0.000
08-mar-1944,0,0.000
09-mar-1944,0,1.500
10-mar-1944,0,0.000
11-mar-1944,0,0.300
12-mar-1944,0,2.800
13-mar-1944,0,1.000
14-mar-1944,0,0.000
15-mar-1944,0,2.800
16-mar-1944,0,0.500
17-mar-1944,0,1.500
18-mar-1944,0,8.900
19-mar-1944,0,0.000
20-mar-1944,0,0.000
21-mar-1944,0,0.000
22-mar-1944,0,0.000
23-mar-1944,0,0.000
24-mar-1944,0,0.000
25-mar-1944,0,0.000
26-mar-1944,0,0.000
27-mar-1944,0,0.000
28-mar-1944,0,0.000
29-mar-1944,0,0.000
30-mar-1944,0,0.000
31-mar-1944,0,5.800
01-apr-1944,0,16.300
02-apr-1944,0,4.300
03-apr-1944,0,2.500
04-apr-1944,0,6.400
05-apr-1944,0,0.000
06-apr-1944,0,0.000
07-apr-1944,0,0.000
08-apr-1944,0,7.900
09-apr-1944,0,0.500
10-apr-1944,0,11.200
11-apr-1944,0,0.000
12-apr-1944,0,1.000
13-apr-1944,0,12.200
14-apr-1944,0,17.800
15-apr-1944,0,0.000
16-apr-1944,0,0.000
17-apr-1944,0,1.000
18-apr-1944,0,49.500
19-apr-1944,0,9.400
20-apr-1944,0,3.800
21-apr-1944,0,2.300
22-apr-1944,0,3.600
23-apr-1944,0,2.500
24-apr-1944,0,0.000
25-apr-1944,0,0.000
26-apr-1944,0,0.000
27-apr-1944,0,0.000
28-apr-1944,0,0.000
29-apr-1944,0,0.000
30-apr-1944,0,0.000
01-may-1944,0,4.300
02-may-1944,0,1.800
03-may-1944,0,21.600
04-may-1944,0,15.700
05-may-1944,0,1.300
06-may-1944,0,0.000
07-may-1944,0,0.000
08-may-1944,0,7.900
09-may-1944,0,2.500
10-may-1944,0,0.000
11-may-1944,0,0.000
12-may-1944,0,0.000
13-may-1944,0,0.000
14-may-1944,0,0.000
15-may-1944,0,0.000
16-may-1944,0,1.300
17-may-1944,0,0.000
18-may-1944,0,1.300
19-may-1944,0,5.100
20-may-1944,0,0.000
21-may-1944,0,0.000
22-may-1944,0,0.000
23-may-1944,0,0.000
24-may-1944,0,18.800
25-may-1944,0,19.100
26-may-1944,0,17.000
27-may-1944,0,13.200
28-may-1944,0,0.500
29-may-1944,0,0.000
30-may-1944,0,3.600
31-may-1944,0,19.800
01-jun-1944,0,9.900
02-jun-1944,0,12.700
03-jun-1944,0,53.100
04-jun-1944,0,17.000
05-jun-1944,0,0.000
06-jun-1944,0,0.000
07-jun-1944,0,12.400
08-jun-1944,0,1.300
09-jun-1944,0,0.000
10-jun-1944,0,8.900
11-jun-1944,0,1.800
12-jun-1944,0,4.600
13-jun-1944,0,6.100
14-jun-1944,0,10.900
15-jun-1944,0,4.100
16-jun-1944,0,0.000
17-jun-1944,0,1.000
18-jun-1944,0,0.000
19-jun-1944,0,0.000
20-jun-1944,0,0.000
21-jun-1944,0,0.000
22-jun-1944,0,0.000
23-jun-1944,0,0.000
24-jun-1944,0,0.000
25-jun-1944,0,7.400
26-jun-1944,0,7.600
27-jun-1944,0,3.600
28-jun-1944,0,0.800
29-jun-1944,0,1.000
30-jun-1944,0,6.400
01-jul-1944,0,0.000
02-jul-1944,0,0.000
03-jul-1944,0,0.000
04-jul-1944,0,2.300
05-jul-1944,0,0.500
06-jul-1944,0,18.800
07-jul-1944,0,1.800
08-jul-1944,0,13.000
09-jul-1944,0,39.100
10-jul-1944,0,0.300
11-jul-1944,0,4.100
12-jul-1944,0,18.500
13-jul-1944,0,3.000
14-jul-1944,0,5.300
15-jul-1944,0,1.800
16-jul-1944,0,0.000
17-jul-1944,0,0.300
18-jul-1944,0,11.900
19-jul-1944,0,0.500
20-jul-1944,0,0.000
21-jul-1944,0,0.000
22-jul-1944,0,0.000
23-jul-1944,0,0.000
24-jul-1944,0,6.100
25-jul-1944,0,23.900
26-jul-1944,0,2.000
27-jul-1944,0,1.000
28-jul-1944,0,10.400
29-jul-1944,0,0.500
30-jul-1944,0,0.000
31-jul-1944,0,9.900
01-aug-1944,0,0.300
02-aug-1944,0,1.800
03-aug-1944,0,0.000
04-aug-1944,0,0.000
05-aug-1944,0,1.300
06-aug-1944,0,1.300
07-aug-1944,0,3.000
08-aug-1944,0,0.000
09-aug-1944,0,3.300
10-aug-1944,0,23.900
11-aug-1944,0,0.300
12-aug-1944,0,1.000
13-aug-1944,0,0.000
14-aug-1944,0,0.800
15-aug-1944,0,1.800
16-aug-1944,0,8.400
17-aug-1944,0,10.200
18-aug-1944,0,1.300
19-aug-1944,0,10.200
20-aug-1944,0,0.000
21-aug-1944,0,0.000
22-aug-1944,0,2.500
23-aug-1944,0,16.500
24-aug-1944,0,1.000
25-aug-1944,0,0.000
26-aug-1944,0,15.000
27-aug-1944,0,30.700
28-aug-1944,0,5.100
29-aug-1944,0,7.600
30-aug-1944,0,19.300
31-aug-1944,0,10.400
01-sep-1944,0,0.000
02-sep-1944,0,10.400
03-sep-1944,0,23.900
04-sep-1944,0,33.000
05-sep-1944,0,36.800
06-sep-1944,0,2.800
07-sep-1944,0,5.300
08-sep-1944,0,0.800
09-sep-1944,0,0.000
10-sep-1944,0,0.000
11-sep-1944,0,0.000
12-sep-1944,0,0.000
13-sep-1944,0,0.000
14-sep-1944,0,30.200
15-sep-1944,0,8.400
16-sep-1944,0,0.000
17-sep-1944,0,0.000
18-sep-1944,0,0.000
19-sep-1944,0,6.600
20-sep-1944,0,0.000
21-sep-1944,0,4.600
22-sep-1944,0,6.100
23-sep-1944,0,17.800
24-sep-1944,0,4.100
25-sep-1944,0,10.700
26-sep-1944,0,1.000
27-sep-1944,0,0.500
28-sep-1944,0,6.600
29-sep-1944,0,5.300
30-sep-1944,0,4.600
01-oct-1944,0,0.500
02-oct-1944,0,25.900
03-oct-1944,0,0.800
04-oct-1944,0,3.300
05-oct-1944,0,5.100
06-oct-1944,0,0.800
07-oct-1944,0,0.300
08-oct-1944,0,0.000
09-oct-1944,0,7.600
10-oct-1944,0,8.900
11-oct-1944,0,4.800
12-oct-1944,0,30.500
13-oct-1944,0,15.700
14-oct-1944,0,2.000
15-oct-1944,0,31.200
16-oct-1944,0,11.200
17-oct-1944,0,13.500
18-oct-1944,0,13.200
19-oct-1944,0,36.800
20-oct-1944,0,8.600
21-oct-1944,0,0.500
22-oct-1944,0,7.600
23-oct-1944,0,3.300
24-oct-1944,0,6.100
25-oct-1944,0,1.000
26-oct-1944,0,7.100
27-oct-1944,0,23.400
28-oct-1944,0,7.900
29-oct-1944,0,1.500
30-oct-1944,0,1.500
31-oct-1944,0,1.500
01-nov-1944,0,1.300
02-nov-1944,0,0.800
03-nov-1944,0,13.700
04-nov-1944,0,24.600
05-nov-1944,0,5.800
06-nov-1944,0,15.500
07-nov-1944,0,4.600
08-nov-1944,0,4.600
09-nov-1944,0,1.000
10-nov-1944,0,3.800
11-nov-1944,0,4.300
12-nov-1944,0,3.300
13-nov-1944,0,9.100
14-nov-1944,0,2.000
15-nov-1944,0,0.000
16-nov-1944,0,31.000
17-nov-1944,0,4.300
18-nov-1944,0,3.000
19-nov-1944,0,1.300
20-nov-1944,0,1.500
21-nov-1944,0,29.000
22-nov-1944,0,11.400
23-nov-1944,0,21.100
24-nov-1944,0,5.600
25-nov-1944,0,7.900
26-nov-1944,0,6.600
27-nov-1944,0,50.800
28-nov-1944,0,9.100
29-nov-1944,0,2.500
30-nov-1944,0,31.000
01-dec-1944,0,21.600
02-dec-1944,0,30.000
03-dec-1944,0,10.200
04-dec-1944,0,21.600
05-dec-1944,0,14.200
06-dec-1944,0,17.500
07-dec-1944,0,17.300
08-dec-1944,0,35.100
09-dec-1944,0,11.700
10-dec-1944,0,19.800
11-dec-1944,0,1.300
12-dec-1944,0,1.800
13-dec-1944,0,44.500
14-dec-1944,0,14.200
15-dec-1944,0,23.400
16-dec-1944,0,44.500
17-dec-1944,0,0.300
18-dec-1944,0,0.000
19-dec-1944,0,35.800
20-dec-1944,0,2.800
21-dec-1944,0,1.500
22-dec-1944,0,0.800
23-dec-1944,0,0.500
24-dec-1944,0,3.000
25-dec-1944,0,3.800
26-dec-1944,0,10.200
27-dec-1944,0,0.000
28-dec-1944,0,0.000
29-dec-1944,0,16.000
30-dec-1944,0,1.500
31-dec-1944,0,2.500
01-jan-1945,0,0.300
02-jan-1945,0,15.000
03-jan-1945,0,8.600
04-jan-1945,0,4.600
05-jan-1945,0,2.500
06-jan-1945,0,6.400
07-jan-1945,0,6.900
08-jan-1945,0,2.000
09-jan-1945,0,6.100
10-jan-1945,0,0.500
11-jan-1945,0,0.000
12-jan-1945,0,0.300
13-jan-1945,0,0.000
14-jan-1945,0,0.000
15-jan-1945,0,0.300
16-jan-1945,0,1.000
17-jan-1945,0,22.400
18-jan-1945,0,12.200
19-jan-1945,0,12.400
20-jan-1945,0,6.600
21-jan-1945,0,5.800
22-jan-1945,0,0.800
23-jan-1945,0,3.300
24-jan-1945,0,3.000
25-jan-1945,0,2.300
26-jan-1945,0,0.500
27-jan-1945,0,3.600
28-jan-1945,0,15.700
29-jan-1945,0,20.600
30-jan-1945,0,4.300
31-jan-1945,0,18.000
01-feb-1945,0,15.700
02-feb-1945,0,2.500
03-feb-1945,0,29.200
04-feb-1945,0,1.300
05-feb-1945,0,13.200
06-feb-1945,0,18.500
07-feb-1945,0,7.100
08-feb-1945,0,14.000
09-feb-1945,0,27.200
10-feb-1945,0,7.400
11-feb-1945,0,12.700
12-feb-1945,0,23.600
13-feb-1945,0,1.800
14-feb-1945,0,0.000
15-feb-1945,0,17.300
16-feb-1945,0,20.800
17-feb-1945,0,8.900
18-feb-1945,0,2.800
19-feb-1945,0,10.400
20-feb-1945,0,0.000
21-feb-1945,0,5.800
22-feb-1945,0,6.100
23-feb-1945,0,1.500
24-feb-1945,0,11.400
25-feb-1945,0,1.800
26-feb-1945,0,1.500
27-feb-1945,0,2.500
28-feb-1945,0,5.800
01-mar-1945,0,0.000
02-mar-1945,0,2.500
03-mar-1945,0,0.000
04-mar-1945,0,0.000
05-mar-1945,0,0.000
06-mar-1945,0,0.000
07-mar-1945,0,0.000
08-mar-1945,0,0.000
09-mar-1945,0,0.000
10-mar-1945,0,0.000
11-mar-1945,0,0.000
12-mar-1945,0,0.000
13-mar-1945,0,0.000
14-mar-1945,0,1.500
15-mar-1945,0,1.000
16-mar-1945,0,0.000
17-mar-1945,0,28.400
18-mar-1945,0,20.800
19-mar-1945,0,13.500
20-mar-1945,0,0.500
21-mar-1945,0,5.100
22-mar-1945,0,0.000
23-mar-1945,0,0.000
24-mar-1945,0,23.400
25-mar-1945,0,0.500
26-mar-1945,0,1.800
27-mar-1945,0,14.500
28-mar-1945,0,21.600
29-mar-1945,0,21.100
30-mar-1945,0,7.400
31-mar-1945,0,48.800
01-apr-1945,0,15.200
02-apr-1945,0,5.100
03-apr-1945,0,2.800
04-apr-1945,0,19.800
05-apr-1945,0,0.000
06-apr-1945,0,0.000
07-apr-1945,0,0.000
08-apr-1945,0,0.000
09-apr-1945,0,0.000
10-apr-1945,0,4.100
11-apr-1945,0,7.100
12-apr-1945,0,0.000
13-apr-1945,0,9.900
14-apr-1945,0,24.600
15-apr-1945,0,2.800
16-apr-1945,0,0.300
17-apr-1945,0,1.800
18-apr-1945,0,0.000
19-apr-1945,0,0.000
20-apr-1945,0,0.000
21-apr-1945,0,0.000
22-apr-1945,0,0.000
23-apr-1945,0,0.000
24-apr-1945,0,2.000
25-apr-1945,0,0.000
26-apr-1945,0,1.800
27-apr-1945,0,4.800
28-apr-1945,0,7.900
29-apr-1945,0,1.800
30-apr-1945,0,2.000
01-may-1945,0,1.000
02-may-1945,0,1.300
03-may-1945,0,0.000
04-may-1945,0,3.800
05-may-1945,0,9.700
06-may-1945,0,1.300
07-may-1945,0,0.800
08-may-1945,0,9.700
09-may-1945,0,1.800
10-may-1945,0,0.000
11-may-1945,0,0.800
12-may-1945,0,12.200
13-may-1945,0,17.800
14-may-1945,0,0.800
15-may-1945,0,16.300
16-may-1945,0,64.300
17-may-1945,0,0.000
18-may-1945,0,0.000
19-may-1945,0,12.400
20-may-1945,0,1.800
21-may-1945,0,9.700
22-may-1945,0,3.800
23-may-1945,0,0.000
24-may-1945,0,1.300
25-may-1945,0,4.300
26-may-1945,0,3.600
27-may-1945,0,0.800
28-may-1945,0,1.500
29-may-1945,0,2.500
30-may-1945,0,8.900
31-may-1945,0,21.800
01-jun-1945,0,23.600
02-jun-1945,0,7.600
03-jun-1945,0,8.600
04-jun-1945,0,16.000
05-jun-1945,0,19.600
06-jun-1945,0,15.000
07-jun-1945,0,19.800
08-jun-1945,0,1.500
09-jun-1945,0,8.100
10-jun-1945,0,2.800
11-jun-1945,0,10.900
12-jun-1945,0,0.000
13-jun-1945,0,9.100
14-jun-1945,0,6.600
15-jun-1945,0,1.500
16-jun-1945,0,0.000
17-jun-1945,0,8.600
18-jun-1945,0,0.300
19-jun-1945,0,3.300
20-jun-1945,0,6.400
21-jun-1945,0,2.800
22-jun-1945,0,0.000
23-jun-1945,0,0.800
24-jun-1945,0,0.000
25-jun-1945,0,10.900
26-jun-1945,0,0.000
27-jun-1945,0,11.900
28-jun-1945,0,0.500
29-jun-1945,0,16.800
30-jun-1945,0,11.700
01-jul-1945,0,3.300
02-jul-1945,0,3.000
03-jul-1945,0,1.300
04-jul-1945,0,15.200
05-jul-1945,0,2.300
06-jul-1945,0,2.500
07-jul-1945,0,1.300
08-jul-1945,0,5.100
09-jul-1945,0,4.600
10-jul-1945,0,0.300
11-jul-1945,0,9.400
12-jul-1945,0,2.500
13-jul-1945,0,40.600
14-jul-1945,0,3.800
15-jul-1945,0,0.000
16-jul-1945,0,11.700
17-jul-1945,0,7.100
18-jul-1945,0,13.500
19-jul-1945,0,20.800
20-jul-1945,0,5.300
21-jul-1945,0,17.300
22-jul-1945,0,0.500
23-jul-1945,0,2.000
24-jul-1945,0,0.000
25-jul-1945,0,0.000
26-jul-1945,0,0.000
27-jul-1945,0,2.300
28-jul-1945,0,0.000
29-jul-1945,0,0.000
30-jul-1945,0,0.000
31-jul-1945,0,0.000
01-aug-1945,0,0.000
02-aug-1945,0,0.000
03-aug-1945,0,6.100
04-aug-1945,0,4.600
05-aug-1945,0,6.900
06-aug-1945,0,3.300
07-aug-1945,0,1.000
08-aug-1945,0,0.300
09-aug-1945,0,0.000
10-aug-1945,0,0.000
11-aug-1945,0,0.000
12-aug-1945,0,0.000
13-aug-1945,0,0.000
14-aug-1945,0,10.900
15-aug-1945,0,0.500
16-aug-1945,0,3.600
17-aug-1945,0,0.000
18-aug-1945,0,0.000
19-aug-1945,0,0.000
20-aug-1945,0,30.500
21-aug-1945,0,9.900
22-aug-1945,0,6.100
23-aug-1945,0,13.200
24-aug-1945,0,1.300
25-aug-1945,0,1.000
26-aug-1945,0,0.000
27-aug-1945,0,6.900
28-aug-1945,0,0.300
29-aug-1945,0,1.300
30-aug-1945,0,0.000
31-aug-1945,0,3.000
01-sep-1945,0,0.000
02-sep-1945,0,0.000
03-sep-1945,0,0.000
04-sep-1945,0,0.000
05-sep-1945,0,0.000
06-sep-1945,0,0.000
07-sep-1945,0,0.000
08-sep-1945,0,0.000
09-sep-1945,0,28.400
10-sep-1945,0,0.000
11-sep-1945,0,16.000
12-sep-1945,0,20.300
13-sep-1945,0,13.200
14-sep-1945,0,5.100
15-sep-1945,0,39.600
16-sep-1945,0,7.100
17-sep-1945,0,0.300
18-sep-1945,0,3.000
19-sep-1945,0,0.000
20-sep-1945,0,33.300
21-sep-1945,0,75.400
22-sep-1945,0,16.300
23-sep-1945,0,0.300
24-sep-1945,0,0.000
25-sep-1945,0,0.800
26-sep-1945,0,8.100
27-sep-1945,0,48.300
28-sep-1945,0,0.500
29-sep-1945,0,0.300
30-sep-1945,0,1.000
01-oct-1945,0,0.000
02-oct-1945,0,0.000
03-oct-1945,0,0.000
04-oct-1945,0,12.700
05-oct-1945,0,0.000
06-oct-1945,0,0.000
07-oct-1945,0,0.800
08-oct-1945,0,0.800
09-oct-1945,0,33.500
10-oct-1945,0,1.300
11-oct-1945,0,0.000
12-oct-1945,0,0.000
13-oct-1945,0,0.000
14-oct-1945,0,0.000
15-oct-1945,0,0.000
16-oct-1945,0,0.000
17-oct-1945,0,0.000
18-oct-1945,0,0.000
19-oct-1945,0,5.100
20-oct-1945,0,11.900
21-oct-1945,0,2.300
22-oct-1945,0,18.300
23-oct-1945,0,16.000
24-oct-1945,0,16.500
25-oct-1945,0,18.000
26-oct-1945,0,9.400
27-oct-1945,0,31.500
28-oct-1945,0,0.500
29-oct-1945,0,2.500
30-oct-1945,0,26.700
31-oct-1945,0,6.400
01-nov-1945,0,2.500
02-nov-1945,0,0.000
03-nov-1945,0,0.500
04-nov-1945,0,0.000
05-nov-1945,0,0.000
06-nov-1945,0,0.000
07-nov-1945,0,1.300
08-nov-1945,0,0.300
09-nov-1945,0,0.000
10-nov-1945,0,0.000
11-nov-1945,0,6.400
12-nov-1945,0,1.300
13-nov-1945,0,0.000
14-nov-1945,0,12.400
15-nov-1945,0,25.400
16-nov-1945,0,0.500
17-nov-1945,0,0.000
18-nov-1945,0,0.000
19-nov-1945,0,1.800
20-nov-1945,0,0.500
21-nov-1945,0,0.000
22-nov-1945,0,6.400
23-nov-1945,0,0.000
24-nov-1945,0,0.300
25-nov-1945,0,0.000
26-nov-1945,0,0.000
27-nov-1945,0,2.000
28-nov-1945,0,0.500
29-nov-1945,0,0.500
30-nov-1945,0,2.800
01-dec-1945,0,14.200
02-dec-1945,0,9.400
03-dec-1945,0,34.300
04-dec-1945,0,3.300
05-dec-1945,0,1.300
06-dec-1945,0,62.700
07-dec-1945,0,1.000
08-dec-1945,0,3.000
09-dec-1945,0,1.000
10-dec-1945,0,0.000
11-dec-1945,0,0.000
12-dec-1945,0,0.500
13-dec-1945,0,0.000
14-dec-1945,0,7.100
15-dec-1945,0,12.700
16-dec-1945,0,15.000
17-dec-1945,0,18.500
18-dec-1945,0,26.700
19-dec-1945,0,5.100
20-dec-1945,0,1.300
21-dec-1945,0,6.400
22-dec-1945,0,23.600
23-dec-1945,0,14.000
24-dec-1945,0,9.700
25-dec-1945,0,4.600
26-dec-1945,0,21.100
27-dec-1945,0,9.700
28-dec-1945,0,1.000
29-dec-1945,0,0.300
30-dec-1945,0,18.500
31-dec-1945,0,14.000
01-jan-1946,0,1.800
02-jan-1946,0,0.000
03-jan-1946,0,33.800
04-jan-1946,0,11.400
05-jan-1946,0,1.800
06-jan-1946,0,1.500
07-jan-1946,0,32.500
08-jan-1946,0,44.500
09-jan-1946,0,19.600
10-jan-1946,0,14.700
11-jan-1946,0,5.800
12-jan-1946,0,1.500
13-jan-1946,0,0.000
14-jan-1946,0,0.300
15-jan-1946,0,0.000
16-jan-1946,0,0.000
17-jan-1946,0,0.000
18-jan-1946,0,0.000
19-jan-1946,0,2.800
20-jan-1946,0,5.600
21-jan-1946,0,27.700
22-jan-1946,0,7.900
23-jan-1946,0,18.300
24-jan-1946,0,25.900
25-jan-1946,0,7.400
26-jan-1946,0,5.300
27-jan-1946,0,10.200
28-jan-1946,0,18.800
29-jan-1946,0,23.100
30-jan-1946,0,15.200
31-jan-1946,0,29.700
01-feb-1946,0,19.300
02-feb-1946,0,16.000
03-feb-1946,0,4.100
04-feb-1946,0,6.600
05-feb-1946,0,13.500
06-feb-1946,0,23.400
07-feb-1946,0,15.200
08-feb-1946,0,12.200
09-feb-1946,0,10.900
10-feb-1946,0,2.000
11-feb-1946,0,19.300
12-feb-1946,0,3.000
13-feb-1946,0,0.000
14-feb-1946,0,0.000
15-feb-1946,0,3.000
16-feb-1946,0,1.500
17-feb-1946,0,1.300
18-feb-1946,0,8.100
19-feb-1946,0,3.800
20-feb-1946,0,0.500
21-feb-1946,0,1.000
22-feb-1946,0,30.500
23-feb-1946,0,0.800
24-feb-1946,0,3.000
25-feb-1946,0,0.000
26-feb-1946,0,0.000
27-feb-1946,0,0.000
28-feb-1946,0,0.000
01-mar-1946,0,5.600
02-mar-1946,0,0.300
03-mar-1946,0,0.300
04-mar-1946,0,4.300
05-mar-1946,0,1.000
06-mar-1946,0,0.500
07-mar-1946,0,3.800
08-mar-1946,0,3.000
09-mar-1946,0,3.800
10-mar-1946,0,0.000
11-mar-1946,0,1.300
12-mar-1946,0,15.000
13-mar-1946,0,0.000
14-mar-1946,0,0.800
15-mar-1946,0,11.400
16-mar-1946,0,31.500
17-mar-1946,0,34.800
18-mar-1946,0,44.500
19-mar-1946,0,10.200
20-mar-1946,0,6.100
21-mar-1946,0,1.300
22-mar-1946,0,7.600
23-mar-1946,0,1.300
24-mar-1946,0,0.000
25-mar-1946,0,0.000
26-mar-1946,0,0.000
27-mar-1946,0,0.000
28-mar-1946,0,0.000
29-mar-1946,0,0.000
30-mar-1946,0,0.000
31-mar-1946,0,0.000
01-apr-1946,0,0.000
02-apr-1946,0,0.000
03-apr-1946,0,0.000
04-apr-1946,0,2.000
05-apr-1946,0,0.000
06-apr-1946,0,5.600
07-apr-1946,0,4.300
08-apr-1946,0,0.300
09-apr-1946,0,0.000
10-apr-1946,0,0.000
11-apr-1946,0,0.000
12-apr-1946,0,3.600
13-apr-1946,0,0.800
14-apr-1946,0,0.000
15-apr-1946,0,1.000
16-apr-1946,0,15.000
17-apr-1946,0,9.100
18-apr-1946,0,0.300
19-apr-1946,0,13.000
20-apr-1946,0,2.800
21-apr-1946,0,0.500
22-apr-1946,0,16.800
23-apr-1946,0,3.800
24-apr-1946,0,6.900
25-apr-1946,0,1.800
26-apr-1946,0,3.000
27-apr-1946,0,0.000
28-apr-1946,0,18.800
29-apr-1946,0,4.100
30-apr-1946,0,0.000
01-may-1946,0,0.000
02-may-1946,0,0.000
03-may-1946,0,0.000
04-may-1946,0,0.000
05-may-1946,0,0.000
06-may-1946,0,0.000
07-may-1946,0,0.000
08-may-1946,0,0.000
09-may-1946,0,0.000
10-may-1946,0,0.000
11-may-1946,0,0.000
12-may-1946,0,0.000
13-may-1946,0,0.000
14-may-1946,0,2.300
15-may-1946,0,1.300
16-may-1946,0,2.500
17-may-1946,0,2.000
18-may-1946,0,2.000
19-may-1946,0,0.300
20-may-1946,0,0.300
21-may-1946,0,1.000
22-may-1946,0,0.000
23-may-1946,0,0.000
24-may-1946,0,0.500
25-may-1946,0,0.000
26-may-1946,0,0.000
27-may-1946,0,33.000
28-may-1946,0,31.500
29-may-1946,0,5.300
30-may-1946,0,15.200
31-may-1946,0,1.300
01-jun-1946,0,4.600
02-jun-1946,0,2.800
03-jun-1946,0,16.300
04-jun-1946,0,34.300
05-jun-1946,0,5.100
06-jun-1946,0,1.300
07-jun-1946,0,1.000
08-jun-1946,0,1.800
09-jun-1946,0,8.100
10-jun-1946,0,6.100
11-jun-1946,0,5.100
12-jun-1946,0,0.000
13-jun-1946,0,4.300
14-jun-1946,0,2.000
15-jun-1946,0,2.500
16-jun-1946,0,4.600
17-jun-1946,0,13.200
18-jun-1946,0,9.900
19-jun-1946,0,14.500
20-jun-1946,0,0.800
21-jun-1946,0,0.800
22-jun-1946,0,0.800
23-jun-1946,0,21.600
24-jun-1946,0,1.300
25-jun-1946,0,1.500
26-jun-1946,0,3.000
27-jun-1946,0,14.500
28-jun-1946,0,10.400
29-jun-1946,0,13.700
30-jun-1946,0,0.000
01-jul-1946,0,11.900
02-jul-1946,0,0.800
03-jul-1946,0,5.800
04-jul-1946,0,11.400
05-jul-1946,0,2.300
06-jul-1946,0,0.000
07-jul-1946,0,1.000
08-jul-1946,0,1.300
09-jul-1946,0,0.000
10-jul-1946,0,0.000
11-jul-1946,0,0.000
12-jul-1946,0,1.500
13-jul-1946,0,14.200
14-jul-1946,0,0.000
15-jul-1946,0,4.600
16-jul-1946,0,1.000
17-jul-1946,0,1.300
18-jul-1946,0,0.000
19-jul-1946,0,0.300
20-jul-1946,0,0.300
21-jul-1946,0,5.300
22-jul-1946,0,17.500
23-jul-1946,0,27.900
24-jul-1946,0,4.100
25-jul-1946,0,8.400
26-jul-1946,0,5.600
27-jul-1946,0,6.600
28-jul-1946,0,19.600
29-jul-1946,0,9.100
30-jul-1946,0,1.300
31-jul-1946,0,1.500
01-aug-1946,0,12.200
02-aug-1946,0,3.800
03-aug-1946,0,10.200
04-aug-1946,0,5.600
05-aug-1946,0,9.400
06-aug-1946,0,4.300
07-aug-1946,0,1.300
08-aug-1946,0,7.100
09-aug-1946,0,0.800
10-aug-1946,0,1.300
11-aug-1946,0,11.400
12-aug-1946,0,2.000
13-aug-1946,0,9.900
14-aug-1946,0,0.500
15-aug-1946,0,0.000
16-aug-1946,0,1.800
17-aug-1946,0,5.600
18-aug-1946,0,5.300
19-aug-1946,0,0.500
20-aug-1946,0,3.800
21-aug-1946,0,3.800
22-aug-1946,0,0.500
23-aug-1946,0,15.000
24-aug-1946,0,0.500
25-aug-1946,0,5.600
26-aug-1946,0,3.300
27-aug-1946,0,49.300
28-aug-1946,0,55.400
29-aug-1946,0,24.900
30-aug-1946,0,5.800
31-aug-1946,0,5.100
01-sep-1946,0,0.000
02-sep-1946,0,3.600
03-sep-1946,0,19.100
04-sep-1946,0,0.000
05-sep-1946,0,7.100
06-sep-1946,0,9.400
07-sep-1946,0,13.700
08-sep-1946,0,1.300
09-sep-1946,0,30.500
10-sep-1946,0,16.000
11-sep-1946,0,4.300
12-sep-1946,0,36.600
13-sep-1946,0,4.100
14-sep-1946,0,17.800
15-sep-1946,0,3.800
16-sep-1946,0,15.500
17-sep-1946,0,5.300
18-sep-1946,0,2.500
19-sep-1946,0,19.600
20-sep-1946,0,1.500
21-sep-1946,0,27.200
22-sep-1946,0,0.500
23-sep-1946,0,4.600
24-sep-1946,0,8.900
25-sep-1946,0,10.900
26-sep-1946,0,27.400
27-sep-1946,0,1.300
28-sep-1946,0,1.500
29-sep-1946,0,5.600
30-sep-1946,0,6.900
01-oct-1946,0,10.400
02-oct-1946,0,1.000
03-oct-1946,0,1.800
04-oct-1946,0,2.000
05-oct-1946,0,0.300
06-oct-1946,0,0.000
07-oct-1946,0,0.300
08-oct-1946,0,1.000
09-oct-1946,0,0.000
10-oct-1946,0,0.000
11-oct-1946,0,0.000
12-oct-1946,0,0.000
13-oct-1946,0,0.000
14-oct-1946,0,0.000
15-oct-1946,0,0.000
16-oct-1946,0,0.000
17-oct-1946,0,0.000
18-oct-1946,0,14.000
19-oct-1946,0,5.800
20-oct-1946,0,19.600
21-oct-1946,0,0.000
22-oct-1946,0,0.000
23-oct-1946,0,2.500
24-oct-1946,0,7.900
25-oct-1946,0,23.600
26-oct-1946,0,0.000
27-oct-1946,0,0.500
28-oct-1946,0,0.000
29-oct-1946,0,0.000
30-oct-1946,0,0.000
31-oct-1946,0,0.000
01-nov-1946,0,1.500
02-nov-1946,0,14.000
03-nov-1946,0,18.500
04-nov-1946,0,0.000
05-nov-1946,0,0.000
06-nov-1946,0,0.000
07-nov-1946,0,0.000
08-nov-1946,0,0.000
09-nov-1946,0,0.000
10-nov-1946,0,0.500
11-nov-1946,0,1.000
12-nov-1946,0,12.700
13-nov-1946,0,13.700
14-nov-1946,0,0.000
15-nov-1946,0,0.000
16-nov-1946,0,17.000
17-nov-1946,0,10.200
18-nov-1946,0,4.800
19-nov-1946,0,4.800
20-nov-1946,0,0.000
21-nov-1946,0,15.200
22-nov-1946,0,25.400
23-nov-1946,0,12.700
24-nov-1946,0,25.900
25-nov-1946,0,10.900
26-nov-1946,0,20.300
27-nov-1946,0,7.100
28-nov-1946,0,3.300
29-nov-1946,0,6.600
30-nov-1946,0,5.100
01-dec-1946,0,33.000
02-dec-1946,0,16.000
03-dec-1946,0,7.600
04-dec-1946,0,20.800
05-dec-1946,0,6.900
06-dec-1946,0,24.900
07-dec-1946,0,25.400
08-dec-1946,0,9.400
09-dec-1946,0,6.100
10-dec-1946,0,48.300
11-dec-1946,0,8.100
12-dec-1946,0,6.900
13-dec-1946,0,27.900
14-dec-1946,0,3.300
15-dec-1946,0,0.000
16-dec-1946,0,0.000
17-dec-1946,0,0.000
18-dec-1946,0,0.000
19-dec-1946,0,0.000
20-dec-1946,0,2.300
21-dec-1946,0,26.700
22-dec-1946,0,0.000
23-dec-1946,0,1.000
24-dec-1946,0,31.000
25-dec-1946,0,17.000
26-dec-1946,0,18.000
27-dec-1946,0,4.300
28-dec-1946,0,1.000
29-dec-1946,0,4.600
30-dec-1946,0,24.600
31-dec-1946,0,10.200
01-jan-1947,0,6.100
02-jan-1947,0,25.400
03-jan-1947,0,5.100
04-jan-1947,0,0.000
05-jan-1947,0,16.000
06-jan-1947,0,14.000
07-jan-1947,0,41.700
08-jan-1947,0,14.700
09-jan-1947,0,5.800
10-jan-1947,0,28.700
11-jan-1947,0,3.600
12-jan-1947,0,26.700
13-jan-1947,0,10.200
14-jan-1947,0,31.800
15-jan-1947,0,4.100
16-jan-1947,0,6.400
17-jan-1947,0,0.000
18-jan-1947,0,1.800
19-jan-1947,0,0.000
20-jan-1947,0,0.000
21-jan-1947,0,1.800
22-jan-1947,0,0.000
23-jan-1947,0,0.000
24-jan-1947,0,0.000
25-jan-1947,0,0.000
26-jan-1947,0,0.000
27-jan-1947,0,0.000
28-jan-1947,0,0.000
29-jan-1947,0,0.000
30-jan-1947,0,0.000
31-jan-1947,0,0.000
01-feb-1947,1,20.800
02-feb-1947,1,13.200
03-feb-1947,0,0.000
04-feb-1947,0,0.000
05-feb-1947,0,0.000
06-feb-1947,0,0.000
07-feb-1947,0,0.000
08-feb-1947,0,3.300
09-feb-1947,0,1.300
10-feb-1947,0,3.800
11-feb-1947,0,1.000
12-feb-1947,0,0.000
13-feb-1947,0,0.000
14-feb-1947,0,0.500
15-feb-1947,0,0.000
16-feb-1947,0,0.000
17-feb-1947,0,0.000
18-feb-1947,0,0.000
19-feb-1947,0,0.000
20-feb-1947,0,0.000
21-feb-1947,0,0.000
22-feb-1947,0,3.000
23-feb-1947,0,1.000
24-feb-1947,0,38.100
25-feb-1947,0,36.800
26-feb-1947,0,2.500
27-feb-1947,0,2.000
28-feb-1947,0,0.000
01-mar-1947,0,0.000
02-mar-1947,0,0.000
03-mar-1947,0,0.000
04-mar-1947,0,0.000
05-mar-1947,0,0.000
06-mar-1947,0,3.800
07-mar-1947,0,4.800
08-mar-1947,0,3.000
09-mar-1947,0,12.400
10-mar-1947,0,5.100
11-mar-1947,0,5.300
12-mar-1947,0,51.600
13-mar-1947,0,6.100
14-mar-1947,0,4.600
15-mar-1947,0,18.000
16-mar-1947,0,7.600
17-mar-1947,0,16.000
18-mar-1947,0,3.600
19-mar-1947,0,1.300
20-mar-1947,0,18.500
21-mar-1947,0,4.100
22-mar-1947,0,7.600
23-mar-1947,0,17.800
24-mar-1947,0,3.000
25-mar-1947,0,27.900
26-mar-1947,0,4.100
27-mar-1947,0,4.600
28-mar-1947,0,0.500
29-mar-1947,0,0.500
30-mar-1947,0,6.400
31-mar-1947,0,11.900
01-apr-1947,0,0.000
02-apr-1947,0,0.000
03-apr-1947,0,0.800
04-apr-1947,0,63.500
05-apr-1947,0,10.400
06-apr-1947,0,0.300
07-apr-1947,0,0.800
08-apr-1947,0,3.000
09-apr-1947,0,0.800
10-apr-1947,0,0.000
11-apr-1947,0,5.800
12-apr-1947,0,0.000
13-apr-1947,0,3.600
14-apr-1947,0,4.300
15-apr-1947,0,1.800
16-apr-1947,0,2.000
17-apr-1947,0,0.300
18-apr-1947,0,3.300
19-apr-1947,0,41.100
20-apr-1947,0,7.900
21-apr-1947,0,16.500
22-apr-1947,0,17.800
23-apr-1947,0,21.600
24-apr-1947,0,26.700
25-apr-1947,0,1.000
26-apr-1947,0,26.400
27-apr-1947,0,12.700
28-apr-1947,0,6.400
29-apr-1947,0,15.500
30-apr-1947,0,3.800
01-may-1947,0,1.800
02-may-1947,0,1.300
03-may-1947,0,9.400
04-may-1947,0,7.100
05-may-1947,0,3.300
06-may-1947,0,0.300
07-may-1947,0,13.200
08-may-1947,0,0.000
09-may-1947,0,8.400
10-may-1947,0,0.500
11-may-1947,0,0.000
12-may-1947,0,0.000
13-may-1947,0,3.000
14-may-1947,0,10.900
15-may-1947,0,0.000
16-may-1947,0,4.100
17-may-1947,0,1.800
18-may-1947,0,0.000
19-may-1947,0,0.000
20-may-1947,0,0.000
21-may-1947,0,3.600
22-may-1947,0,7.900
23-may-1947,0,0.300
24-may-1947,0,18.300
25-may-1947,0,9.700
26-may-1947,0,10.200
27-may-1947,0,0.000
28-may-1947,0,0.800
29-may-1947,0,0.000
30-may-1947,0,6.900
31-may-1947,0,7.100
01-jun-1947,0,0.000
02-jun-1947,0,0.300
03-jun-1947,0,0.000
04-jun-1947,0,3.300
05-jun-1947,0,16.500
06-jun-1947,0,10.200
07-jun-1947,0,8.400
08-jun-1947,0,5.600
09-jun-1947,0,3.300
10-jun-1947,0,0.000
11-jun-1947,0,0.000
12-jun-1947,0,0.000
13-jun-1947,0,0.000
14-jun-1947,0,1.500
15-jun-1947,0,0.300
16-jun-1947,0,28.400
17-jun-1947,0,9.400
18-jun-1947,0,4.600
19-jun-1947,0,7.100
20-jun-1947,0,1.500
21-jun-1947,0,0.000
22-jun-1947,0,6.600
23-jun-1947,0,1.800
24-jun-1947,0,1.300
25-jun-1947,0,3.800
26-jun-1947,0,1.500
27-jun-1947,0,0.300
28-jun-1947,0,32.000
29-jun-1947,0,0.300
30-jun-1947,0,0.500
01-jul-1947,0,2.500
02-jul-1947,0,0.300
03-jul-1947,0,1.800
04-jul-1947,0,9.100
05-jul-1947,0,1.300
06-jul-1947,0,10.200
07-jul-1947,0,31.200
08-jul-1947,0,4.300
09-jul-1947,0,3.000
10-jul-1947,0,12.200
11-jul-1947,0,1.000
12-jul-1947,0,0.500
13-jul-1947,0,1.300
14-jul-1947,0,0.000
15-jul-1947,0,9.100
16-jul-1947,0,0.000
17-jul-1947,0,0.500
18-jul-1947,0,3.300
19-jul-1947,0,5.600
20-jul-1947,0,18.300
21-jul-1947,0,0.300
22-jul-1947,0,7.100
23-jul-1947,0,7.100
24-jul-1947,0,0.300
25-jul-1947,0,27.900
26-jul-1947,0,2.300
27-jul-1947,0,8.400
28-jul-1947,0,1.300
29-jul-1947,0,0.800
30-jul-1947,0,4.100
31-jul-1947,0,0.000
01-aug-1947,0,12.700
02-aug-1947,0,30.000
03-aug-1947,0,0.500
04-aug-1947,0,0.000
05-aug-1947,0,1.000
06-aug-1947,0,0.000
07-aug-1947,0,0.000
08-aug-1947,0,0.000
09-aug-1947,0,8.400
10-aug-1947,0,0.000
11-aug-1947,0,0.000
12-aug-1947,0,0.000
13-aug-1947,0,0.000
14-aug-1947,0,0.000
15-aug-1947,0,0.000
16-aug-1947,0,0.000
17-aug-1947,0,0.000
18-aug-1947,0,0.000
19-aug-1947,0,0.000
20-aug-1947,0,0.000
21-aug-1947,0,0.000
22-aug-1947,0,0.000
23-aug-1947,0,0.000
24-aug-1947,0,0.000
25-aug-1947,0,0.000
26-aug-1947,0,0.000
27-aug-1947,0,0.000
28-aug-1947,0,0.000
29-aug-1947,0,0.000
30-aug-1947,0,0.000
31-aug-1947,0,0.000
01-sep-1947,0,0.000
02-sep-1947,0,0.000
03-sep-1947,0,1.000
04-sep-1947,0,6.100
05-sep-1947,0,0.800
06-sep-1947,0,2.800
07-sep-1947,0,0.800
08-sep-1947,0,19.100
09-sep-1947,0,7.600
10-sep-1947,0,36.800
11-sep-1947,0,3.000
12-sep-1947,0,21.600
13-sep-1947,0,33.000
14-sep-1947,0,11.900
15-sep-1947,0,12.700
16-sep-1947,0,2.300
17-sep-1947,0,5.600
18-sep-1947,0,0.800
19-sep-1947,0,10.200
20-sep-1947,0,2.500
21-sep-1947,0,0.000
22-sep-1947,0,16.300
23-sep-1947,0,2.000
24-sep-1947,0,1.000
25-sep-1947,0,1.500
26-sep-1947,0,0.000
27-sep-1947,0,6.900
28-sep-1947,0,2.800
29-sep-1947,0,0.000
30-sep-1947,0,0.000
01-oct-1947,0,0.000
02-oct-1947,0,0.000
03-oct-1947,0,0.000
04-oct-1947,0,0.000
05-oct-1947,0,0.000
06-oct-1947,0,3.800
07-oct-1947,0,14.500
08-oct-1947,0,9.100
09-oct-1947,0,5.100
10-oct-1947,0,9.400
11-oct-1947,0,30.200
12-oct-1947,0,3.800
13-oct-1947,0,0.500
14-oct-1947,0,6.400
15-oct-1947,0,5.300
16-oct-1947,0,1.500
17-oct-1947,0,1.000
18-oct-1947,0,0.000
19-oct-1947,0,0.000
20-oct-1947,0,0.000
21-oct-1947,0,29.700
22-oct-1947,0,19.100
23-oct-1947,0,4.100
24-oct-1947,0,2.800
25-oct-1947,0,0.000
26-oct-1947,0,0.000
27-oct-1947,0,0.000
28-oct-1947,0,0.000
29-oct-1947,0,1.000
30-oct-1947,0,0.000
31-oct-1947,0,7.900
01-nov-1947,0,32.500
02-nov-1947,0,21.600
03-nov-1947,0,3.300
04-nov-1947,0,0.500
05-nov-1947,0,0.300
06-nov-1947,0,3.800
07-nov-1947,0,23.900
08-nov-1947,0,47.000
09-nov-1947,0,8.400
10-nov-1947,0,41.900
11-nov-1947,0,38.100
12-nov-1947,0,6.100
13-nov-1947,0,8.100
14-nov-1947,0,8.400
15-nov-1947,0,1.300
16-nov-1947,0,1.800
17-nov-1947,0,9.900
18-nov-1947,0,6.900
19-nov-1947,0,13.200
20-nov-1947,0,42.400
21-nov-1947,0,27.200
22-nov-1947,0,10.200
23-nov-1947,0,5.800
24-nov-1947,0,10.700
25-nov-1947,0,1.300
26-nov-1947,0,3.300
27-nov-1947,0,15.200
28-nov-1947,0,0.000
29-nov-1947,0,0.000
30-nov-1947,0,0.000
01-dec-1947,0,0.300
02-dec-1947,0,17.300
03-dec-1947,0,19.800
04-dec-1947,0,10.200
05-dec-1947,0,14.000
06-dec-1947,0,0.800
07-dec-1947,0,14.700
08-dec-1947,0,3.600
09-dec-1947,0,0.000
10-dec-1947,0,4.600
11-dec-1947,0,11.900
12-dec-1947,0,0.000
13-dec-1947,0,0.000
14-dec-1947,0,0.000
15-dec-1947,0,0.000
16-dec-1947,0,0.000
17-dec-1947,0,0.000
18-dec-1947,0,0.500
19-dec-1947,0,1.000
20-dec-1947,0,1.000
21-dec-1947,0,1.300
22-dec-1947,0,4.600
23-dec-1947,0,8.900
24-dec-1947,0,3.800
25-dec-1947,0,16.500
26-dec-1947,0,23.600
27-dec-1947,0,12.700
28-dec-1947,0,10.400
29-dec-1947,0,8.400
30-dec-1947,0,3.000
31-dec-1947,0,17.800
01-jan-1948,0,11.900
02-jan-1948,0,3.600
03-jan-1948,0,6.400
04-jan-1948,0,0.800
05-jan-1948,0,2.500
06-jan-1948,0,17.000
07-jan-1948,0,8.900
08-jan-1948,0,3.600
09-jan-1948,0,2.800
10-jan-1948,0,23.400
11-jan-1948,0,5.800
12-jan-1948,0,17.300
13-jan-1948,0,10.400
14-jan-1948,0,16.800
15-jan-1948,0,1.000
16-jan-1948,0,23.400
17-jan-1948,0,16.500
18-jan-1948,0,15.700
19-jan-1948,0,8.100
20-jan-1948,0,4.800
21-jan-1948,0,8.900
22-jan-1948,0,0.300
23-jan-1948,0,0.000
24-jan-1948,0,0.000
25-jan-1948,0,28.400
26-jan-1948,0,3.000
27-jan-1948,0,0.800
28-jan-1948,0,1.000
29-jan-1948,0,17.300
30-jan-1948,0,9.700
31-jan-1948,0,1.000
01-feb-1948,0,38.100
02-feb-1948,0,6.100
03-feb-1948,0,7.600
04-feb-1948,0,7.400
05-feb-1948,0,8.900
06-feb-1948,0,14.500
07-feb-1948,0,18.500
08-feb-1948,0,6.400
09-feb-1948,0,6.900
10-feb-1948,0,14.000
11-feb-1948,0,14.000
12-feb-1948,0,4.600
13-feb-1948,0,6.900
14-feb-1948,0,4.600
15-feb-1948,0,0.000
16-feb-1948,0,1.000
17-feb-1948,0,1.500
18-feb-1948,0,0.000
19-feb-1948,0,0.000
20-feb-1948,0,0.000
21-feb-1948,0,0.000
22-feb-1948,0,0.000
23-feb-1948,0,0.000
24-feb-1948,0,0.000
25-feb-1948,0,0.000
26-feb-1948,0,0.000
27-feb-1948,0,0.000
28-feb-1948,0,0.000
29-feb-1948,0,0.000
01-mar-1948,0,0.800
02-mar-1948,0,0.000
03-mar-1948,0,0.000
04-mar-1948,0,0.000
05-mar-1948,0,0.000
06-mar-1948,0,14.700
07-mar-1948,0,28.700
08-mar-1948,0,0.300
09-mar-1948,0,1.300
10-mar-1948,0,0.000
11-mar-1948,0,0.000
12-mar-1948,0,0.000
13-mar-1948,0,0.000
14-mar-1948,0,10.200
15-mar-1948,0,3.600
16-mar-1948,0,2.300
17-mar-1948,0,9.400
18-mar-1948,0,19.600
19-mar-1948,0,1.500
20-mar-1948,0,5.100
21-mar-1948,0,1.300
22-mar-1948,0,0.000
23-mar-1948,0,0.000
24-mar-1948,0,0.000
25-mar-1948,0,0.000
26-mar-1948,0,0.000
27-mar-1948,0,0.000
28-mar-1948,0,12.400
29-mar-1948,0,3.300
30-mar-1948,0,21.100
31-mar-1948,0,25.400
01-apr-1948,0,7.900
02-apr-1948,0,4.300
03-apr-1948,0,9.700
04-apr-1948,0,3.300
05-apr-1948,0,8.100
06-apr-1948,0,3.300
07-apr-1948,0,12.200
08-apr-1948,0,1.500
09-apr-1948,0,0.300
10-apr-1948,0,3.000
11-apr-1948,0,0.800
12-apr-1948,0,0.000
13-apr-1948,0,3.800
14-apr-1948,0,0.000
15-apr-1948,0,0.000
16-apr-1948,0,0.000
17-apr-1948,0,1.000
18-apr-1948,0,0.000
19-apr-1948,0,0.000
20-apr-1948,0,0.500
21-apr-1948,0,26.200
22-apr-1948,0,17.800
23-apr-1948,0,3.000
24-apr-1948,0,0.000
25-apr-1948,0,0.000
26-apr-1948,0,0.000
27-apr-1948,0,16.800
28-apr-1948,0,3.300
29-apr-1948,0,0.000
30-apr-1948,0,5.100
01-may-1948,0,1.500
02-may-1948,0,1.300
03-may-1948,0,17.300
04-may-1948,0,2.500
05-may-1948,0,1.500
06-may-1948,0,0.300
07-may-1948,0,0.000
08-may-1948,0,0.000
09-may-1948,0,0.000
10-may-1948,0,1.300
11-may-1948,0,0.000
12-may-1948,0,1.300
13-may-1948,0,5.800
14-may-1948,0,0.300
15-may-1948,0,0.000
16-may-1948,0,0.000
17-may-1948,0,0.000
18-may-1948,0,0.000
19-may-1948,0,0.000
20-may-1948,0,0.000
21-may-1948,0,0.000
22-may-1948,0,3.300
23-may-1948,0,2.000
24-may-1948,0,0.800
25-may-1948,0,0.000
26-may-1948,0,0.000
27-may-1948,0,0.000
28-may-1948,0,20.300
29-may-1948,0,10.400
30-may-1948,0,7.100
31-may-1948,0,5.100
01-jun-1948,0,12.700
02-jun-1948,0,5.300
03-jun-1948,0,10.400
04-jun-1948,0,15.500
05-jun-1948,0,12.200
06-jun-1948,0,2.500
07-jun-1948,0,2.000
08-jun-1948,0,0.000
09-jun-1948,0,0.000
10-jun-1948,0,0.000
11-jun-1948,0,0.800
12-jun-1948,0,0.500
13-jun-1948,0,0.800
14-jun-1948,0,0.800
15-jun-1948,0,3.300
16-jun-1948,0,5.100
17-jun-1948,0,21.100
18-jun-1948,0,3.800
19-jun-1948,0,0.500
20-jun-1948,0,4.100
21-jun-1948,0,8.400
22-jun-1948,0,1.500
23-jun-1948,0,0.300
24-jun-1948,0,0.000
25-jun-1948,0,2.500
26-jun-1948,0,7.600
27-jun-1948,0,4.100
28-jun-1948,0,0.800
29-jun-1948,0,0.300
30-jun-1948,0,0.800
01-jul-1948,0,0.000
02-jul-1948,0,1.300
03-jul-1948,0,29.200
04-jul-1948,0,0.000
05-jul-1948,0,0.300
06-jul-1948,0,0.000
07-jul-1948,0,0.000
08-jul-1948,0,0.000
09-jul-1948,0,0.000
10-jul-1948,0,6.100
11-jul-1948,0,0.300
12-jul-1948,0,4.300
13-jul-1948,0,0.500
14-jul-1948,0,0.800
15-jul-1948,0,0.000
16-jul-1948,0,0.000
17-jul-1948,0,13.200
18-jul-1948,0,6.100
19-jul-1948,0,4.100
20-jul-1948,0,30.500
21-jul-1948,0,4.600
22-jul-1948,0,2.000
23-jul-1948,0,10.900
24-jul-1948,0,30.200
25-jul-1948,0,30.500
26-jul-1948,0,0.500
27-jul-1948,0,0.000
28-jul-1948,0,0.000
29-jul-1948,0,1.300
30-jul-1948,0,0.000
31-jul-1948,0,0.500
01-aug-1948,0,0.300
02-aug-1948,0,0.000
03-aug-1948,0,0.000
04-aug-1948,0,0.000
05-aug-1948,0,4.300
06-aug-1948,0,34.500
07-aug-1948,0,6.900
08-aug-1948,0,1.300
09-aug-1948,0,0.000
10-aug-1948,0,2.500
11-aug-1948,0,1.000
12-aug-1948,0,1.300
13-aug-1948,0,0.000
14-aug-1948,0,23.600
15-aug-1948,0,61.000
16-aug-1948,0,1.500
17-aug-1948,0,0.300
18-aug-1948,0,0.000
19-aug-1948,0,0.800
20-aug-1948,0,17.000
21-aug-1948,0,15.500
22-aug-1948,0,3.800
23-aug-1948,0,0.800
24-aug-1948,0,26.200
25-aug-1948,0,3.300
26-aug-1948,0,0.000
27-aug-1948,0,0.000
28-aug-1948,0,9.100
29-aug-1948,0,7.900
30-aug-1948,0,15.200
31-aug-1948,0,7.100
01-sep-1948,0,10.200
02-sep-1948,0,24.100
03-sep-1948,0,15.200
04-sep-1948,0,2.500
05-sep-1948,0,2.500
06-sep-1948,0,33.500
07-sep-1948,0,6.900
08-sep-1948,0,5.600
09-sep-1948,0,8.600
10-sep-1948,0,6.400
11-sep-1948,0,15.500
12-sep-1948,0,1.500
13-sep-1948,0,5.100
14-sep-1948,0,15.200
15-sep-1948,0,0.500
16-sep-1948,0,0.000
17-sep-1948,0,6.400
18-sep-1948,0,17.800
19-sep-1948,0,5.800
20-sep-1948,0,0.000
21-sep-1948,0,1.800
22-sep-1948,0,5.100
23-sep-1948,0,1.000
24-sep-1948,0,0.000
25-sep-1948,0,40.100
26-sep-1948,0,6.100
27-sep-1948,0,6.400
28-sep-1948,0,3.800
29-sep-1948,0,3.000
30-sep-1948,0,10.200
01-oct-1948,0,8.400
02-oct-1948,0,1.000
03-oct-1948,0,3.300
04-oct-1948,0,1.800
05-oct-1948,0,0.000
06-oct-1948,0,0.800
07-oct-1948,0,0.000
08-oct-1948,0,69.600
09-oct-1948,0,27.400
10-oct-1948,0,1.300
11-oct-1948,0,6.400
12-oct-1948,0,20.300
13-oct-1948,0,28.700
14-oct-1948,0,6.400
15-oct-1948,0,2.000
16-oct-1948,0,7.600
17-oct-1948,0,6.600
18-oct-1948,0,21.800
19-oct-1948,0,1.500
20-oct-1948,0,17.000
21-oct-1948,0,7.600
22-oct-1948,0,0.800
23-oct-1948,0,2.500
24-oct-1948,0,11.200
25-oct-1948,0,7.600
26-oct-1948,0,3.600
27-oct-1948,0,1.300
28-oct-1948,0,0.300
29-oct-1948,0,2.300
30-oct-1948,0,0.500
31-oct-1948,0,8.400
01-nov-1948,0,2.500
02-nov-1948,0,14.500
03-nov-1948,0,13.200
04-nov-1948,0,13.500
05-nov-1948,0,5.800
06-nov-1948,0,0.300
07-nov-1948,0,0.000
08-nov-1948,0,0.000
09-nov-1948,0,0.000
10-nov-1948,0,0.000
11-nov-1948,0,2.500
12-nov-1948,0,8.100
13-nov-1948,0,8.900
14-nov-1948,0,43.700
15-nov-1948,0,6.400
16-nov-1948,0,1.500
17-nov-1948,0,33.000
18-nov-1948,0,11.700
19-nov-1948,0,5.600
20-nov-1948,0,15.700
21-nov-1948,0,0.000
22-nov-1948,0,0.000
23-nov-1948,0,0.000
24-nov-1948,0,0.000
25-nov-1948,0,2.500
26-nov-1948,0,1.300
27-nov-1948,0,2.000
28-nov-1948,0,0.000
29-nov-1948,0,0.000
30-nov-1948,0,0.000
01-dec-1948,0,46.200
02-dec-1948,0,5.600
03-dec-1948,0,4.300
04-dec-1948,0,24.600
05-dec-1948,0,13.000
06-dec-1948,0,19.100
07-dec-1948,0,23.900
08-dec-1948,0,17.800
09-dec-1948,0,3.600
10-dec-1948,0,24.100
11-dec-1948,0,2.300
12-dec-1948,0,6.400
13-dec-1948,0,18.000
14-dec-1948,0,17.800
15-dec-1948,0,5.100
16-dec-1948,0,0.300
17-dec-1948,0,0.000
18-dec-1948,0,0.000
19-dec-1948,0,0.000
20-dec-1948,0,0.000
21-dec-1948,0,0.000
22-dec-1948,0,0.000
23-dec-1948,0,0.000
24-dec-1948,0,0.000
25-dec-1948,0,5.600
26-dec-1948,0,24.600
27-dec-1948,0,13.500
28-dec-1948,0,27.400
29-dec-1948,0,12.200
30-dec-1948,0,10.200
31-dec-1948,0,25.400
01-jan-1949,0,25.900
02-jan-1949,0,4.600
03-jan-1949,0,31.500
04-jan-1949,0,2.500
05-jan-1949,0,19.100
06-jan-1949,0,27.700
07-jan-1949,0,19.600
08-jan-1949,0,5.100
09-jan-1949,0,0.800
10-jan-1949,0,7.600
11-jan-1949,0,5.100
12-jan-1949,0,1.500
13-jan-1949,0,11.900
14-jan-1949,0,15.200
15-jan-1949,0,17.800
16-jan-1949,0,6.400
17-jan-1949,0,3.800
18-jan-1949,0,18.500
19-jan-1949,0,11.700
20-jan-1949,0,6.400
21-jan-1949,0,1.800
22-jan-1949,0,10.200
23-jan-1949,0,9.100
24-jan-1949,0,0.300
25-jan-1949,0,24.100
26-jan-1949,0,31.800
27-jan-1949,0,0.300
28-jan-1949,0,1.300
29-jan-1949,0,2.000
30-jan-1949,0,0.000
31-jan-1949,0,0.000
01-feb-1949,0,0.000
02-feb-1949,0,0.000
03-feb-1949,0,0.000
04-feb-1949,0,0.000
05-feb-1949,0,0.000
06-feb-1949,0,15.200
07-feb-1949,0,14.000
08-feb-1949,0,25.700
09-feb-1949,0,8.900
10-feb-1949,0,8.400
11-feb-1949,0,15.000
12-feb-1949,0,0.500
13-feb-1949,0,2.800
14-feb-1949,0,10.400
15-feb-1949,0,2.500
16-feb-1949,0,1.500
17-feb-1949,0,1.300
18-feb-1949,0,10.900
19-feb-1949,0,21.100
20-feb-1949,0,9.100
21-feb-1949,0,19.800
22-feb-1949,0,17.300
23-feb-1949,0,1.000
24-feb-1949,0,1.300
25-feb-1949,0,12.700
26-feb-1949,0,4.100
27-feb-1949,0,1.800
28-feb-1949,0,1.800
01-mar-1949,0,0.000
02-mar-1949,0,0.000
03-mar-1949,0,11.900
04-mar-1949,0,10.200
05-mar-1949,0,1.300
06-mar-1949,0,14.500
07-mar-1949,0,1.300
08-mar-1949,0,1.500
09-mar-1949,0,0.000
10-mar-1949,0,5.800
11-mar-1949,0,23.600
12-mar-1949,0,3.800
13-mar-1949,0,16.500
14-mar-1949,0,7.100
15-mar-1949,0,6.900
16-mar-1949,0,0.800
17-mar-1949,0,0.500
18-mar-1949,0,0.000
19-mar-1949,0,0.500
20-mar-1949,0,5.800
21-mar-1949,0,1.000
22-mar-1949,0,0.000
23-mar-1949,0,0.000
24-mar-1949,0,0.000
25-mar-1949,0,0.000
26-mar-1949,0,0.000
27-mar-1949,0,0.000
28-mar-1949,0,0.000
29-mar-1949,0,0.000
30-mar-1949,0,0.000
31-mar-1949,0,0.000
01-apr-1949,0,13.700
02-apr-1949,0,22.900
03-apr-1949,0,21.100
04-apr-1949,0,5.800
05-apr-1949,0,9.100
06-apr-1949,0,2.800
07-apr-1949,0,6.600
08-apr-1949,0,0.500
09-apr-1949,0,13.700
10-apr-1949,0,14.500
11-apr-1949,0,24.100
12-apr-1949,0,9.100
13-apr-1949,0,0.300
14-apr-1949,0,9.900
15-apr-1949,0,0.000
16-apr-1949,0,0.000
17-apr-1949,0,0.000
18-apr-1949,0,8.600
19-apr-1949,0,2.500
20-apr-1949,0,21.600
21-apr-1949,0,5.600
22-apr-1949,0,0.500
23-apr-1949,0,12.200
24-apr-1949,0,22.600
25-apr-1949,0,6.400
26-apr-1949,0,13.200
27-apr-1949,0,0.500
28-apr-1949,0,1.300
29-apr-1949,0,1.300
30-apr-1949,0,0.000
01-may-1949,1,0.000
02-may-1949,1,0.000
03-may-1949,1,0.000
04-may-1949,1,15.300
05-may-1949,1,3.500
06-may-1949,1,2.500
07-may-1949,1,0.000
08-may-1949,1,0.000
09-may-1949,1,0.000
10-may-1949,1,0.000
11-may-1949,1,0.000
12-may-1949,1,0.000
13-may-1949,1,1.500
14-may-1949,1,0.000
15-may-1949,1,0.300
16-may-1949,1,4.200
17-may-1949,1,6.100
18-may-1949,1,7.600
19-may-1949,1,0.000
20-may-1949,1,0.500
21-may-1949,1,23.700
22-may-1949,1,16.400
23-may-1949,1,11.300
24-may-1949,1,17.900
25-may-1949,1,10.900
26-may-1949,1,19.700
27-may-1949,1,4.000
28-may-1949,1,12.000
29-may-1949,1,9.000
30-may-1949,1,4.700
31-may-1949,1,13.800
01-jun-1949,1,4.700
02-jun-1949,1,14.000
03-jun-1949,1,3.500
04-jun-1949,1,1.000
05-jun-1949,1,10.800
06-jun-1949,1,7.500
07-jun-1949,1,2.100
08-jun-1949,1,0.900
09-jun-1949,1,0.500
10-jun-1949,1,12.600
11-jun-1949,1,0.700
12-jun-1949,1,1.700
13-jun-1949,1,0.000
14-jun-1949,1,0.400
15-jun-1949,1,0.000
16-jun-1949,1,0.000
17-jun-1949,1,0.000
18-jun-1949,1,0.000
19-jun-1949,1,0.000
20-jun-1949,1,0.000
21-jun-1949,1,0.000
22-jun-1949,1,0.000
23-jun-1949,1,0.000
24-jun-1949,1,0.000
25-jun-1949,1,0.000
26-jun-1949,1,2.600
27-jun-1949,1,4.100
28-jun-1949,1,0.100
29-jun-1949,1,3.300
30-jun-1949,1,0.000
01-jul-1949,1,0.000
02-jul-1949,1,0.000
03-jul-1949,1,1.200
04-jul-1949,1,7.600
05-jul-1949,1,0.000
06-jul-1949,1,0.100
07-jul-1949,1,1.100
08-jul-1949,1,1.100
09-jul-1949,1,0.000
10-jul-1949,1,0.000
11-jul-1949,1,0.000
12-jul-1949,1,0.000
13-jul-1949,1,8.300
14-jul-1949,1,3.500
15-jul-1949,1,3.000
16-jul-1949,1,1.100
17-jul-1949,1,1.000
18-jul-1949,1,0.700
19-jul-1949,1,38.200
20-jul-1949,1,10.500
21-jul-1949,1,0.600
22-jul-1949,1,2.400
23-jul-1949,1,0.300
24-jul-1949,1,0.500
25-jul-1949,1,5.400
26-jul-1949,1,0.800
27-jul-1949,1,1.700
28-jul-1949,1,2.700
29-jul-1949,1,5.800
30-jul-1949,1,7.400
31-jul-1949,1,3.100
01-aug-1949,1,31.800
02-aug-1949,1,3.800
03-aug-1949,1,1.800
04-aug-1949,1,48.300
05-aug-1949,1,1.700
06-aug-1949,1,4.400
07-aug-1949,1,18.700
08-aug-1949,1,10.600
09-aug-1949,1,14.900
10-aug-1949,1,15.500
11-aug-1949,1,1.000
12-aug-1949,1,0.600
13-aug-1949,1,1.800
14-aug-1949,1,1.600
15-aug-1949,1,12.600
16-aug-1949,1,0.200
17-aug-1949,1,16.000
18-aug-1949,1,1.400
19-aug-1949,1,1.000
20-aug-1949,1,0.000
21-aug-1949,1,0.000
22-aug-1949,1,0.500
23-aug-1949,1,0.000
24-aug-1949,1,0.000
25-aug-1949,1,0.100
26-aug-1949,1,7.600
27-aug-1949,1,0.500
28-aug-1949,1,16.200
29-aug-1949,1,2.100
30-aug-1949,1,24.300
31-aug-1949,1,5.300
01-sep-1949,1,15.200
02-sep-1949,1,2.500
03-sep-1949,1,2.300
04-sep-1949,1,20.000
05-sep-1949,1,15.000
06-sep-1949,1,2.100
07-sep-1949,1,3.900
08-sep-1949,1,21.000
09-sep-1949,1,16.800
10-sep-1949,1,0.500
11-sep-1949,1,0.100
12-sep-1949,1,0.000
13-sep-1949,1,0.000
14-sep-1949,1,0.000
15-sep-1949,1,0.500
16-sep-1949,1,0.000
17-sep-1949,1,0.000
18-sep-1949,1,0.000
19-sep-1949,1,0.000
20-sep-1949,1,0.000
21-sep-1949,1,8.800
22-sep-1949,1,7.400
23-sep-1949,1,0.100
24-sep-1949,1,13.500
25-sep-1949,1,0.000
26-sep-1949,1,0.000
27-sep-1949,1,0.000
28-sep-1949,1,0.000
29-sep-1949,1,0.100
30-sep-1949,1,0.000
01-oct-1949,1,0.100
02-oct-1949,1,10.500
03-oct-1949,1,0.600
04-oct-1949,1,0.700
05-oct-1949,1,1.900
06-oct-1949,1,10.800
07-oct-1949,1,4.700
08-oct-1949,1,1.100
09-oct-1949,1,0.000
10-oct-1949,1,10.300
11-oct-1949,1,4.200
12-oct-1949,1,6.900
13-oct-1949,1,4.900
14-oct-1949,1,22.300
15-oct-1949,1,6.700
16-oct-1949,1,11.400
17-oct-1949,1,51.600
18-oct-1949,1,14.600
19-oct-1949,1,13.600
20-oct-1949,1,17.800
21-oct-1949,1,14.600
22-oct-1949,1,7.200
23-oct-1949,1,6.100
24-oct-1949,1,41.600
25-oct-1949,1,25.500
26-oct-1949,1,1.200
27-oct-1949,1,15.600
28-oct-1949,1,1.900
29-oct-1949,1,20.400
30-oct-1949,1,4.600
31-oct-1949,1,18.400
01-nov-1949,1,8.900
02-nov-1949,1,5.500
03-nov-1949,1,8.600
04-nov-1949,1,36.300
05-nov-1949,1,8.500
06-nov-1949,1,9.200
07-nov-1949,1,9.800
08-nov-1949,1,40.100
09-nov-1949,1,12.000
10-nov-1949,1,8.000
11-nov-1949,1,18.400
12-nov-1949,1,22.000
13-nov-1949,1,18.400
14-nov-1949,1,13.200
15-nov-1949,1,23.200
16-nov-1949,1,29.600
17-nov-1949,1,18.300
18-nov-1949,1,8.700
19-nov-1949,1,9.900
20-nov-1949,1,31.600
21-nov-1949,1,15.600
22-nov-1949,1,15.700
23-nov-1949,1,5.700
24-nov-1949,1,0.500
25-nov-1949,1,0.000
26-nov-1949,1,2.100
27-nov-1949,1,13.900
28-nov-1949,1,2.400
29-nov-1949,1,3.400
30-nov-1949,1,5.500
01-dec-1949,1,3.600
02-dec-1949,1,22.100
03-dec-1949,1,15.800
04-dec-1949,1,14.000
05-dec-1949,1,11.600
06-dec-1949,1,16.700
07-dec-1949,1,19.600
08-dec-1949,1,8.000
09-dec-1949,1,7.500
10-dec-1949,1,0.600
11-dec-1949,1,2.700
12-dec-1949,1,9.000
13-dec-1949,1,12.000
14-dec-1949,1,19.300
15-dec-1949,1,13.400
16-dec-1949,1,14.400
17-dec-1949,1,10.800
18-dec-1949,1,13.900
19-dec-1949,1,2.800
20-dec-1949,1,8.500
21-dec-1949,1,20.200
22-dec-1949,1,2.700
23-dec-1949,1,19.200
24-dec-1949,1,13.700
25-dec-1949,1,25.800
26-dec-1949,1,6.300
27-dec-1949,1,24.100
28-dec-1949,1,4.300
29-dec-1949,1,1.800
30-dec-1949,1,5.800
31-dec-1949,1,6.700
01-jan-1950,0,3.800
02-jan-1950,0,3.800
03-jan-1950,0,5.100
04-jan-1950,0,8.900
05-jan-1950,0,14.000
06-jan-1950,0,23.100
07-jan-1950,0,2.500
08-jan-1950,0,1.300
09-jan-1950,0,3.800
10-jan-1950,0,3.800
11-jan-1950,0,0.300
12-jan-1950,0,12.700
13-jan-1950,0,0.000
14-jan-1950,0,7.100
15-jan-1950,0,11.900
16-jan-1950,0,6.100
17-jan-1950,0,0.000
18-jan-1950,0,0.000
19-jan-1950,0,0.000
20-jan-1950,0,0.000
21-jan-1950,0,0.000
22-jan-1950,0,0.000
23-jan-1950,0,0.000
24-jan-1950,0,0.000
25-jan-1950,0,0.000
26-jan-1950,0,0.000
27-jan-1950,0,0.000
28-jan-1950,0,38.100
29-jan-1950,0,25.700
30-jan-1950,0,31.000
31-jan-1950,0,17.300
01-feb-1950,0,18.800
02-feb-1950,0,40.600
03-feb-1950,0,10.400
04-feb-1950,0,6.100
05-feb-1950,0,5.100
06-feb-1950,0,8.900
07-feb-1950,0,6.400
08-feb-1950,0,25.400
09-feb-1950,0,36.100
10-feb-1950,0,10.400
11-feb-1950,0,7.600
12-feb-1950,0,3.000
13-feb-1950,0,1.500
14-feb-1950,0,36.600
15-feb-1950,0,30.500
16-feb-1950,0,4.100
17-feb-1950,0,31.000
18-feb-1950,0,3.000
19-feb-1950,0,13.200
20-feb-1950,0,7.100
21-feb-1950,0,0.000
22-feb-1950,0,1.800
23-feb-1950,0,6.400
24-feb-1950,0,10.400
25-feb-1950,0,0.000
26-feb-1950,0,6.400
27-feb-1950,0,9.900
28-feb-1950,0,1.300
01-mar-1950,0,2.500
02-mar-1950,0,7.900
03-mar-1950,0,0.500
04-mar-1950,0,0.000
05-mar-1950,0,0.000
06-mar-1950,0,0.000
07-mar-1950,0,0.000
08-mar-1950,0,0.800
09-mar-1950,0,0.000
10-mar-1950,0,0.000
11-mar-1950,0,0.000
12-mar-1950,0,0.000
13-mar-1950,0,0.800
14-mar-1950,0,3.000
15-mar-1950,0,5.600
16-mar-1950,0,21.600
17-mar-1950,0,21.100
18-mar-1950,0,2.300
19-mar-1950,0,12.700
20-mar-1950,0,0.500
21-mar-1950,0,10.200
22-mar-1950,0,0.000
23-mar-1950,0,3.800
24-mar-1950,0,0.000
25-mar-1950,0,0.000
26-mar-1950,0,0.000
27-mar-1950,0,0.000
28-mar-1950,0,0.000
29-mar-1950,0,0.000
30-mar-1950,0,0.000
31-mar-1950,0,0.500
01-apr-1950,0,8.400
02-apr-1950,0,5.300
03-apr-1950,0,9.700
04-apr-1950,0,3.800
05-apr-1950,0,2.300
06-apr-1950,0,1.300
07-apr-1950,0,10.200
08-apr-1950,0,13.200
09-apr-1950,0,15.700
10-apr-1950,0,8.100
11-apr-1950,0,11.400
12-apr-1950,0,2.500
13-apr-1950,0,2.500
14-apr-1950,0,1.800
15-apr-1950,0,8.100
16-apr-1950,0,2.300
17-apr-1950,0,3.300
18-apr-1950,0,1.000
19-apr-1950,0,0.000
20-apr-1950,0,11.700
21-apr-1950,0,0.000
22-apr-1950,0,5.100
23-apr-1950,0,1.500
24-apr-1950,0,5.300
25-apr-1950,0,9.700
26-apr-1950,0,2.500
27-apr-1950,0,1.300
28-apr-1950,0,15.000
29-apr-1950,0,3.000
30-apr-1950,0,17.300
01-may-1950,0,14.200
02-may-1950,0,1.300
03-may-1950,0,0.000
04-may-1950,0,0.000
05-may-1950,0,0.500
06-may-1950,0,0.000
07-may-1950,0,0.000
08-may-1950,0,0.000
09-may-1950,0,0.000
10-may-1950,0,0.000
11-may-1950,0,0.000
12-may-1950,0,0.000
13-may-1950,0,0.000
14-may-1950,0,0.000
15-may-1950,0,0.000
16-may-1950,0,0.000
17-may-1950,0,2.500
18-may-1950,0,0.000
19-may-1950,0,0.800
20-may-1950,0,6.900
21-may-1950,0,7.600
22-may-1950,0,0.500
23-may-1950,0,3.000
24-may-1950,0,0.000
25-may-1950,0,0.000
26-may-1950,0,4.300
27-may-1950,0,2.500
28-may-1950,0,0.000
29-may-1950,0,0.800
30-may-1950,0,0.000
31-may-1950,0,0.000
01-jun-1950,0,0.000
02-jun-1950,0,8.600
03-jun-1950,0,19.800
04-jun-1950,0,0.000
05-jun-1950,0,0.000
06-jun-1950,0,0.000
07-jun-1950,0,0.500
08-jun-1950,0,0.000
09-jun-1950,0,1.300
10-jun-1950,0,0.000
11-jun-1950,0,0.000
12-jun-1950,0,0.000
13-jun-1950,0,0.000
14-jun-1950,0,4.800
15-jun-1950,0,3.000
16-jun-1950,0,3.800
17-jun-1950,0,8.100
18-jun-1950,0,0.300
19-jun-1950,0,0.000
20-jun-1950,0,13.500
21-jun-1950,0,12.200
22-jun-1950,0,5.300
23-jun-1950,0,3.000
24-jun-1950,0,5.100
25-jun-1950,0,6.400
26-jun-1950,0,2.500
27-jun-1950,0,22.400
28-jun-1950,0,32.300
29-jun-1950,0,1.300
30-jun-1950,0,1.500
01-jul-1950,0,2.000
02-jul-1950,0,0.000
03-jul-1950,0,3.800
04-jul-1950,0,0.800
05-jul-1950,0,25.900
06-jul-1950,0,2.500
07-jul-1950,0,26.700
08-jul-1950,0,56.900
09-jul-1950,0,5.100
10-jul-1950,0,11.400
11-jul-1950,0,5.600
12-jul-1950,0,28.400
13-jul-1950,0,20.300
14-jul-1950,0,17.800
15-jul-1950,0,27.900
16-jul-1950,0,5.800
17-jul-1950,0,6.900
18-jul-1950,0,5.600
19-jul-1950,0,3.300
20-jul-1950,0,5.100
21-jul-1950,0,7.100
22-jul-1950,0,12.200
23-jul-1950,0,1.300
24-jul-1950,0,6.400
25-jul-1950,0,1.300
26-jul-1950,0,7.900
27-jul-1950,0,4.600
28-jul-1950,0,1.300
29-jul-1950,0,16.000
30-jul-1950,0,2.000
31-jul-1950,0,17.300
01-aug-1950,0,15.200
02-aug-1950,0,5.600
03-aug-1950,0,0.300
04-aug-1950,0,25.900
05-aug-1950,0,7.100
06-aug-1950,0,4.600
07-aug-1950,0,19.100
08-aug-1950,0,40.600
09-aug-1950,0,7.100
10-aug-1950,0,20.300
11-aug-1950,0,8.600
12-aug-1950,0,1.300
13-aug-1950,0,5.100
14-aug-1950,0,22.400
15-aug-1950,0,18.300
16-aug-1950,0,40.100
17-aug-1950,0,5.800
18-aug-1950,0,19.800
19-aug-1950,0,26.700
20-aug-1950,0,10.400
21-aug-1950,0,3.600
22-aug-1950,0,10.200
23-aug-1950,0,1.800
24-aug-1950,0,5.300
25-aug-1950,0,9.100
26-aug-1950,0,4.600
27-aug-1950,0,4.600
28-aug-1950,0,0.000
29-aug-1950,0,10.700
30-aug-1950,0,1.000
31-aug-1950,0,1.000
01-sep-1950,0,6.400
02-sep-1950,0,6.900
03-sep-1950,0,1.300
04-sep-1950,0,4.100
05-sep-1950,0,10.200
06-sep-1950,0,56.600
07-sep-1950,0,3.000
08-sep-1950,0,0.000
09-sep-1950,0,2.000
10-sep-1950,0,30.500
11-sep-1950,0,8.400
12-sep-1950,0,16.000
13-sep-1950,0,21.800
14-sep-1950,0,10.700
15-sep-1950,0,3.600
16-sep-1950,0,63.500
17-sep-1950,0,6.600
18-sep-1950,0,14.700
19-sep-1950,0,8.400
20-sep-1950,0,9.400
21-sep-1950,0,10.200
22-sep-1950,0,1.000
23-sep-1950,0,22.100
24-sep-1950,0,11.400
25-sep-1950,0,5.100
26-sep-1950,0,21.600
27-sep-1950,0,18.500
28-sep-1950,0,2.000
29-sep-1950,0,15.500
30-sep-1950,0,8.600
01-oct-1950,0,12.700
02-oct-1950,0,4.100
03-oct-1950,0,18.800
04-oct-1950,0,20.300
05-oct-1950,0,6.400
06-oct-1950,0,5.100
07-oct-1950,0,1.300
08-oct-1950,0,12.200
09-oct-1950,0,11.700
10-oct-1950,0,8.400
11-oct-1950,0,8.600
12-oct-1950,0,14.000
13-oct-1950,0,7.600
14-oct-1950,0,8.600
15-oct-1950,0,0.800
16-oct-1950,0,10.200
17-oct-1950,0,2.500
18-oct-1950,0,0.300
19-oct-1950,0,1.000
20-oct-1950,0,0.000
21-oct-1950,0,9.700
22-oct-1950,0,0.000
23-oct-1950,0,0.300
24-oct-1950,0,0.000
25-oct-1950,0,10.400
26-oct-1950,0,13.000
27-oct-1950,0,0.500
28-oct-1950,1,0.100
29-oct-1950,1,18.200
30-oct-1950,0,2.300
31-oct-1950,0,5.300
01-nov-1950,0,11.400
02-nov-1950,0,0.000
03-nov-1950,0,0.000
04-nov-1950,0,0.000
05-nov-1950,0,0.000
06-nov-1950,0,0.000
07-nov-1950,0,12.200
08-nov-1950,0,5.100
09-nov-1950,0,6.400
10-nov-1950,0,13.700
11-nov-1950,0,12.400
12-nov-1950,0,8.600
13-nov-1950,0,12.700
14-nov-1950,0,2.000
15-nov-1950,0,1.300
16-nov-1950,0,5.100
17-nov-1950,0,12.700
18-nov-1950,0,29.500
19-nov-1950,0,2.500
20-nov-1950,0,3.000
21-nov-1950,0,4.100
22-nov-1950,0,3.600
23-nov-1950,0,1.300
24-nov-1950,0,0.800
25-nov-1950,0,0.000
26-nov-1950,0,0.300
27-nov-1950,0,8.400
28-nov-1950,0,10.200
29-nov-1950,0,0.500
30-nov-1950,0,9.700
01-dec-1950,0,8.600
02-dec-1950,0,8.100
03-dec-1950,0,4.800
04-dec-1950,0,3.000
05-dec-1950,0,1.300
06-dec-1950,0,7.600
07-dec-1950,0,0.800
08-dec-1950,0,8.100
09-dec-1950,0,31.000
10-dec-1950,0,12.200
11-dec-1950,0,6.400
12-dec-1950,0,2.500
13-dec-1950,0,22.900
14-dec-1950,0,5.100
15-dec-1950,0,8.600
16-dec-1950,0,2.000
17-dec-1950,0,8.600
18-dec-1950,0,2.300
19-dec-1950,0,12.700
20-dec-1950,0,1.300
21-dec-1950,0,29.200
22-dec-1950,0,0.000
23-dec-1950,0,0.800
24-dec-1950,0,0.000
25-dec-1950,0,0.000
26-dec-1950,0,0.000
27-dec-1950,0,0.000
28-dec-1950,0,1.000
29-dec-1950,0,4.600
30-dec-1950,0,14.500
31-dec-1950,0,5.100
01-jan-1951,1,1.500
02-jan-1951,1,0.100
03-jan-1951,1,5.900
04-jan-1951,1,4.600
05-jan-1951,1,0.300
06-jan-1951,1,3.800
07-jan-1951,1,12.200
08-jan-1951,1,7.500
09-jan-1951,1,0.900
10-jan-1951,1,31.200
11-jan-1951,1,15.400
12-jan-1951,1,4.000
13-jan-1951,1,8.400
14-jan-1951,1,2.100
15-jan-1951,1,9.600
16-jan-1951,1,35.200
17-jan-1951,1,6.000
18-jan-1951,1,2.000
19-jan-1951,1,1.900
20-jan-1951,1,8.600
21-jan-1951,1,2.400
22-jan-1951,1,3.200
23-jan-1951,1,0.100
24-jan-1951,1,7.800
25-jan-1951,1,5.400
26-jan-1951,1,8.200
27-jan-1951,1,11.100
28-jan-1951,1,2.100
29-jan-1951,1,46.000
30-jan-1951,1,9.100
31-jan-1951,1,5.600
01-feb-1951,1,5.900
02-feb-1951,1,12.000
03-feb-1951,1,38.500
04-feb-1951,1,20.600
05-feb-1951,1,11.700
06-feb-1951,1,13.800
07-feb-1951,1,15.100
08-feb-1951,1,1.000
09-feb-1951,1,1.500
10-feb-1951,1,0.000
11-feb-1951,1,2.000
12-feb-1951,1,0.300
13-feb-1951,1,0.300
14-feb-1951,1,0.100
15-feb-1951,1,1.800
16-feb-1951,1,12.400
17-feb-1951,1,7.700
18-feb-1951,1,5.800
19-feb-1951,1,12.000
20-feb-1951,1,7.900
21-feb-1951,1,9.300
22-feb-1951,1,6.100
23-feb-1951,1,4.100
24-feb-1951,1,4.000
25-feb-1951,1,10.700
26-feb-1951,1,0.300
27-feb-1951,1,0.100
28-feb-1951,1,6.600
01-mar-1951,1,1.400
02-mar-1951,1,4.000
03-mar-1951,1,1.900
04-mar-1951,1,8.300
05-mar-1951,1,9.800
06-mar-1951,1,3.400
07-mar-1951,1,14.100
08-mar-1951,1,0.100
09-mar-1951,1,2.500
10-mar-1951,1,0.800
11-mar-1951,1,0.000
12-mar-1951,1,0.000
13-mar-1951,1,6.500
14-mar-1951,1,0.100
15-mar-1951,1,1.900
16-mar-1951,1,0.500
17-mar-1951,1,1.600
18-mar-1951,1,8.200
19-mar-1951,1,0.000
20-mar-1951,1,25.600
21-mar-1951,1,41.600
22-mar-1951,1,22.400
23-mar-1951,1,2.500
24-mar-1951,1,16.600
25-mar-1951,1,12.500
26-mar-1951,1,6.300
27-mar-1951,1,2.400
28-mar-1951,1,17.100
29-mar-1951,1,2.500
30-mar-1951,1,5.100
31-mar-1951,1,7.900
01-apr-1951,1,14.700
02-apr-1951,1,1.300
03-apr-1951,1,25.400
04-apr-1951,1,3.300
05-apr-1951,1,1.700
06-apr-1951,1,8.700
07-apr-1951,1,11.100
08-apr-1951,1,3.000
09-apr-1951,1,6.800
10-apr-1951,1,3.000
11-apr-1951,1,15.900
12-apr-1951,1,11.000
13-apr-1951,1,7.100
14-apr-1951,1,3.800
15-apr-1951,1,7.400
16-apr-1951,1,0.000
17-apr-1951,1,0.000
18-apr-1951,1,0.000
19-apr-1951,1,0.000
20-apr-1951,1,0.000
21-apr-1951,1,0.000
22-apr-1951,1,2.000
23-apr-1951,1,0.600
24-apr-1951,1,1.500
25-apr-1951,1,0.800
26-apr-1951,1,3.800
27-apr-1951,1,0.200
28-apr-1951,1,9.000
29-apr-1951,1,0.100
30-apr-1951,1,1.600
01-may-1951,1,5.200
02-may-1951,1,61.800
03-may-1951,1,15.500
04-may-1951,1,4.900
05-may-1951,1,0.700
06-may-1951,1,0.000
07-may-1951,1,0.700
08-may-1951,1,0.000
09-may-1951,1,0.000
10-may-1951,1,0.000
11-may-1951,1,0.000
12-may-1951,1,0.000
13-may-1951,1,0.000
14-may-1951,1,0.000
15-may-1951,1,0.000
16-may-1951,1,0.000
17-may-1951,1,0.000
18-may-1951,1,0.000
19-may-1951,1,7.600
20-may-1951,1,13.000
21-may-1951,1,6.600
22-may-1951,1,20.300
23-may-1951,1,8.100
24-may-1951,1,5.300
25-may-1951,1,7.500
26-may-1951,1,5.900
27-may-1951,1,0.100
28-may-1951,1,0.000
29-may-1951,1,0.000
30-may-1951,1,0.000
31-may-1951,1,0.000
01-jun-1951,1,0.000
02-jun-1951,1,0.000
03-jun-1951,1,0.000
04-jun-1951,1,0.000
05-jun-1951,1,0.000
06-jun-1951,1,0.000
07-jun-1951,1,0.000
08-jun-1951,1,0.000
09-jun-1951,1,2.800
10-jun-1951,1,0.100
11-jun-1951,1,11.400
12-jun-1951,1,16.700
13-jun-1951,1,20.000
14-jun-1951,1,2.800
15-jun-1951,1,9.900
16-jun-1951,1,14.900
17-jun-1951,1,3.900
18-jun-1951,1,4.100
19-jun-1951,1,28.700
20-jun-1951,1,15.900
21-jun-1951,1,0.800
22-jun-1951,1,1.500
23-jun-1951,1,1.500
24-jun-1951,1,1.300
25-jun-1951,1,0.500
26-jun-1951,1,0.000
27-jun-1951,1,0.000
28-jun-1951,1,0.000
29-jun-1951,1,0.000
30-jun-1951,1,0.000
01-jul-1951,1,3.400
02-jul-1951,1,27.700
03-jul-1951,1,8.600
04-jul-1951,1,4.600
05-jul-1951,1,19.700
06-jul-1951,1,16.800
07-jul-1951,1,6.400
08-jul-1951,1,2.200
09-jul-1951,1,20.600
10-jul-1951,1,5.300
11-jul-1951,1,4.300
12-jul-1951,1,3.400
13-jul-1951,1,0.000
14-jul-1951,1,0.000
15-jul-1951,1,0.800
16-jul-1951,1,3.000
17-jul-1951,1,1.300
18-jul-1951,1,0.100
19-jul-1951,1,0.800
20-jul-1951,1,0.000
21-jul-1951,1,10.400
22-jul-1951,1,9.500
23-jul-1951,1,0.000
24-jul-1951,1,0.000
25-jul-1951,1,24.300
26-jul-1951,1,40.000
27-jul-1951,1,0.000
28-jul-1951,1,0.000
29-jul-1951,1,0.000
30-jul-1951,1,4.500
31-jul-1951,1,9.900
01-aug-1951,1,16.600
02-aug-1951,1,22.900
03-aug-1951,1,3.300
04-aug-1951,1,1.000
05-aug-1951,1,0.800
06-aug-1951,1,0.800
07-aug-1951,1,3.000
08-aug-1951,1,0.800
09-aug-1951,1,2.100
10-aug-1951,1,7.000
11-aug-1951,1,3.500
12-aug-1951,1,3.400
13-aug-1951,1,0.800
14-aug-1951,1,0.100
15-aug-1951,1,2.400
16-aug-1951,1,14.000
17-aug-1951,1,24.200
18-aug-1951,1,34.000
19-aug-1951,1,5.400
20-aug-1951,1,5.300
21-aug-1951,1,3.900
22-aug-1951,1,0.200
23-aug-1951,1,31.900
24-aug-1951,1,19.200
25-aug-1951,1,11.100
26-aug-1951,1,7.300
27-aug-1951,1,0.100
28-aug-1951,1,4.100
29-aug-1951,1,8.900
30-aug-1951,1,4.500
31-aug-1951,1,4.400
01-sep-1951,1,3.600
02-sep-1951,1,0.700
03-sep-1951,1,9.300
04-sep-1951,1,0.600
05-sep-1951,1,0.000
06-sep-1951,1,0.000
07-sep-1951,1,0.000
08-sep-1951,1,7.300
09-sep-1951,1,2.900
10-sep-1951,1,0.100
11-sep-1951,1,16.800
12-sep-1951,1,22.200
13-sep-1951,1,13.300
14-sep-1951,1,4.900
15-sep-1951,1,2.300
16-sep-1951,1,0.200
17-sep-1951,1,0.100
18-sep-1951,1,0.000
19-sep-1951,1,0.000
20-sep-1951,1,2.300
21-sep-1951,1,0.100
22-sep-1951,1,12.700
23-sep-1951,1,15.600
24-sep-1951,1,23.900
25-sep-1951,1,2.900
26-sep-1951,1,6.000
27-sep-1951,1,7.400
28-sep-1951,1,0.400
29-sep-1951,1,10.100
30-sep-1951,1,8.300
01-oct-1951,1,0.000
02-oct-1951,1,0.000
03-oct-1951,1,5.000
04-oct-1951,1,0.200
05-oct-1951,1,0.000
06-oct-1951,1,0.000
07-oct-1951,1,0.400
08-oct-1951,1,10.400
09-oct-1951,1,15.200
10-oct-1951,1,0.000
11-oct-1951,1,1.300
12-oct-1951,1,3.100
13-oct-1951,1,0.000
14-oct-1951,1,11.600
15-oct-1951,1,6.200
16-oct-1951,1,3.300
17-oct-1951,1,1.600
18-oct-1951,1,1.400
19-oct-1951,1,7.000
20-oct-1951,1,13.400
21-oct-1951,1,3.100
22-oct-1951,1,1.400
23-oct-1951,1,2.800
24-oct-1951,1,2.300
25-oct-1951,1,4.200
26-oct-1951,1,10.400
27-oct-1951,1,10.600
28-oct-1951,1,4.000
29-oct-1951,1,1.100
30-oct-1951,1,7.500
31-oct-1951,1,0.600
01-nov-1951,1,8.900
02-nov-1951,1,5.400
03-nov-1951,1,26.700
04-nov-1951,1,16.700
05-nov-1951,1,7.200
06-nov-1951,1,0.100
07-nov-1951,1,1.300
08-nov-1951,1,21.200
09-nov-1951,1,5.600
10-nov-1951,1,0.400
11-nov-1951,1,4.300
12-nov-1951,1,5.700
13-nov-1951,1,1.900
14-nov-1951,1,45.300
15-nov-1951,1,23.600
16-nov-1951,1,19.400
17-nov-1951,1,4.500
18-nov-1951,1,17.000
19-nov-1951,1,14.300
20-nov-1951,1,18.800
21-nov-1951,1,1.500
22-nov-1951,1,9.800
23-nov-1951,1,10.400
24-nov-1951,1,7.300
25-nov-1951,1,1.000
26-nov-1951,1,3.300
27-nov-1951,1,4.600
28-nov-1951,1,4.700
29-nov-1951,1,1.000
30-nov-1951,1,7.600
01-dec-1951,1,5.700
02-dec-1951,1,6.900
03-dec-1951,1,3.600
04-dec-1951,1,6.900
05-dec-1951,1,1.600
06-dec-1951,1,6.600
07-dec-1951,1,10.800
08-dec-1951,1,12.400
09-dec-1951,1,2.600
10-dec-1951,1,0.000
11-dec-1951,1,5.900
12-dec-1951,1,0.100
13-dec-1951,1,8.800
14-dec-1951,1,6.100
15-dec-1951,1,22.000
16-dec-1951,1,3.800
17-dec-1951,1,35.100
18-dec-1951,1,6.600
19-dec-1951,1,18.800
20-dec-1951,1,0.800
21-dec-1951,1,33.400
22-dec-1951,1,2.000
23-dec-1951,1,33.100
24-dec-1951,1,16.700
25-dec-1951,1,11.000
26-dec-1951,1,31.000
27-dec-1951,1,16.500
28-dec-1951,1,6.200
29-dec-1951,1,10.100
30-dec-1951,1,4.100
31-dec-1951,1,14.600
01-jan-1952,1,28.200
02-jan-1952,1,13.700
03-jan-1952,1,15.100
04-jan-1952,1,13.400
05-jan-1952,1,2.500
06-jan-1952,1,7.400
07-jan-1952,1,3.600
08-jan-1952,1,20.200
09-jan-1952,1,39.300
10-jan-1952,1,18.200
11-jan-1952,1,1.600
12-jan-1952,1,1.300
13-jan-1952,1,24.500
14-jan-1952,1,6.200
15-jan-1952,1,6.900
16-jan-1952,1,15.800
17-jan-1952,1,8.400
18-jan-1952,1,0.100
19-jan-1952,1,6.300
20-jan-1952,1,0.600
21-jan-1952,1,7.700
22-jan-1952,1,4.800
23-jan-1952,1,0.200
24-jan-1952,1,3.000
25-jan-1952,1,10.400
26-jan-1952,1,3.400
27-jan-1952,1,10.100
28-jan-1952,1,6.200
29-jan-1952,1,1.600
30-jan-1952,1,40.200
31-jan-1952,1,14.900
01-feb-1952,1,11.300
02-feb-1952,1,16.800
03-feb-1952,1,2.100
04-feb-1952,1,0.300
05-feb-1952,1,12.800
06-feb-1952,1,0.000
07-feb-1952,1,0.500
08-feb-1952,1,0.800
09-feb-1952,1,0.200
10-feb-1952,1,26.200
11-feb-1952,1,0.000
12-feb-1952,1,1.900
13-feb-1952,1,7.100
14-feb-1952,1,0.600
15-feb-1952,1,6.600
16-feb-1952,1,1.200
17-feb-1952,1,0.300
18-feb-1952,1,0.000
19-feb-1952,1,0.400
20-feb-1952,1,5.900
21-feb-1952,1,0.100
22-feb-1952,1,0.000
23-feb-1952,1,0.000
24-feb-1952,1,0.000
25-feb-1952,1,0.000
26-feb-1952,1,0.000
27-feb-1952,1,0.000
28-feb-1952,1,1.100
29-feb-1952,1,0.000
01-mar-1952,1,21.200
02-mar-1952,1,16.500
03-mar-1952,1,5.700
04-mar-1952,1,4.800
05-mar-1952,1,5.500
06-mar-1952,1,20.700
07-mar-1952,1,30.000
08-mar-1952,1,0.600
09-mar-1952,1,3.800
10-mar-1952,1,0.000
11-mar-1952,1,0.000
12-mar-1952,1,0.700
13-mar-1952,1,0.000
14-mar-1952,1,4.200
15-mar-1952,1,5.100
16-mar-1952,1,1.500
17-mar-1952,1,0.500
18-mar-1952,1,12.400
19-mar-1952,1,4.600
20-mar-1952,1,0.500
21-mar-1952,1,16.600
22-mar-1952,1,0.800
23-mar-1952,1,4.700
24-mar-1952,1,0.400
25-mar-1952,1,0.000
26-mar-1952,1,0.000
27-mar-1952,1,0.000
28-mar-1952,1,0.000
29-mar-1952,1,0.000
30-mar-1952,1,0.000
31-mar-1952,1,0.000
01-apr-1952,1,3.000
02-apr-1952,1,0.000
03-apr-1952,1,0.200
04-apr-1952,1,29.000
05-apr-1952,1,10.300
06-apr-1952,1,5.200
07-apr-1952,1,0.900
08-apr-1952,1,5.000
09-apr-1952,1,11.800
10-apr-1952,1,10.500
11-apr-1952,1,0.100
12-apr-1952,1,0.000
13-apr-1952,1,0.000
14-apr-1952,1,0.000
15-apr-1952,1,0.000
16-apr-1952,1,1.000
17-apr-1952,1,0.100
18-apr-1952,1,4.200
19-apr-1952,1,0.400
20-apr-1952,1,19.700
21-apr-1952,1,18.200
22-apr-1952,1,4.200
23-apr-1952,1,1.000
24-apr-1952,1,1.700
25-apr-1952,1,0.000
26-apr-1952,1,0.100
27-apr-1952,1,0.000
28-apr-1952,1,0.000
29-apr-1952,1,0.600
30-apr-1952,1,0.500
01-may-1952,1,3.500
02-may-1952,1,2.800
03-may-1952,1,3.500
04-may-1952,1,3.000
05-may-1952,1,5.000
06-may-1952,1,5.700
07-may-1952,1,12.400
08-may-1952,1,7.800
09-may-1952,1,4.300
10-may-1952,1,6.900
11-may-1952,1,1.300
12-may-1952,1,0.000
13-may-1952,1,1.200
14-may-1952,1,0.000
15-may-1952,1,0.000
16-may-1952,1,0.000
17-may-1952,1,0.000
18-may-1952,1,0.000
19-may-1952,1,0.000
20-may-1952,1,0.000
21-may-1952,1,0.300
22-may-1952,1,0.000
23-may-1952,1,0.200
24-may-1952,1,0.000
25-may-1952,1,0.000
26-may-1952,1,0.000
27-may-1952,1,2.900
28-may-1952,1,0.200
29-may-1952,1,13.600
30-may-1952,1,9.900
31-may-1952,1,5.300
01-jun-1952,1,10.700
02-jun-1952,1,1.200
03-jun-1952,1,5.700
04-jun-1952,1,12.400
05-jun-1952,1,0.100
06-jun-1952,1,0.500
07-jun-1952,1,9.200
08-jun-1952,1,0.500
09-jun-1952,1,0.000
10-jun-1952,1,0.000
11-jun-1952,1,0.000
12-jun-1952,1,0.000
13-jun-1952,1,0.800
14-jun-1952,1,0.000
15-jun-1952,1,0.000
16-jun-1952,1,18.000
17-jun-1952,1,8.200
18-jun-1952,1,2.600
19-jun-1952,1,1.900
20-jun-1952,1,3.800
21-jun-1952,1,22.400
22-jun-1952,1,0.100
23-jun-1952,1,0.500
24-jun-1952,1,5.500
25-jun-1952,1,4.100
26-jun-1952,1,0.000
27-jun-1952,1,0.100
28-jun-1952,1,26.000
29-jun-1952,1,4.600
30-jun-1952,1,0.400
01-jul-1952,1,0.500
02-jul-1952,1,0.500
03-jul-1952,1,0.000
04-jul-1952,1,0.000
05-jul-1952,1,0.000
06-jul-1952,1,1.400
07-jul-1952,1,1.900
08-jul-1952,1,1.300
09-jul-1952,1,4.600
10-jul-1952,1,4.400
11-jul-1952,1,1.400
12-jul-1952,1,1.500
13-jul-1952,1,0.500
14-jul-1952,1,2.700
15-jul-1952,1,0.700
16-jul-1952,1,12.200
17-jul-1952,1,2.000
18-jul-1952,1,5.200
19-jul-1952,1,1.400
20-jul-1952,1,2.400
21-jul-1952,1,1.200
22-jul-1952,1,0.000
23-jul-1952,1,0.100
24-jul-1952,1,0.000
25-jul-1952,1,0.000
26-jul-1952,1,0.000
27-jul-1952,1,0.000
28-jul-1952,1,1.900
29-jul-1952,1,1.800
30-jul-1952,1,0.300
31-jul-1952,1,8.000
01-aug-1952,1,9.500
02-aug-1952,1,7.200
03-aug-1952,1,19.900
04-aug-1952,1,1.900
05-aug-1952,1,0.000
06-aug-1952,1,28.100
07-aug-1952,1,7.100
08-aug-1952,1,13.600
09-aug-1952,1,2.100
10-aug-1952,1,3.500
11-aug-1952,1,15.300
12-aug-1952,1,7.800
13-aug-1952,1,9.500
14-aug-1952,1,1.600
15-aug-1952,1,1.200
16-aug-1952,1,2.600
17-aug-1952,1,33.800
18-aug-1952,1,0.000
19-aug-1952,1,0.000
20-aug-1952,1,1.700
21-aug-1952,1,0.300
22-aug-1952,1,0.100
23-aug-1952,1,1.400
24-aug-1952,1,0.200
25-aug-1952,1,0.000
26-aug-1952,1,9.600
27-aug-1952,1,1.400
28-aug-1952,1,0.800
29-aug-1952,1,0.000
30-aug-1952,1,9.000
31-aug-1952,1,1.900
01-sep-1952,1,1.700
02-sep-1952,1,15.100
03-sep-1952,1,2.500
04-sep-1952,1,2.700
05-sep-1952,1,3.600
06-sep-1952,1,1.600
07-sep-1952,1,0.100
08-sep-1952,1,4.600
09-sep-1952,1,0.000
10-sep-1952,1,0.000
11-sep-1952,1,2.000
12-sep-1952,1,0.000
13-sep-1952,1,0.000
14-sep-1952,1,0.000
15-sep-1952,1,0.000
16-sep-1952,1,1.900
17-sep-1952,1,3.700
18-sep-1952,1,3.000
19-sep-1952,1,5.200
20-sep-1952,1,16.300
21-sep-1952,1,0.800
22-sep-1952,1,2.500
23-sep-1952,1,16.800
24-sep-1952,1,7.100
25-sep-1952,1,4.900
26-sep-1952,1,4.700
27-sep-1952,1,27.500
28-sep-1952,1,9.700
29-sep-1952,1,0.400
30-sep-1952,1,8.000
01-oct-1952,1,3.700
02-oct-1952,1,0.000
03-oct-1952,1,0.000
04-oct-1952,1,0.000
05-oct-1952,1,0.400
06-oct-1952,1,0.700
07-oct-1952,1,0.100
08-oct-1952,1,4.300
09-oct-1952,1,0.600
10-oct-1952,1,0.000
11-oct-1952,1,19.800
12-oct-1952,1,0.700
13-oct-1952,1,6.300
14-oct-1952,1,0.000
15-oct-1952,1,0.100
16-oct-1952,1,9.700
17-oct-1952,1,0.900
18-oct-1952,1,20.200
19-oct-1952,1,0.100
20-oct-1952,1,6.300
21-oct-1952,1,32.200
22-oct-1952,1,23.400
23-oct-1952,1,33.800
24-oct-1952,1,8.900
25-oct-1952,1,2.900
26-oct-1952,1,29.700
27-oct-1952,1,27.800
28-oct-1952,1,17.900
29-oct-1952,1,7.900
30-oct-1952,1,10.000
31-oct-1952,1,26.800
01-nov-1952,1,12.000
02-nov-1952,1,0.800
03-nov-1952,1,16.700
04-nov-1952,1,9.900
05-nov-1952,1,0.100
06-nov-1952,1,1.600
07-nov-1952,1,2.400
08-nov-1952,1,3.900
09-nov-1952,1,0.200
10-nov-1952,1,1.400
11-nov-1952,1,1.300
12-nov-1952,1,2.000
13-nov-1952,1,0.200
14-nov-1952,1,1.300
15-nov-1952,1,3.200
16-nov-1952,1,0.100
17-nov-1952,1,0.200
18-nov-1952,1,0.100
19-nov-1952,1,0.000
20-nov-1952,1,14.100
21-nov-1952,1,1.500
22-nov-1952,1,4.000
23-nov-1952,1,0.100
24-nov-1952,1,0.200
25-nov-1952,1,6.100
26-nov-1952,1,6.500
27-nov-1952,1,0.000
28-nov-1952,1,0.000
29-nov-1952,1,0.000
30-nov-1952,1,0.000
