Station Name: ATHENRY
Station Height: 40 M 
Latitude:53.289  ,Longitude: -8.786


date:  -  00 to 00 utc
rain:  -  Precipitation Amount (mm)
maxtp: -  Maximum Air Temperature (C)	  
mintp: -  Minimum  Air Temperature (C)
gmin:  -  09utc Grass Minimum Temperature (C)
soil:  -  Mean 10cm soil temperature (C)	
cbl:   -  Mean CBL Pressure (hpa)
wdsp:  -  Mean Wind Speed (kt)
hm:    -  Highest ten minute mean wind speed (kt)		                 
ddhm:  -  Wind Direction at max 10 min mean (deg)                  
hg:    -  Highest Gust (kt)
pe:    -  Potential Evapotranspiration (mm)  
evap:  -  Evaporation (mm)
smd_wd:-  Soil Moisture Deficits(mm) well drained
smd_md:-  Soil Moisture Deficits(mm) moderately drained
smd_pd:-  Soil Moisture Deficits(mm) poorly drained
glorad:-  Global Radiation (J/cm sq.)
ind:   -  Indicator (i)

date,ind,maxtp,ind,mintp,igmin,gmin,ind,rain,cbl,wdsp,ind,hm,ind,ddhm,ind,hg,soil,pe,evap,smd_wd,smd_md,smd_pd,glorad
26-feb-2010,0,7.6,0,1.8, , ,0,0.1,983.8,8.3,0,14,0,230,0,20, , , , , , ,658
27-feb-2010,0,8.6,0,-2.4, , ,0,0.1,985.0,4.3,0,9,0,170,0,14, , , , , , ,859
28-feb-2010,0,8.8,0,-3.3, , ,0,0.0,992.9,4.9,0,17,0,290,0,24, , , , , , ,903
01-mar-2010,0,10.0,0,-4.3, , ,0,0.0,1006.3,2.3,0,6,0,50,0,8, , , , , , ,1161
02-mar-2010,0,8.2,0,-1.8, , ,0,0.0,1014.4,7.1,0,12,0,120,0,19, , , , , , ,735
03-mar-2010,0,5.6,0,1.4, , ,0,12.5,1013.6,5.4,0,8,0,110,0,13, , , , , , ,214
04-mar-2010,0,7.7,0,-0.9, , ,0,0.0,1022.1,4.7,0,9,0,60,0,13, , , , , , ,1217
05-mar-2010,0,9.7,0,-4.7, , ,0,0.1,1028.4,2.4,0,6,0,320,0,9, , , , , , ,1230
06-mar-2010,0,8.6,0,-4.1, , ,0,0.0,1025.2,2.8,0,8,0,70,0,12, , , , , , ,609
07-mar-2010,0,7.8,0,-2.1, , ,0,0.0,1025.6,6.5,0,12,0,120,0,18, , , , , , ,1345
08-mar-2010,0,7.8,0,-5.7, , ,0,0.0,1025.3,6.2,0,12,0,100,0,18, , , , , , ,1396
09-mar-2010,0,9.2,0,-4.5, , ,0,0.0,1027.7,4.3,0,7,0,60,0,11, , , , , , ,1357
10-mar-2010,0,8.9,0,-4.4, , ,0,0.0,1027.6,3.6,0,8,0,80,0,11, , , , , , ,1163
11-mar-2010,0,9.4,0,-5.3, , ,0,0.0,1024.6,3.0,0,7,0,320,0,12, , , , , , ,1195
12-mar-2010,0,11.0,0,2.1, , ,0,0.3,1025.2,6.5,0,12,0,350,0,17, , , , , , ,768
13-mar-2010,0,10.7,0,1.5, , ,0,0.1,1029.4,4.4,0,10,0,320,0,14, , , , , , ,591
14-mar-2010,0,11.0,0,-1.9, , ,0,0.0,1028.8,4.2,0,11,0,230,0,16, , , , , , ,984
15-mar-2010,0,10.7,0,1.9, , ,0,0.0,1023.5,4.1,0,11,0,240,0,16, , , , , , ,1090
16-mar-2010,0,9.9,0,2.7, , ,0,0.0,1013.4,9.4,0,16,0,160,0,28, , , , , , ,433
17-mar-2010,0,13.9,0,7.8, , ,0,0.2,1006.1,9.7,0,16,0,190,0,23, , , , , , ,936
18-mar-2010,0,13.6,0,8.9, , ,0,1.3,997.5,15.3,0,25,0,210,0,45, , , , , , ,483
19-mar-2010,0,11.3,0,4.1, , ,0,0.2,1000.6,5.8,0,16,0,220,0,26, , , , , , ,863
20-mar-2010,0,12.3,0,3.1, , ,0,0.1,1001.6,5.8,0,11,0,330,0,19, , , , , , ,1125
21-mar-2010,0,12.6,0,3.7, , ,0,1.3,1003.7,7.3,0,17,0,170,0,28, , , , , , ,1088
22-mar-2010,0,10.5,0,3.9, , ,0,6.2,1002.7,10.9,0,22,0,230,0,35, , , , , , ,1375
23-mar-2010,0,10.2,0,5.0, , ,0,0.8,1000.7,9.5,0,15,0,170,0,25, , , , , , ,553
24-mar-2010,0,11.8,0,4.4, , ,0,10.8,991.7,6.5,0,12,0,250,0,18, , , , , , ,1583
25-mar-2010,0,13.1,0,5.8, , ,0,3.3,989.2,8.2,0,13,0,70,0,20, , , , , , ,883
26-mar-2010,0,13.2,0,3.9, , ,0,0.6,990.8,3.9,0,10,0,340,0,15, , , , , , ,1026
27-mar-2010,0,11.5,0,3.8, , ,0,0.3,1000.2,7.4,0,16,0,240,0,23, , , , , , ,1316
28-mar-2010,0,10.7,0,2.7, , ,0,0.0,1000.7,3.9,0,8,0,300,0,12, , , , , , ,1245
29-mar-2010,0,4.9,0,1.0, , ,0,26.1,990.5,11.3,0,19,0,50,0,29, , , , , , ,226
30-mar-2010,0,4.7,0,2.6, , ,0,7.5,986.5,15.7,0,21,0,310,0,34, , , , , , ,451
31-mar-2010,0,6.9,0,-0.8, , ,0,1.6,996.5,12.2,0,21,0,300,0,32, , , , , , ,1585
01-apr-2010,0,9.6,0,-0.4, , ,0,0.4,997.1,5.2,0,11,0,230,0,16, , , , , , ,1852
02-apr-2010,0,10.3,0,3.1, , ,0,7.7,988.6,7.2,0,17,0,80,0,24, , , , , , ,1042
03-apr-2010,0,10.3,0,1.4, , ,0,0.3,997.6,8.2,0,16,0,310,0,29, , , , , , ,1053
04-apr-2010,0,9.3,0,-1.1, , ,0,10.8,1004.9,8.3,0,17,0,180,0,29, , , , , , ,1012
05-apr-2010,0,13.5,0,7.4, , ,0,21.7,999.0,14.4,0,27,0,190,0,40, , , , , , ,669
06-apr-2010,0,11.7,0,3.2, , ,0,11.1,1003.6,5.4,0,14,0,240,0,21, , , , , , ,1122
07-apr-2010,0,11.1,0,1.5, , ,0,0.8,1017.1,7.2,0,17,0,240,0,23, , , , , , ,1638
08-apr-2010,0,12.4,0,5.6, , ,0,0.0,1024.9,5.6,0,12,0,240,0,16, , , , , , ,1282
09-apr-2010,0,15.2,0,4.5, , ,0,0.0,1025.5,6.1,0,13,0,160,0,20, , , , , , ,1724
10-apr-2010,0,18.5,0,4.5, , ,0,0.0,1026.0,5.6,0,10,0,170,0,16, , , , , , ,2124
11-apr-2010,0,18.4,0,3.0, , ,0,0.0,1025.6,3.7,0,8,0,0,0,12, , , , , , ,2080
12-apr-2010,0,17.0,0,3.1, , ,0,0.0,1025.4,4.9,0,9,0,50,0,14, , , , , , ,1954
13-apr-2010,0,16.1,0,2.3, , ,0,0.0,1023.6,5.0,0,10,0,60,0,14, , , , , , ,1920
14-apr-2010,0,12.6,0,5.0, , ,0,0.0,1021.2,6.4,0,13,0,50,0,20, , , , , , ,2029
15-apr-2010,0,15.0,0,2.5, , ,0,0.0,1023.1,6.6,0,11,0,50,0,16, , , , , , ,2200
16-apr-2010,0,15.4,0,1.2, , ,0,0.0,1023.4,4.0,0,8,0,80,0,12, , , , , , ,2193
17-apr-2010,0,13.7,0,1.0, , ,0,0.0,1017.2,3.5,0,8,0,240,0,11, , , , , , ,1560
18-apr-2010,0,13.4,0,2.1, , ,0,0.0,1013.2,3.3,0,8,0,270,0,13, , , , , , ,1352
19-apr-2010,0,12.5,0,1.2, , ,0,0.6,1015.2,5.3,0,9,0,280,0,15, , , , , , ,1871
20-apr-2010,0,11.6,0,-1.8, , ,0,0.0,1017.8,4.2,0,9,0,350,0,14, , , , , , ,1503
21-apr-2010,0,12.1,0,-1.1, , ,0,0.0,1018.2,4.8,0,9,0,110,0,15, , , , , , ,2176
22-apr-2010,0,13.0,0,3.4, , ,0,0.0,1013.4,4.2,0,8,0,100,0,15, , , , , , ,1676
23-apr-2010,0,15.7,0,5.9, , ,0,0.0,1008.3,5.6,0,10,0,200,0,15, , , , , , ,1773
24-apr-2010,0,15.0,0,6.1, , ,0,6.0,1006.0,6.3,0,12,0,150,0,19, , , , , , ,841
25-apr-2010,0,15.2,0,9.2, , ,0,2.1,1010.3,8.0,0,15,0,240,0,21, , , , , , ,1733
26-apr-2010,0,16.8,0,9.4, , ,0,1.2,1017.9,5.0,0,10,0,250,0,14, , , , , , ,1487
27-apr-2010,0,14.8,0,10.6, , ,0,5.0,1014.2,9.9,0,16,0,160,0,24, , , , , , ,561
28-apr-2010,0,16.4,0,9.3, , ,0,1.4,1007.6,11.4,0,19,0,230,0,26, , , , , , ,946
29-apr-2010,0,13.4,0,6.8, , ,0,0.6,1004.7,8.0,0,16,0,230,0,23, , , , , , ,1951
30-apr-2010,0,14.5,0,7.3, , ,0,7.1,1002.5,6.6,0,13,0,230,0,18, , , , , , ,1698
01-may-2010,0,13.0,0,7.3, , ,0,8.8,1006.9,4.0,0,11,0,320,0,21, , , , , , ,1443
02-may-2010,0,11.8,0,4.8, , ,0,0.4,1016.1,9.2,0,15,0,340,0,28, , , , , , ,1931
03-may-2010,0,13.0,0,3.3, , ,0,0.0,1025.2,7.8,0,13,0,350,0,21, , , , , , ,2179
04-may-2010,0,13.2,0,3.0, , ,0,0.0,1027.2,6.0,0,10,0,310,0,15, , , , , , ,1331
05-may-2010,0,14.7,0,8.4, , ,0,0.3,1020.2,7.3,0,13,0,310,0,19, , , , , , ,732
06-may-2010,0,14.6,0,6.1, , ,0,0.0,1013.0,9.8,0,15,0,350,0,24, , , , , , ,1478
07-may-2010,0,12.8,0,2.7, , ,0,0.0,1013.1,8.2,0,15,0,60,0,23, , , , , , ,1618
08-may-2010,0,15.0,0,2.8, , ,0,0.0,1014.3,7.8,0,15,0,60,0,22, , , , , , ,2665
09-may-2010,0,14.9,0,0.7, , ,0,0.0,1012.2,6.1,0,13,0,350,0,21, , , , , , ,2159
10-may-2010,0,11.8,0,3.3, , ,0,0.0,1013.3,8.3,0,15,0,350,0,25, , , , , , ,1918
11-may-2010,0,11.8,0,0.3, , ,0,1.5,1013.2,5.2,0,12,0,230,0,18, , , , , , ,1933
12-may-2010,0,12.3,0,0.4, , ,0,0.1,1012.5,5.1,0,10,0,350,0,18, , , , , , ,2260
13-may-2010,0,12.2,0,5.4, , ,0,1.5,1006.0,7.0,0,14,0,240,0,20, , , , , , ,1065
14-may-2010,0,14.6,0,2.4, , ,0,0.5,1007.6,7.9,0,16,0,320,0,23, , , , , , ,2265
15-may-2010,0,13.2,0,4.6, , ,0,2.9,1011.3,8.5,0,16,0,220,0,25, , , , , , ,1824
16-may-2010,0,14.8,0,0.2, , ,0,0.0,1014.0,5.5,0,13,0,280,0,22, , , , , , ,2157
17-may-2010,0,14.9,0,3.2, , ,0,0.0,1019.3,3.7,0,9,0,240,0,14, , , , , , ,1756
18-may-2010,0,14.2,0,7.0, , ,0,5.9,1019.3,6.7,0,12,0,150,0,18, , , , , , ,544
19-may-2010,0,18.1,0,11.7, , ,0,1.1,1021.2,5.4,0,8,0,220,0,12, , , , , , ,1131
20-may-2010,0,22.1,0,12.3, , ,0,0.1,1025.6,4.2,0,9,0,210,0,14, , , , , , ,2098
21-may-2010,0,20.8,0,9.6, , ,0,0.0,1025.1,2.6,0,8,0,180,0,11, , , , , , ,1371
22-may-2010,0,24.5,0,7.4, , ,0,0.0,1022.8,3.7,0,7,0,110,0,11, , , , , , ,2255
23-may-2010,0,24.5,0,9.1, , ,0,0.0,1018.3,4.3,0,9,0,320,0,15, , , , , , ,2903
24-may-2010,0,19.9,0,10.0, , ,0,0.0,1013.2,5.9,0,9,0,20,0,15, , , , , , ,2381
25-may-2010,0,17.5,0,4.8, , ,0,0.0,1010.7,6.5,0,10,0,10,0,16, , , , , , ,2918
26-may-2010,0,16.2,0,3.3, , ,0,0.0,1009.2,7.0,0,13,0,340,0,23, , , , , , ,2753
27-may-2010,0,12.8,0,1.6, , ,0,1.0,1008.2,5.2,0,12,0,220,0,17, , , , , , ,1264
28-may-2010,0,15.2,0,2.7, , ,0,0.8,1006.7,4.1,0,9,0,250,0,13, , , , , , ,2171
29-may-2010,0,14.3,0,7.6, , ,0,3.9,1002.8,6.3,0,10,0,310,0,15, , , , , , ,832
30-may-2010,0,15.8,0,4.4, , ,0,0.0,1010.7,3.5,0,7,0,330,0,11, , , , , , ,1918
31-may-2010,0,17.9,0,10.9, , ,0,9.6,1011.5,6.3,0,12,0,160,0,19, , , , , , ,1102
01-jun-2010,0,16.9,0,10.1, , ,0,1.5,1011.9,7.5,0,15,0,240,0,22, , , , , , ,2033
02-jun-2010,0,21.0,0,8.3, , ,0,0.0,1016.4,3.5,0,8,0,180,0,12, , , , , , ,2690
03-jun-2010,0,20.0,0,10.3, , ,0,0.0,1013.5,8.1,0,15,0,140,0,26, , , , , , ,1588
04-jun-2010,0,18.3,0,11.5, , ,0,1.2,1012.1,6.8,0,12,0,240,0,20, , , , , , ,2205
05-jun-2010,0,19.2,0,8.1, , ,0,0.0,1013.5,4.7,0,10,0,230,0,15, , , , , , ,2389
06-jun-2010,0,18.2,0,11.4, , ,0,0.0,1010.0,5.7,0,12,0,240,0,19, , , , , , ,2340
07-jun-2010,0,14.6,0,11.2, , ,0,5.1,1001.4,7.7,0,15,0,70,0,22, , , , , , ,889
08-jun-2010,0,15.5,0,11.8, , ,0,2.3,997.4,7.6,0,12,0,20,0,19, , , , , , ,931
09-jun-2010,0,15.4,0,11.5, , ,0,1.5,1004.4,8.7,0,14,0,40,0,21, , , , , , ,769
10-jun-2010,0,20.2,0,8.4, , ,0,0.1,1010.2,7.8,0,12,0,330,0,19, , , , , , ,2465
11-jun-2010,0,19.1,0,8.6, , ,0,0.0,1011.9,7.6,0,17,0,330,0,24, , , , , , ,1715
12-jun-2010,0,17.2,0,10.7, , ,0,0.0,1015.5,6.4,0,11,0,240,0,16, , , , , , ,1939
13-jun-2010,0,16.8,0,9.5, , ,0,2.9,1012.8,9.7,0,19,0,280,0,28, , , , , , ,1946
14-jun-2010,0,20.5,0,8.8, , ,0,0.1,1020.1,8.0,0,11,0,330,0,17, , , , , , ,1982
15-jun-2010,0,21.0,0,7.9, , ,0,0.0,1025.4,5.1,0,10,0,240,0,14, , , , , , ,2747
16-jun-2010,0,20.5,0,8.6, , ,0,0.0,1023.7,4.2,0,9,0,230,0,13, , , , , , ,2044
17-jun-2010,0,21.9,0,10.6, , ,0,0.0,1020.7,4.6,0,9,0,330,0,14, , , , , , ,2032
18-jun-2010,0,18.3,0,9.8, , ,0,0.0,1019.8,6.9,0,12,0,320,0,18, , , , , , ,1344
19-jun-2010,0,20.5,0,5.7, , ,0,0.0,1018.3,7.7,0,13,0,340,0,21, , , , , , ,3067
20-jun-2010,0,21.8,0,4.3, , ,0,0.0,1019.2,4.9,0,9,0,240,0,13, , , , , , ,3111
21-jun-2010,0,21.1,0,6.7, , ,0,0.0,1017.7,5.8,0,15,0,230,0,21, , , , , , ,3030
22-jun-2010,0,19.9,0,10.0, , ,0,0.0,1016.1,5.3,0,10,0,240,0,16, , , , , , ,1592
23-jun-2010,0,19.4,0,14.1, , ,0,0.0,1014.4,7.6,0,14,0,230,0,22, , , , , , ,1260
24-jun-2010,0,19.9,0,9.5, , ,0,0.0,1014.8,5.8,0,11,0,240,0,18, , , , , , ,2190
25-jun-2010,0,21.6,0,9.2, , ,0,0.2,1011.7,4.5,0,12,0,150,0,17, , , , , , ,1575
26-jun-2010,0,22.1,0,12.6, , ,0,0.4,1007.8,7.1,0,14,0,200,0,21, , , , , , ,1913
27-jun-2010,0,20.4,0,13.5, , ,0,0.0,1010.0,10.8,0,18,0,220,0,28, , , , , , ,2073
28-jun-2010,0,19.5,0,12.6, , ,0,8.0,1011.7,5.5,0,10,0,240,0,14, , , , , , ,1072
29-jun-2010,0,21.0,0,10.1, , ,0,0.0,1014.6,2.7,0,8,0,240,0,12, , , , , , ,2099
30-jun-2010,0,22.1,0,12.1, , ,0,5.0,1006.1,8.4,0,15,0,150,0,24, , , , , , ,1563
01-jul-2010,0,20.0,0,11.9, , ,0,4.7,996.7,10.6,0,16,0,150,0,29, , , , , , ,1720
02-jul-2010,0,18.8,0,11.7, , ,0,0.3,1002.2,11.4,0,20,0,230,0,31, , , , , , ,2147
03-jul-2010,0,17.6,0,11.7, , ,0,1.6,1010.2,9.8,0,16,0,220,0,24, , , , , , ,1570
04-jul-2010,0,17.9,0,12.1, , ,0,5.4,1008.5,13.6,0,24,0,250,0,37, , , , , , ,1749
05-jul-2010,0,17.9,0,11.2, , ,0,0.1,1018.5,7.7,0,14,0,250,0,22, , , , , , ,1970
06-jul-2010,0,19.2,0,10.2, , ,0,3.6,1015.0,9.9,0,19,0,210,0,30, , , , , , ,728
07-jul-2010,0,18.0,0,12.0, , ,0,0.6,1008.5,13.0,0,21,0,230,0,30, , , , , , ,2204
08-jul-2010,0,16.4,0,11.1, , ,0,6.5,1007.9,6.6,0,12,0,200,0,20, , , , , , ,1222
09-jul-2010,0,17.1,0,12.2, , ,0,11.8,1006.5,4.5,0,10,0,270,0,15, , , , , , ,1201
10-jul-2010,0,18.3,0,11.6, , ,0,9.2,1002.7,7.5,0,19,0,280,0,28, , , , , , ,601
11-jul-2010,0,17.8,0,10.6, , ,0,5.4,1006.8,5.8,0,14,0,280,0,20, , , , , , ,1770
12-jul-2010,0,19.1,0,10.7, , ,0,0.1,1007.7,3.2,0,6,0,260,0,8, , , , , , ,1452
13-jul-2010,0,17.2,0,12.0, , ,0,3.3,999.0,7.2,0,15,0,100,0,20, , , , , , ,722
14-jul-2010,0,19.9,0,12.5, , ,0,9.8,989.2,5.9,0,11,0,90,0,17, , , , , , ,1559
15-jul-2010,0,18.1,0,13.0, , ,0,34.5,989.7,7.0,0,14,0,220,0,22, , , , , , ,1306
16-jul-2010,0,16.2,0,11.5, , ,0,4.1,998.6,9.0,0,13,0,290,0,21, , , , , , ,1442
17-jul-2010,0,17.2,0,11.6, , ,0,2.5,1010.5,8.9,0,14,0,230,0,20, , , , , , ,1631
18-jul-2010,0,18.8,0,14.2, , ,0,6.2,1010.4,5.9,0,10,0,240,0,15, , , , , , ,1217
19-jul-2010,0,19.3,0,13.7, , ,0,3.5,1007.7,7.3,0,13,0,240,0,20, , , , , , ,1463
20-jul-2010,0,19.2,0,11.2, , ,0,12.9,1003.2,4.3,0,10,0,170,0,14, , , , , , ,1715
21-jul-2010,0,16.5,0,11.9, , ,0,20.1,1001.8,9.0,0,17,0,330,0,24, , , , , , ,867
22-jul-2010,0,19.4,0,9.4, , ,0,0.6,1010.5,9.4,0,14,0,330,0,23, , , , , , ,2436
23-jul-2010,0,18.2,0,6.9, , ,0,0.2,1016.5,4.3,0,10,0,230,0,15, , , , , , ,1435
24-jul-2010,0,17.7,0,13.2, , ,0,0.6,1014.3,7.1,0,13,0,230,0,19, , , , , , ,1231
25-jul-2010,0,19.0,0,14.9, , ,0,0.0,1015.3,7.9,0,13,0,220,0,19, , , , , , ,1206
26-jul-2010,0,19.0,0,14.7, , ,0,0.2,1014.7,9.2,0,14,0,240,0,22, , , , , , ,960
27-jul-2010,0,17.2,0,12.8, , ,0,0.9,1013.6,7.9,0,14,0,240,0,20, , , , , , ,1290
28-jul-2010,0,18.7,0,12.3, , ,0,0.6,1015.0,6.5,0,11,0,280,0,17, , , , , , ,1255
29-jul-2010,0,17.9,0,13.0, , ,0,0.0,1013.3,3.9,0,8,0,240,0,11, , , , , , ,1035
30-jul-2010,0,18.9,0,13.1, , ,0,5.0,1008.1,7.4,0,12,0,220,0,20, , , , , , ,751
31-jul-2010,0,18.3,0,12.7, , ,0,1.2,1006.9,8.2,0,13,0,290,0,22, , , , , , ,1416
01-aug-2010,0,19.0,0,12.1, , ,0,0.0,1011.2,4.3,0,11,0,330,0,14, , , , , , ,1358
02-aug-2010,0,16.2,0,9.6, , ,0,1.8,1013.8,4.4,0,9,0,240,0,15, , , , , , ,953
03-aug-2010,0,16.5,0,11.6, , ,0,4.4,1008.0,6.6,0,13,0,240,0,20, , , , , , ,961
04-aug-2010,0,18.3,0,10.9, , ,0,0.8,1006.7,9.1,0,16,0,300,0,24, , , , , , ,1896
05-aug-2010,0,18.2,0,13.2, , ,0,1.6,1006.5,7.0,0,14,0,240,0,21, , , , , , ,1141
06-aug-2010,0,16.2,0,13.4, , ,0,4.7,1003.6,9.3,0,16,0,230,0,24, , , , , , ,1124
07-aug-2010,0,18.7,0,8.4, , ,0,0.2,1011.8,7.3,0,13,0,330,0,19, , , , , , ,1469
08-aug-2010,0,18.8,0,6.1, , ,0,1.9,1013.3,5.0,0,11,0,220,0,19, , , , , , ,1417
09-aug-2010,0,17.5,0,12.8, , ,0,4.0,1006.2,8.0,0,14,0,240,0,22, , , , , , ,1574
10-aug-2010,0,19.1,0,10.8, , ,0,0.8,1005.7,7.6,0,12,0,280,0,19, , , , , , ,2130
11-aug-2010,0,17.7,0,10.4, , ,0,0.4,1012.1,6.2,0,13,0,320,0,19, , , , , , ,1252
12-aug-2010,0,16.8,0,12.2, , ,0,0.0,1018.3,8.7,0,14,0,320,0,22, , , , , , ,1164
13-aug-2010,0,17.0,0,11.7, , ,0,0.7,1020.8,7.5,0,12,0,340,0,19, , , , , , ,1169
14-aug-2010,0,16.1,0,9.4, , ,0,3.2,1019.2,3.1,0,7,0,300,0,10, , , , , , ,681
15-aug-2010,0,23.0,0,6.1, , ,0,0.1,1020.3,2.9,0,8,0,230,0,11, , , , , , ,2384
16-aug-2010,0,16.0,0,8.6, , ,0,8.4, ,4.9,0,10,0,240,0,16, , , , , , ,355
17-aug-2010,0,17.3,0,8.5, , ,0,0.2, ,7.0,0,13,0,310,0,21, , , , , , ,1301
18-aug-2010,0,17.2,0,9.7, , ,0,5.2, ,8.4,0,17,0,230,0,27, , , , , , ,1882
19-aug-2010,0,17.6,0,11.7, , ,0,5.2,997.5,6.3,0,11,0,80,0,17, , , , , , ,1099
20-aug-2010,0,18.6,0,13.1, , ,0,2.2,999.7,11.3,0,20,0,230,0,34, , , , , , ,1861
21-aug-2010,0,18.9,0,11.1, , ,0,7.1,1008.4,8.1,0,16,0,220,0,23, , , , , , ,1605
22-aug-2010,0,18.6,0,10.2, , ,0,2.0,1004.2,5.8,0,12,0,240,0,19, , , , , , ,1736
23-aug-2010,0,17.0,0,11.3, , ,0,5.4,996.6,9.1,0,18,0,270,0,27, , , , , , ,1864
24-aug-2010,0,17.4,0,6.3, , ,0,0.1,1003.9,8.8,0,17,0,270,0,25, , , , , , ,1285
25-aug-2010,0,17.6,0,4.9, , ,0,0.0,1006.7,4.8,0,9,0,90,0,15, , , , , , ,1641
26-aug-2010,0,19.2,0,5.1, , ,0,0.0,1005.2,5.4,0,9,0,50,0,17, , , , , , ,1946
27-aug-2010,0,18.1,0,6.8, , ,0,0.0,1012.0,5.3,0,12,0,280,0,16, , , , , , ,1749
28-aug-2010,0,18.6,0,7.5, , ,0,0.1,1018.8,8.0,0,15,0,290,0,20, , , , , , ,1728
29-aug-2010,0,17.1,0,6.4, , ,0,0.4,1019.3,8.0,0,14,0,350,0,22, , , , , , ,1588
30-aug-2010,0,17.8,0,1.8, , ,0,0.0,1022.1,3.1,0,7,0,30,0,11, , , , , , ,2124
31-aug-2010,0,20.1,0,5.8, , ,0,0.0,1018.3,5.1,0,9,0,110,0,15, , , , , , ,1848
01-sep-2010,0,20.9,0,9.9, , ,0,0.0,1014.2,5.9,0,11,0,120,0,18, , , , , , ,1601
02-sep-2010,0,22.6,0,10.5, , ,0,0.0,1013.2,6.6,0,11,0,120,0,17, , , , , , ,1720
03-sep-2010,0,22.4,0,10.0, , ,0,0.0,1011.5,7.4,0,11,0,100,0,18, , , , , , ,1905
04-sep-2010,0,20.2,0,12.5, , ,0,1.3,1009.5,5.4,0,12,0,100,0,18, , , , , , ,1545
05-sep-2010,0,19.1,0,10.4, , ,0,2.7,1001.8,7.9,0,15,0,110,0,25, , , , , , ,860
06-sep-2010,0,17.3,0,13.0, , ,0,32.6,992.2,4.7,0,13,0,120,0,21, , , , , , ,607
07-sep-2010,0,16.8,0,12.5, , ,0,7.9,989.5,6.1,0,14,0,230,0,21, , , , , , ,966
08-sep-2010,0,17.3,0,12.5, , ,0,9.9,997.0,7.6,0,15,0,230,0,22, , , , , , ,1224
09-sep-2010,0,18.0,0,12.6, , ,0,19.2,1006.3,7.0,0,13,0,210,0,19, , , , , , ,1034
10-sep-2010,0,18.3,0,13.2, , ,0,4.7,1003.7,6.7,0,15,0,220,0,22, , , , , , ,1085
11-sep-2010,0,16.8,0,9.5, , ,0,11.6,1009.2,6.5,0,14,0,280,0,43, , , , , , ,1343
12-sep-2010,0,16.1,0,6.2, , ,0,0.2,1018.6,6.9,0,15,0,230,0,22, , , , , , ,874
13-sep-2010,0,17.5,0,14.0, , ,0,16.5,1013.8,14.6,0,23,0,220,0,37, , , , , , ,227
14-sep-2010,0,16.3,0,10.5, , ,0,5.2,1009.8,11.5,0,20,0,270,0,31, , , , , , ,1163
15-sep-2010,0,16.6,0,10.0, , ,0,0.0,1009.8,10.6,0,17,0,300,0,27, , , , , , ,1140
16-sep-2010,0,16.4,0,8.1, , ,0,4.1,1012.5,5.1,0,11,0,290,0,17, , , , , , ,1032
17-sep-2010,0,15.0,0,6.0, , ,0,0.1,1016.0,4.2,0,9,0,320,0,13, , , , , , ,1178
18-sep-2010,0,14.7,0,7.3, , ,0,4.0,1012.0,8.2,0,16,0,210,0,25, , , , , , ,379
19-sep-2010,0,17.4,0,13.1, , ,0,8.6,1004.5,8.5,0,16,0,240,0,23, , , , , , ,638
20-sep-2010,0,18.6,0,12.7, , ,0,0.3,1004.7,8.0,0,15,0,230,0,22, , , , , , ,1310
21-sep-2010,0,18.5,0,12.8, , ,0,2.0,1006.3,8.1,0,12,0,170,0,22, , , , , , ,533
22-sep-2010,0,18.4,0,12.6, , ,0,14.9,1003.2,5.8,0,13,0,230,0,20, , , , , , ,1088
23-sep-2010,0,14.1,0,11.1, , ,0,4.4,1003.8,10.1,0,17,0,320,0,24, , , , , , ,733
24-sep-2010,0,14.4,0,7.6, , ,0,0.0,1012.2,7.5,0,12,0,0,0,20, , , , , , ,1189
25-sep-2010,0,12.6,0,7.5, , ,0,0.0,1017.8,3.1,0,7,0,30,0,12, , , , , , ,855
26-sep-2010,0,11.7,0,7.6, , ,0,0.0,1013.5,4.0,0,8,0,170,0,12, , , , , , ,652
27-sep-2010,0,16.0,0,7.2, , ,0,0.0,1008.4,7.3,0,11,0,100,0,17, , , , , , ,990
28-sep-2010,0,15.2,0,4.8, , ,0,3.5,1006.2,4.6,0,8,0,180,0,17, , , , , , ,453
29-sep-2010,0,16.4,0,4.8, , ,0,0.4,1007.8,4.3,0,11,0,230,0,16, , , , , , ,1325
30-sep-2010,0,16.2,0,8.8, , ,0,0.9,998.5,6.4,0,12,0,140,0,18, , , , , , ,859
01-oct-2010,0,14.2,0,8.6, , ,0,4.3,987.1,10.6,0,19,0,250,0,32, , , , , , ,1030
02-oct-2010,0,14.4,0,9.4, , ,0,0.7,988.1,7.5,0,14,0,180,0,22, , , , , , ,757
03-oct-2010,0,16.3,0,6.3, , ,0,0.1,988.2,6.0,0,15,0,240,0,21, , , , , , ,1275
04-oct-2010,0,14.9,0,7.5, , ,0,2.1,986.8,10.0,0,19,0,170,0,32, , , , , , ,528
05-oct-2010,0,14.3,0,7.5, , ,0,4.3,985.7,10.1,0,18,0,220,0,29, , , , , , ,988
06-oct-2010,0,15.2,0,6.8, , ,0,1.5,995.1,7.8,0,15,0,230,0,23, , , , , , ,1113
07-oct-2010,0,17.2,0,10.5, , ,0,0.4,1002.6,11.0,0,19,0,140,0,26, , , , , , ,1038
08-oct-2010,0,19.3,0,13.3, , ,0,0.1,1002.5,11.3,0,18,0,90,0,27, , , , , , ,346
09-oct-2010,0,17.4,0,12.8, , ,0,0.0,1006.6,12.4,0,17,0,70,0,26, , , , , , ,623
10-oct-2010,0,13.6,0,9.4, , ,0,0.0,1011.0,7.6,0,12,0,80,0,18, , , , , , ,253
11-oct-2010,0,17.6,0,7.0, , ,0,0.1, ,5.3,0,10,0,60,0,15, , , , , , ,1047
12-oct-2010,0,16.2,0,3.3, , ,0,0.2, ,3.2,0,6,0,70,0,10, , , , , , ,937
13-oct-2010,0,9.0,0,2.9, , ,0,0.1,1019.0,2.8,0,5,0,40,0,8, , , , , , ,410
14-oct-2010,0,11.2,0,7.8, , ,0,0.0,1020.2,2.7,0,5,0,310,0,10, , , , , , ,300
15-oct-2010,0,15.4,0,7.2, , ,0,1.2,1019.5,5.7,0,12,0,290,0,18, , , , , , ,574
16-oct-2010,0,14.0,0,1.7, , ,0,0.2,1020.8,2.6,0,6,0,60,0,9, , , , , , ,1080
17-oct-2010,0,13.9,0,1.1, , ,0,1.2,1020.8,5.3,0,13,0,230,0,21, , , , , , ,508
18-oct-2010,0,13.4,0,8.3, , ,0,0.5,1016.1,7.7,0,15,0,270,0,23, , , , , , ,404
19-oct-2010,0,12.3,0,2.3, , ,0,1.7,1014.9,6.9,0,17,0,310,0,26, , , , , , ,705
20-oct-2010,0,11.0,0,-1.4, , ,0,1.5,1019.4,3.8,0,9,0,210,0,16, , , , , , ,832
21-oct-2010,0,12.9,0,1.2, , ,0,0.5,1016.3,4.8,0,12,0,240,0,18, , , , , , ,662
22-oct-2010,0,11.8,0,3.2, , ,0,6.9,1007.3,6.1,0,13,0,210,0,20, , , , , , ,252
23-oct-2010,0,12.5,0,3.1, , ,0,8.3,1004.2,5.4,0,10,0,300,0,19, , , , , , ,764
24-oct-2010,0,11.1,0,-3.1, , ,0,0.0,1015.7,2.6,0,7,0,10,0,10, , , , , , ,903
25-oct-2010,0,11.5,0,-0.8, , ,0,0.8,1015.3,8.3,0,15,0,180,0,25, , , , , , ,527
26-oct-2010,0,15.9,0,11.5, , ,0,11.6,1004.8,11.9,0,17,0,220,0,28, , , , , , ,92
27-oct-2010,0,12.8,0,7.5, , ,0,4.5,1003.6,9.6,0,19,0,220,0,36, , , , , , ,405
28-oct-2010,0,14.7,0,6.9, , ,0,3.1,995.6,10.7,0,18,0,180,0,30, , , , , , ,210
29-oct-2010,0,12.0,0,6.6, , ,0,15.5,983.3,6.5,0,15,0,190,0,24, , , , , , ,108
30-oct-2010,0,13.0,0,4.8, , ,0,0.4,986.4,4.6,0,8,0,190,0,12, , , , , , ,671
31-oct-2010,0,10.9,0,1.0, , ,0,0.1,999.2,5.3,0,9,0,10,0,14, , , , , , ,295
01-nov-2010,0,13.8,0,0.8, , ,0,4.1,1003.7,9.4,0,21,0,230,0,35, , , , , , ,96
02-nov-2010,0,13.3,0,10.1, , ,0,17.3,996.4,15.2,0,25,0,230,0,41, , , , , , ,78
03-nov-2010,0,14.6,0,8.9, , ,0,8.1,1001.5,8.2,0,24,0,230,0,35, , , , , , ,213
04-nov-2010,0,14.9,0,10.8, , ,0,8.8,1006.4,15.6,0,23,0,230,0,38, , , , , , ,74
05-nov-2010,0,11.6,0,6.7, , ,0,8.0,1013.0,7.0,0,12,0,230,0,18, , , , , , ,140
06-nov-2010,0,8.9,0,0.6, , ,0,3.2,1013.2,5.1,0,12,0,320,0,17, , , , , , ,392
07-nov-2010,0,8.5,0,-0.8, , ,0,10.9,990.2,9.0,0,21,0,180,0,34, , , , , , ,303
08-nov-2010,0,10.4,0,4.7, , ,0,6.5,962.2,6.3,0,13,0,10,0,22, , , , , , ,400
09-nov-2010,0,9.3,0,-0.2, , ,0,0.4,981.4,9.0,0,16,0,10,0,28, , , , , , ,519
10-nov-2010,0,8.5,0,-3.6, , ,0,2.6,987.8,6.2,0,16,0,160,0,26, , , , , , ,410
11-nov-2010,0,12.2,0,6.6, , ,0,6.8,975.9,20.7,0,31,0,240,0,53, , , , , , ,286
12-nov-2010,0,10.3,0,4.8, , ,0,4.4,984.2,8.9,0,19,0,260,0,32, , , , , , ,305
13-nov-2010,0,5.8,0,-0.4, , ,0,9.8,983.7,4.1,0,11,0,190,0,17, , , , , , ,162
14-nov-2010,0,8.3,0,-3.0, , ,0,0.2,991.8,3.1,0,10,0,150,0,16, , , , , , ,441
15-nov-2010,0,9.5,0,0.3, , ,0,1.6,1005.3,3.5,0,9,0,290,0,15, , , , , , ,389
16-nov-2010,0,9.6,0,4.5, , ,0,8.4,998.1,11.1,0,21,0,120,0,36, , , , , , ,200
17-nov-2010,0,10.0,0,6.3, , ,0,8.6,982.6,12.2,0,19,0,150,0,29, , , , , , ,358
18-nov-2010,0,10.0,0,4.9, , ,0,8.9,989.2,10.3,0,18,0,240,0,27, , , , , , ,270
19-nov-2010,0,9.7,0,2.5, , ,0,0.4,1001.8,5.0,0,9,0,70,0,12, , , , , , ,400
20-nov-2010,0,8.9,0,4.4, , ,0,0.0,1009.6,6.5,0,11,0,60,0,15, , , , , , ,260
21-nov-2010,0,6.6,0,-0.7, , ,0,0.0,1013.5,5.7,0,9,0,20,0,16, , , , , , ,488
22-nov-2010,0,6.7,0,-4.0, , ,0,0.0, ,2.9,0,8,0,20,0,12, , , , , , ,309
23-nov-2010,0,6.5,0,-4.6, , ,0,0.1, ,1.6,0,5,0,320,0,7, , , , , , ,447
24-nov-2010,0,5.4,0,-0.9, , ,0,0.5,1011.2,3.9,0,9,0,320,0,14, , , , , , ,293
25-nov-2010,0,5.7,0,-2.2, , ,0,2.9,1012.8,6.8,0,10,0,270,0,16, , , , , , ,422
26-nov-2010,0,5.0,0,-0.4, , ,0,4.2,1007.0,7.2,0,12,0,340,0,19, , , , , , ,384
27-nov-2010,0,1.7,0,-2.2, , ,0,0.4,1006.2,6.0,0,10,0,350,0,16, , , , , , ,425
28-nov-2010,0,-1.1,0,-7.5, , ,0,0.0,1004.2,2.0,0,6,0,340,0,8, , , , , , ,316
29-nov-2010,0,-1.7,0,-6.4, , ,0,0.0,1010.2,2.7,0,6,0,50,0,9, , , , , , ,246
30-nov-2010,0,1.4,0,-4.0, , ,0,3.0,1014.5,7.4,0,14,0,40,0,22, , , , , , , 
01-dec-2010,0,-0.7,0,-5.7, , ,0,0.0,1014.0,6.7,0,9,0,0,0,15, , , , , , ,0
02-dec-2010,0,-1.8,0,-10.1, , ,0,0.0,1012.9,4.6,0,9,0,0,0,13, , , , , , ,0
03-dec-2010,0,4.3,0,-9.0, , ,0,0.0,1004.1,5.1,0,10,0,190,0,17, , , , , , ,0
04-dec-2010,0,2.3,0,-6.3, , ,0,2.0,999.8,2.1,0,5,0,10,0,7, , , , , , ,0
05-dec-2010,0,3.7,0,-6.3, , ,0,0.0,1002.5,2.1,0,7,0,310,0,9, , , , , , ,0
06-dec-2010,0,1.4,0,-6.4, , ,0,1.5,997.4,4.5,0,11,0,10,0,17, , , , , , ,279
07-dec-2010,0,1.6,0,-5.2, , ,0,0.0,1004.5,6.0,0,9,0,10,0,15, , , , , , ,393
08-dec-2010,0,2.3,0,-6.6, , ,0,0.0,1018.1,4.4,0,8,0,320,0,10, , , , , , ,388
09-dec-2010,0,5.9,0,-5.4, , ,0,0.0,1028.3,2.7,0,7,0,250,0,12, , , , , , ,132
10-dec-2010,0,8.1,0,2.2, , ,0,0.0,1029.3,3.2,0,6,0,220,0,9, , , , , , ,152
11-dec-2010,0,5.5,0,-1.9, , ,0,0.4,1024.4,2.3,0,7,0,60,0,10, , , , , , ,143
12-dec-2010,0,3.9,0,-2.8, , ,0,0.0,1019.8,5.0,0,12,0,80,0,15, , , , , , ,225
13-dec-2010,0,4.4,0,-1.8, , ,0,0.0,1023.6,5.4,0,9,0,100,0,13, , , , , , ,263
14-dec-2010,0,5.1,0,-2.7, , ,0,0.0,1033.1,3.6,0,6,0,60,0,9, , , , , , ,331
15-dec-2010,0,5.7,0,2.8, , ,0,0.2,1033.9,4.0,0,8,0,230,0,11, , , , , , ,125
16-dec-2010,0,8.3,0,-2.2, , ,0,1.7,1017.9,9.2,0,20,0,330,0,30, , , , , , ,148
17-dec-2010,0,1.5,0,-2.7, , ,0,2.2,998.0,6.1,0,11,0,290,0,16, , , , , , ,300
18-dec-2010,0,-1.5,0,-7.8, , ,0,0.4,988.0,4.3,0,8,0,90,0,12, , , , , , ,242
19-dec-2010,0,-2.0,0,-8.9, , ,0,0.0,991.1,6.3,0,10,0,70,0,15, , , , , , ,191
20-dec-2010,0,-5.3,0,-13.8, , ,0,0.1,997.4,2.3,0,6,0,60,0,10, , , , , , ,348
21-dec-2010,0,-4.2,0,-13.6, , ,0,0.0,1001.9,2.4,0,6,0,50,0,9, , , , , , ,358
22-dec-2010,0,-5.7,0,-15.8, , ,0,0.0,1008.4,1.1,0,3,0,350,0,6, , , , , , ,373
23-dec-2010,0,-2.4,0,-13.6, , ,0,0.2,1015.8,0.9,0,4,0,350,0,5, , , , , , ,349
24-dec-2010,0,-4.7,0,-14.9, , ,0,0.0,1021.3,0.3,0,1,0,20,0,2, , , , , , ,382
25-dec-2010,0,-2.5,0,-14.5, , ,0,0.0,1022.3,2.1,0,7,0,80,0,9, , , , , , ,352
26-dec-2010,0,6.9,0,-3.8, , ,0,7.4,1009.4,11.6,0,16,0,150,0,28, , , , , , ,30
27-dec-2010,0,9.5,0,6.8, , ,0,9.4,996.0,8.1,0,15,0,150,0,27, , , , , , ,54
28-dec-2010,0,11.5,0,5.6, , ,0,0.2,999.5,6.4,0,11,0,180,0,17, , , , , , ,135
29-dec-2010,0,10.4,0,5.9, , ,0,6.6,1009.1,6.6,0,11,0,190,0,16, , , , , , ,59
30-dec-2010,0,8.8,0,6.7, , ,0,0.0,1017.4,5.9,0,10,0,80,0,14, , , , , , ,143
31-dec-2010,0,7.5,0,5.0, , ,0,0.0,1021.8,2.3,0,5,0,80,0,8, , , , , , ,63
01-jan-2011,0,7.9,0,1.6, , ,0,0.2,1024.5,3.5,0,7,0,300,0,11, , , , , , ,161
02-jan-2011,0,2.7,0,-0.1, , ,0,0.0,1025.6,3.5,0,7,0,20,0,13, , , , , , ,118
03-jan-2011,0,2.7,0,-3.8, , ,0,0.0,1018.5,2.6,0,5,0,50,0,7, , , , , , ,250
04-jan-2011,0,6.5,0,-1.5, , ,0,8.8,1003.3,8.3,0,18,0,210,0,27, , , , , , ,67
05-jan-2011,0,7.4,0,-2.8, , ,0,0.2,990.6,5.4,0,17,0,240,0,30, , , , , , ,283
06-jan-2011,0,4.0,0,-4.2, , ,0,0.0,993.6,3.4,0,9,0,10,0,15, , , , , , ,301
07-jan-2011,0,1.1,0,-4.0, , ,0,0.0,992.3,7.3,0,11,0,0,0,16, , , , , , ,218
08-jan-2011,0,5.7,0,-6.3, , ,0,1.4,993.9,6.8,0,19,0,240,0,31, , , , , , ,215
09-jan-2011,0,5.8,0,-4.7, , ,0,0.0,1002.8,4.1,0,7,0,200,0,15, , , , , , ,342
10-jan-2011,0,7.8,0,2.1, , ,0,6.0,994.7,5.9,0,15,0,320,0,20, , , , , , ,91
11-jan-2011,0,8.0,0,0.1, , ,0,15.2,1000.4,6.9,0,14,0,310,0,21, , , , , , ,216
12-jan-2011,0,11.3,0,7.9, , ,0,9.4,998.1,8.9,0,16,0,230,0,25, , , , , , ,76
13-jan-2011,0,11.2,0,8.4, , ,0,4.6,997.1,7.4,0,15,0,240,0,27, , , , , , ,117
14-jan-2011,0,10.1,0,6.1, , ,0,11.2,995.9,11.2,0,18,0,230,0,30, , , , , , ,331
15-jan-2011,0,12.1,0,8.6, , ,0,39.8,991.5,16.2,0,23,0,200,0,37, , , , , , ,23
16-jan-2011,0,10.9,0,3.9, , ,0,3.4,1000.9,11.6,0,18,0,210,0,28, , , , , , ,385
17-jan-2011,0,8.1,0,-3.0, , ,0,1.0,1015.1,2.8,0,11,0,260,0,19, , , , , , ,362
18-jan-2011,0,7.2,0,-4.1, , ,0,0.0,1025.4,2.3,0,6,0,240,0,8, , , , , , ,463
19-jan-2011,0,6.3,0,-4.2, , ,0,0.0,1030.4,3.2,0,6,0,150,0,9, , , , , , ,491
20-jan-2011,0,3.7,0,-3.6, , ,0,0.0,1033.4,4.1,0,7,0,90,0,9, , , , , , ,408
21-jan-2011,0,5.6,0,-4.9, , ,0,0.0,1036.7,2.0,0,4,0,340,0,5, , , , , , ,502
22-jan-2011,0,3.4,0,-4.5, , ,0,0.0,1037.9,2.9,0,6,0,50,0,9, , , , , , ,286
23-jan-2011,0,2.3,0,-2.0, , ,0,0.0,1036.9,1.5,0,4,0,330,0,6, , , , , , ,238
24-jan-2011,0,6.8,0,-0.2, , ,0,0.4,1031.4,3.6,0,7,0,250,0,11, , , , , , ,235
25-jan-2011,0,9.3,0,5.4, , ,0,1.4,1019.3,7.7,0,14,0,320,0,21, , , , , , ,119
26-jan-2011,0,8.2,0,1.3, , ,0,0.0,1013.8,7.5,0,11,0,340,0,19, , , , , , ,369
27-jan-2011,0,5.5,0,-0.6, , ,0,0.0,1018.8,6.2,0,10,0,80,0,15, , , , , , ,326
28-jan-2011,0,4.4,0,-4.1, , ,0,0.0,1021.0,2.8,0,6,0,320,0,11, , , , , , ,531
29-jan-2011,0,3.8,0,-0.6, , ,0,0.0,1020.8,3.3,0,6,0,80,0,9, , , , , , ,258
30-jan-2011,0,4.6,0,0.1, , ,0,0.0,1019.8,4.6,0,9,0,190,0,12, , , , , , ,405
31-jan-2011,0,9.7,0,-0.3, , ,0,7.8,1015.7,8.2,0,14,0,230,0,22, , , , , , ,142
01-feb-2011,0,9.7,0,6.0, , ,0,1.3,1015.4,9.5,0,17,0,230,0,26, , , , , , ,279
02-feb-2011,0,11.2,0,3.8, , ,0,5.8,1009.4,14.5,0,23,0,240,0,36, , , , , , ,334
03-feb-2011,0,10.1,0,2.2, , ,0,6.5,1006.4,14.8,0,31,0,220,0,46, , , , , , ,152
04-feb-2011,0,12.0,0,7.1, , ,0,13.9,999.3,22.8,0,31,0,220,0,48, , , , , , ,121
05-feb-2011,0,8.8,0,6.2, , ,0,15.9,1002.8,5.1,0,15,0,230,0,22, , , , , , ,112
06-feb-2011,0,9.4,0,5.6, , ,0,37.8,1000.6,4.4,0,13,0,150,0,21, , , , , , ,250
07-feb-2011,0,10.6,0,-0.2, , ,0,7.0,1000.0,9.8,0,22,0,310,0,34, , , , , , ,567
08-feb-2011,0,10.2,0,-1.2, , ,0,1.0,1007.0,7.0,0,15,0,150,0,24, , , , , , ,447
09-feb-2011,0,9.9,0,2.1, , ,0,7.8,1003.7,4.8,0,9,0,170,0,13, , , , , , ,135
10-feb-2011,0,8.1,0,-0.5, , ,0,0.1,1003.1,4.8,0,11,0,110,0,15, , , , , , ,558
11-feb-2011,0,11.0,0,1.4, , ,0,3.0,1000.7,5.8,0,13,0,240,0,18, , , , , , ,411
12-feb-2011,0,8.2,0,0.3, , ,0,2.6,996.8,7.9,0,18,0,140,0,28, , , , , , ,373
13-feb-2011,0,7.3,0,0.6, , ,0,4.8,988.0,2.5,0,11,0,180,0,17, , , , , , ,441
14-feb-2011,0,5.8,0,1.1, , ,0,2.5,987.0,6.0,0,14,0,230,0,24, , , , , , ,604
15-feb-2011,0,6.4,0,1.3, , ,0,5.2,977.3,9.0,0,14,0,70,0,23, , , , , , ,283
16-feb-2011,0,8.9,0,-0.9, , ,0,0.0,984.7,6.1,0,12,0,90,0,16, , , , , , ,676
17-feb-2011,0,5.9,0,0.1, , ,0,0.0,996.9,4.0,0,7,0,70,0,9, , , , , , ,365
18-feb-2011,0,8.9,0,1.4, , ,0,3.7,996.8,6.8,0,13,0,120,0,21, , , , , , ,192
19-feb-2011,0,12.0,0,4.0, , ,0,0.5,998.4,5.6,0,9,0,180,0,14, , , , , , ,766
20-feb-2011,0,11.8,0,6.0, , ,0,5.7,1000.2,7.9,0,14,0,140,0,23, , , , , , ,360
21-feb-2011,0,12.7,0,3.1, , ,0,0.7,1003.3,3.3,0,7,0,240,0,11, , , , , , ,791
22-feb-2011,0,10.8,0,7.0, , ,0,5.2,1005.5,6.0,0,12,0,230,0,18, , , , , , ,192
23-feb-2011,0,12.9,0,9.4, , ,0,3.8,1005.5,9.8,0,22,0,240,0,30, , , , , , ,506
24-feb-2011,0,14.2,0,7.3, , ,0,0.0,1009.9,9.5,0,16,0,230,0,24, , , , , , ,449
25-feb-2011,0,12.2,0,7.0, , ,0,9.0,1009.6,10.7,0,18,0,230,0,28, , , , , , ,616
26-feb-2011,0,9.7,0,2.7, , ,0,2.0,1013.0,6.6,0,14,0,270,0,23, , , , , , ,860
27-feb-2011,0,10.4,0,-0.8, , ,0,0.7,1022.4,7.7,0,15,0,310,0,21, , , , , , ,929
28-feb-2011,0,9.8,0,-3.6, , ,0,0.0,1030.3,2.1,0,5,0,280,0,9, , , , , , ,913
01-mar-2011,0,11.4,0,2.8, , ,0,0.1,1033.6,3.4,0,7,0,190,0,12, , , , , , ,1155
02-mar-2011,0,9.8,0,-2.3, , ,0,0.0,1032.5,3.1,0,6,0,170,0,9, , , , , , ,970
03-mar-2011,0,12.3,0,-0.6, , ,0,0.0,1032.5,2.9,0,5,0,90,0,7, , , , , , ,1148
04-mar-2011,0,11.6,0,-1.6, , ,0,0.0,1029.0,3.6,0,7,0,70,0,9, , , , , , ,953
05-mar-2011,0,11.5,0,5.6, , ,0,0.0,1026.6,4.0,0,7,0,70,0,12, , , , , , ,609
06-mar-2011,0,7.5,0,-0.4, , ,0,0.0,1025.2,3.4,0,8,0,160,0,12, , , , , , ,258
07-mar-2011,0,10.5,0,-0.7, , ,0,0.2,1021.8,4.1,0,9,0,180,0,13, , , , , , ,916
08-mar-2011,0,9.9,0,1.2, , ,0,0.6,1013.5,9.7,0,20,0,230,0,28, , , , , , ,516
09-mar-2011,0,10.3,0,4.2, , ,0,1.9,1007.7,14.5,0,23,0,230,0,36, , , , , , ,919
10-mar-2011,0,9.5,0,2.8, , ,0,1.9,1005.1,13.7,0,23,0,250,0,35, , , , , , ,842
11-mar-2011,0,5.4,0,0.3, , ,0,16.8,1002.1,5.3,0,15,0,240,0,22, , , , , , ,262
12-mar-2011,0,7.7,0,-3.6, , ,0,6.0,994.0,6.0,0,11,0,290,0,15, , , , , , ,711
13-mar-2011,0,7.2,0,-4.3, , ,0,1.2,999.4,8.8,0,19,0,300,0,26, , , , , , ,1128
14-mar-2011,0,7.1,0,-0.7, , ,0,0.5,1008.6,4.9,0,11,0,0,0,19, , , , , , ,755
15-mar-2011,0,10.3,0,-4.8, , ,0,0.0,1011.9,2.7,0,8,0,310,0,12, , , , , , ,1449
16-mar-2011,0,10.6,0,-4.0, , ,0,0.0,1010.3,4.8,0,11,0,250,0,17, , , , , , ,1518
17-mar-2011,0,9.1,0,-0.6, , ,0,1.0,1011.8,4.2,0,11,0,290,0,15, , , , , , ,830
18-mar-2011,0,10.3,0,-3.0, , ,0,0.0,1020.2,5.2,0,17,0,240,0,25, , , , , , ,1132
19-mar-2011,0,10.2,0,-1.5, , ,0,4.9,1022.6,6.5,0,14,0,180,0,21, , , , , , ,905
20-mar-2011,0,12.2,0,8.0, , ,0,1.9,1022.0,8.6,0,14,0,250,0,21, , , , , , ,1033
21-mar-2011,0,13.4,0,7.7, , ,0,0.0,1027.9,6.8,0,15,0,230,0,22, , , , , , ,823
22-mar-2011,0,15.8,0,4.9, , ,0,0.1,1032.8,3.5,0,7,0,240,0,11, , , , , , ,1223
23-mar-2011,0,16.1,0,3.4, , ,0,0.0,1033.8,3.8,0,8,0,110,0,12, , , , , , ,1460
24-mar-2011,0,16.3,0,1.8, , ,0,0.0,1027.8,4.7,0,8,0,90,0,12, , , , , , ,1644
25-mar-2011,0,14.1,0,2.1, , ,0,0.0,1018.2,6.4,0,12,0,60,0,20, , , , , , ,1682
26-mar-2011,0,10.8,0,-0.7, , ,0,0.0,1011.9,3.9,0,9,0,50,0,13, , , , , , ,976
27-mar-2011,0,12.7,0,0.2, , ,0,0.0,1011.0,3.9,0,9,0,60,0,14, , , , , , ,1265
28-mar-2011,0,13.4,0,1.8, , ,0,0.0,1009.2,4.4,0,9,0,90,0,14, , , , , , ,1553
29-mar-2011,0,12.7,0,7.6, , ,0,0.0,1003.6,4.4,0,9,0,150,0,15, , , , , , ,475
30-mar-2011,0,13.1,0,7.6, , ,0,3.1,996.2,10.2,0,21,0,230,0,28, , , , , , ,1484
31-mar-2011,0,14.4,0,9.1, , ,0,4.0,994.6,14.7,0,34,0,230,0,52, , , , , , ,1120
01-apr-2011,0,15.0,0,7.7, , ,0,8.4,995.7,14.4,0,22,0,190,0,34, , , , , , ,763
02-apr-2011,0,13.2,0,4.8, , ,0,4.9,998.5,8.5,0,18,0,230,0,26, , , , , , ,1412
03-apr-2011,0,10.8,0,4.2, , ,0,2.1,1006.0,8.5,0,17,0,230,0,24, , , , , , ,1851
04-apr-2011,0,13.7,0,5.7, , ,0,17.2,1004.2,14.2,0,22,0,230,0,34, , , , , , ,913
05-apr-2011,0,14.5,0,12.0, , ,0,13.0,1005.6,13.4,0,19,0,210,0,31, , , , , , ,229
06-apr-2011,0,15.7,0,10.6, , ,0,0.8,1014.7,9.7,0,17,0,250,0,24, , , , , , ,1344
07-apr-2011,0,15.4,0,4.1, , ,0,0.5,1023.0,5.6,0,12,0,240,0,18, , , , , , ,1335
08-apr-2011,0,19.6,0,2.8, , ,0,0.1,1022.1,4.5,0,9,0,90,0,13, , , , , , ,1758
09-apr-2011,0,18.2,0,7.5, , ,0,0.0,1016.0,6.4,0,11,0,120,0,16, , , , , , ,1427
10-apr-2011,0,14.7,0,7.8, , ,0,0.2,1018.0,5.9,0,13,0,250,0,20, , , , , , ,826
11-apr-2011,0,12.4,0,3.8, , ,0,6.5,1021.3,9.9,0,21,0,310,0,33, , , , , , ,1625
12-apr-2011,0,12.0,0,2.9, , ,0,3.4,1022.0,8.6,0,16,0,220,0,23, , , , , , ,1691
13-apr-2011,0,14.2,0,6.4, , ,0,5.5,1011.2,7.9,0,15,0,170,0,25, , , , , , ,1182
14-apr-2011,0,14.3,0,7.1, , ,0,0.1,1011.5,4.4,0,9,0,240,0,13, , , , , , ,1213
15-apr-2011,0,14.5,0,2.6, , ,0,0.2,1014.3,5.7,0,13,0,220,0,18, , , , , , ,1358
16-apr-2011,0,13.2,0,3.1, , ,0,1.0,1018.0,4.3,0,9,0,240,0,13, , , , , , ,1770
17-apr-2011,0,16.6,0,2.0, , ,0,0.0,1018.5,3.3,0,8,0,110,0,12, , , , , , ,1695
18-apr-2011,0,17.9,0,3.3, , ,0,0.0,1011.3,4.9,0,10,0,200,0,16, , , , , , ,1849
19-apr-2011,0,18.9,0,4.4, , ,0,0.0,1009.3,5.0,0,8,0,30,0,13, , , , , , ,1971
20-apr-2011,0,18.1,0,6.0, , ,0,1.8,1011.0,3.5,0,8,0,300,0,10, , , , , , ,1024
21-apr-2011,0,21.8,0,9.9, , ,0,0.1,1006.1,5.2,0,10,0,100,0,15, , , , , , ,1711
22-apr-2011,0,17.9,0,9.0, , ,0,0.1,1001.2,7.8,0,14,0,180,0,21, , , , , , ,924
23-apr-2011,0,13.1,0,5.2, , ,0,0.0,1009.6,6.0,0,11,0,240,0,18, , , , , , ,2177
24-apr-2011,0,14.9,0,6.3, , ,0,0.6,1017.8,6.0,0,11,0,250,0,16, , , , , , ,1540
25-apr-2011,0,14.7,0,6.4, , ,0,0.2,1024.0,5.7,0,10,0,0,0,15, , , , , , ,1614
26-apr-2011,0,16.1,0,7.4, , ,0,0.0,1023.4,5.4,0,10,0,100,0,14, , , , , , ,1663
27-apr-2011,0,18.9,0,9.1, , ,0,0.2,1021.5,3.2,0,7,0,240,0,9, , , , , , ,1481
28-apr-2011,0,18.9,0,7.8, , ,0,0.0,1017.1,5.1,0,10,0,40,0,16, , , , , , ,2171
29-apr-2011,0,19.0,0,3.7, , ,0,0.0,1011.4,8.0,0,13,0,60,0,20, , , , , , ,2381
30-apr-2011,0,18.2,0,7.9, , ,0,0.0,1007.3,10.6,0,17,0,80,0,25, , , , , , ,2242
01-may-2011,0,17.8,0,7.5, , ,0,0.0,1005.6,10.8,0,18,0,70,0,27, , , , , , ,2088
02-may-2011,0,18.2,0,7.5, , ,0,0.0,1006.4,11.7,0,17,0,90,0,25, , , , , , ,1840
03-may-2011,0,13.5,0,6.6, , ,0,1.6,1009.0,10.8,0,15,0,100,0,23, , , , , , ,1441
04-may-2011,0,13.6,0,6.6, , ,0,1.4,1007.5,10.2,0,15,0,120,0,25, , , , , , ,1299
05-may-2011,0,17.2,0,10.6, , ,0,4.1,1003.1,8.5,0,14,0,140,0,25, , , , , , ,967
06-may-2011,0,16.9,0,9.4, , ,0,1.6,1000.4,9.0,0,15,0,150,0,28, , , , , , ,1585
07-may-2011,0,18.3,0,8.9, , ,0,4.7,996.3,9.6,0,17,0,110,0,28, , , , , , ,1714
08-may-2011,0,16.1,0,8.6, , ,0,7.4,995.2,12.1,0,20,0,150,0,33, , , , , , ,1752
09-may-2011,0,15.5,0,10.6, , ,0,5.4,1001.0,11.8,0,18,0,180,0,29, , , , , , ,1505
10-may-2011,0,14.5,0,9.4, , ,0,2.7,1009.2,12.4,0,18,0,230,0,27, , , , , , ,1213
11-may-2011,0,12.6,0,8.6, , ,0,4.9,1014.3,11.4,0,20,0,230,0,31, , , , , , ,1526
12-may-2011,0,14.0,0,8.1, , ,0,1.7,1014.8,10.7,0,17,0,240,0,25, , , , , , ,1586
13-may-2011,0,12.5,0,6.7, , ,0,8.4,1014.4,7.9,0,18,0,250,0,27, , , , , , ,2048
14-may-2011,0,14.0,0,8.1, , ,0,0.2,1020.0,9.8,0,19,0,290,0,28, , , , , , ,1929
15-may-2011,0,12.1,0,9.3, , ,0,0.9,1022.2,10.7,0,14,0,240,0,29, , , , , , ,349
16-may-2011,0,13.1,0,11.0, , ,0,0.5,1018.1,13.9,0,21,0,230,0,31, , , , , , ,704
17-may-2011,0,15.4,0,10.4, , ,0,2.3,1011.5,11.1,0,16,0,230,0,25, , , , , , ,1136
18-may-2011,0,13.5,0,5.9, , ,0,0.5,1009.8,10.8,0,18,0,240,0,29, , , , , , ,1738
19-may-2011,0,12.7,0,4.1, , ,0,5.0,1011.0,7.9,0,15,0,220,0,24, , , , , , ,1441
20-may-2011,0,12.7,0,7.5, , ,0,2.9,1009.4,10.8,0,18,0,230,0,28, , , , , , ,2517
21-may-2011,0,13.9,0,7.7, , ,0,18.6,1002.9,11.3,0,18,0,220,0,32, , , , , , ,756
22-may-2011,0,13.8,0,7.3, , ,0,5.8,1003.0,13.4,0,19,0,260,0,34, , , , , , ,2237
23-may-2011,0,12.5,0,7.3, , ,0,14.0,1005.9,18.7,0,32,0,240,0,47, , , , , , ,2345
24-may-2011,0,14.9,0,7.0, , ,0,0.6,1018.0,9.9,0,20,0,240,0,29, , , , , , ,2456
25-may-2011,0,14.0,0,9.6, , ,0,3.3,1007.6,11.9,0,18,0,200,0,33, , , , , , ,1136
26-may-2011,0,12.9,0,5.0, , ,0,4.7,1008.2,14.7,0,22,0,310,0,33, , , , , , ,1639
27-may-2011,0,11.5,0,5.3, , ,0,3.1,1013.0,10.5,0,17,0,210,0,27, , , , , , ,882
28-may-2011,0,13.5,0,9.2, , ,0,0.6,1003.9,11.4,0,18,0,240,0,27, , , , , , ,1463
29-may-2011,0,14.3,0,7.8, , ,0,1.7,1001.9,12.1,0,20,0,230,0,29, , , , , , ,1808
30-may-2011,0,12.6,0,4.9, , ,0,5.0,1007.2,7.8,0,17,0,240,0,25, , , , , , ,2735
31-may-2011,0,13.6,0,6.4, , ,0,0.8,1014.6,10.2,0,15,0,220,0,24, , , , , , ,2177
01-jun-2011,0,14.6,0,11.3, , ,0,0.6,1022.9,12.0,0,18,0,240,0,27, , , , , , ,948
02-jun-2011,0,21.0,0,11.6, , ,0,0.1,1029.4,3.6,0,8,0,240,0,11, , , , , , ,2314
03-jun-2011,0,24.1,0,8.3, , ,0,0.0,1028.9,5.1,0,13,0,330,0,21, , , , , , ,2566
04-jun-2011,0,16.9,0,8.9, , ,0,0.0,1023.1,8.2,0,12,0,330,0,18, , , , , , ,2112
05-jun-2011,0,15.1,0,4.3, , ,0,0.2,1012.8,8.1,0,15,0,310,0,23, , , , , , ,1364
06-jun-2011,0,12.7,0,2.6, , ,0,2.6,1001.5,6.1,0,12,0,240,0,18, , , , , , ,951
07-jun-2011,0,15.9,0,6.6, , ,0,2.0,992.6,8.1,0,16,0,270,0,31, , , , , , ,2243
08-jun-2011,0,14.3,0,5.6, , ,0,4.8,1000.5,12.2,0,20,0,300,0,29, , , , , , ,1802
09-jun-2011,0,11.6,0,4.6, , ,0,11.6,1007.8,5.9,0,14,0,280,0,20, , , , , , ,1634
10-jun-2011,0,13.4,0,3.5, , ,0,2.1,1009.8,5.4,0,13,0,240,0,19, , , , , , ,2214
11-jun-2011,0,15.1,0,2.7, , ,0,0.0,1010.3,3.8,0,8,0,220,0,14, , , , , , ,2718
12-jun-2011,0,11.4,0,5.9, , ,0,12.2,1001.9,8.6,0,17,0,60,0,27, , , , , , ,637
13-jun-2011,0,17.3,0,6.6, , ,0,0.1,1006.0,7.5,0,14,0,250,0,20, , , , , , ,2475
14-jun-2011,0,18.4,0,4.9, , ,0,2.3,1007.7,7.8,0,14,0,150,0,23, , , , , , ,2322
15-jun-2011,0,16.0,0,8.6, , ,0,1.6,1003.4,9.6,0,14,0,230,0,22, , , , , , ,2309
16-jun-2011,0,14.9,0,7.6, , ,0,2.6,1000.4,9.3,0,17,0,240,0,30, , , , , , ,2319
17-jun-2011,0,15.4,0,9.4, , ,0,15.0,993.9,7.3,0,14,0,250,0,23, , , , , , ,2234
18-jun-2011,0,15.8,0,9.2, , ,0,9.0,997.6,9.1,0,18,0,300,0,27, , , , , , ,1721
19-jun-2011,0,16.3,0,6.8, , ,0,0.0,1006.1,5.9,0,11,0,240,0,17, , , , , , ,2239
20-jun-2011,0,17.3,0,5.5, , ,0,1.4,1003.5,6.3,0,12,0,100,0,18, , , , , , ,1449
21-jun-2011,0,16.2,0,10.7, , ,0,19.4,998.1,5.3,0,12,0,210,0,18, , , , , , ,1210
22-jun-2011,0,18.2,0,9.1, , ,0,0.9,1004.1,8.5,0,16,0,290,0,24, , , , , , ,2074
23-jun-2011,0,15.6,0,7.3, , ,0,0.5,1012.8,6.7,0,13,0,250,0,20, , , , , , ,1617
24-jun-2011,0,14.6,0,6.4, , ,0,27.0,1010.6,7.0,0,14,0,210,0,25, , , , , , ,575
25-jun-2011,0,15.9,0,14.1, , ,0,8.7,1009.3,10.7,0,16,0,220,0,25, , , , , , ,544
26-jun-2011,0,19.9,0,10.2, , ,0,0.0,1010.6,7.7,0,14,0,240,0,22, , , , , , ,1094
27-jun-2011,0,16.1,0,6.7, , ,0,0.0,1012.3,4.9,0,13,0,260,0,18, , , , , , ,1703
28-jun-2011,0,15.8,0,4.9, , ,0,0.0,1015.2,6.8,0,14,0,240,0,21, , , , , , ,2903
29-jun-2011,0,15.3,0,8.2, , ,0,10.5,1019.4,6.1,0,14,0,280,0,20, , , , , , ,1751
30-jun-2011,0,17.1,0,10.2, , ,0,0.0,1023.2,6.8,0,14,0,240,0,19, , , , , , ,1664
01-jul-2011,0,17.9,0,9.4, , ,0,0.0,1021.3,3.8,0,8,0,230,0,12, , , , , , ,2027
02-jul-2011,0,18.9,0,8.1, , ,0,0.0,1015.3,5.2,0,12,0,240,0,19, , , , , , ,2466
03-jul-2011,0,19.1,0,8.5, , ,0,0.0,1011.8,4.1,0,9,0,240,0,13, , , , , , ,1952
04-jul-2011,0,20.7,0,11.6, , ,0,0.1,1005.4,6.6,0,13,0,150,0,25, , , , , , ,1730
05-jul-2011,0,17.4,0,8.6, , ,0,0.9,998.4,8.8,0,16,0,240,0,24, , , , , , ,1485
06-jul-2011,0,14.3,0,6.2, , ,0,5.7,993.6,7.4,0,14,0,90,0,24, , , , , , ,1161
07-jul-2011,0,14.7,0,11.1, , ,0,24.6,989.5,6.8,0,12,0,210,0,18, , , , , , ,769
08-jul-2011,0,16.8,0,10.6, , ,0,7.0,994.9,6.3,0,11,0,290,0,15, , , , , , ,1255
09-jul-2011,0,17.6,0,9.2, , ,0,0.3,1006.6,4.5,0,11,0,220,0,15, , , , , , ,1469
10-jul-2011,0,17.9,0,8.6, , ,0,0.0,1014.3,4.0,0,10,0,240,0,17, , , , , , ,1598
11-jul-2011,0,18.8,0,11.0, , ,0,0.0,1017.3,3.5,0,7,0,10,0,13, , , , , , ,1440
12-jul-2011,0,20.1,0,10.3, , ,0,0.0,1016.8,3.6,0,6,0,80,0,10, , , , , , ,1294
13-jul-2011,0,21.1,0,10.7, , ,0,0.0,1016.6,5.1,0,10,0,240,0,14, , , , , , ,2083
14-jul-2011,0,18.2,0,10.2, , ,0,0.2,1015.3,5.1,0,10,0,250,0,15, , , , , , ,1591
15-jul-2011,0,16.4,0,12.4, , ,0,1.4,1005.8,7.3,0,13,0,230,0,21, , , , , , ,772
16-jul-2011,0,16.8,0,11.5, , ,0,2.4,993.6,12.0,0,18,0,300,0,27, , , , , , ,1380
17-jul-2011,0,13.9,0,12.1, , ,0,1.7,993.3,14.6,0,21,0,300,0,36, , , , , , ,611
18-jul-2011,0,14.6,0,11.4, , ,0,1.4,997.3,11.9,0,17,0,300,0,25, , , , , , ,772
19-jul-2011,0,18.0,0,11.3, , ,0,0.0,1003.1,8.7,0,14,0,300,0,26, , , , , , ,1372
20-jul-2011,0,17.0,0,10.9, , ,0,0.0,1007.9,6.3,0,13,0,330,0,18, , , , , , ,1355
21-jul-2011,0,16.1,0,8.4, , ,0,0.0,1014.5,6.4,0,11,0,330,0,16, , , , , , ,1063
22-jul-2011,0,18.0,0,5.4, , ,0,0.0,1015.8,4.8,0,11,0,330,0,14, , , , , , ,2061
23-jul-2011,0,18.2,0,9.0, , ,0,0.1,1012.5,3.1,0,7,0,230,0,10, , , , , , ,1477
24-jul-2011,0,21.5,0,13.8, , ,0,1.4,1008.5,3.8,0,7,0,240,0,11, , , , , , ,1115
25-jul-2011,0,20.1,0,13.6, , ,0,1.1,1008.6,6.0,0,12,0,310,0,18, , , , , , ,713
26-jul-2011,0,19.8,0,9.4, , ,0,0.2,1013.5,4.8,0,8,0,320,0,13, , , , , , ,1812
27-jul-2011,0,16.7,0,8.9, , ,0,3.3,1017.9,3.7,0,9,0,330,0,15, , , , , , ,614
28-jul-2011,0,16.9,0,12.3, , ,0,0.5,1022.0,7.6,0,12,0,0,0,19, , , , , , ,1158
29-jul-2011,0,17.7,0,11.6, , ,0,0.0,1020.5,3.5,0,6,0,340,0,11, , , , , , ,745
30-jul-2011,0,17.4,0,13.1, , ,0,1.2,1011.8,5.4,0,12,0,190,0,21, , , , , , ,1028
31-jul-2011,0,17.8,0,13.4, , ,0,1.8,1005.5,7.7,0,14,0,240,0,21, , , , , , ,1126
01-aug-2011,0,18.4,0,12.0, , ,0,0.0,1006.7,3.5,0,8,0,240,0,11, , , , , , ,1275
02-aug-2011,0,17.6,0,9.8, , ,0,0.0,1009.2,3.9,0,10,0,220,0,13, , , , , , ,1745
03-aug-2011,0,17.6,0,9.8, , ,0,0.2,1006.0,5.7,0,11,0,110,0,19, , , , , , ,1153
04-aug-2011,0,19.9,0,9.9, , ,0,1.8,1004.5,7.1,0,18,0,290,0,25, , , , , , ,1178
05-aug-2011,0,16.2,0,9.7, , ,0,0.7,1006.0,4.7,0,10,0,240,0,16, , , , , , ,1256
06-aug-2011,0,17.7,0,10.1, , ,0,2.9,999.5,4.6,0,11,0,210,0,17, , , , , , ,1346
07-aug-2011,0,17.5,0,7.5, , ,0,3.3,997.5,3.8,0,10,0,320,0,15, , , , , , ,1141
08-aug-2011,0,17.3,0,9.9, , ,0,3.1,1009.6,8.5,0,16,0,320,0,22, , , , , , ,1524
09-aug-2011,0,16.6,0,9.5, , ,0,0.0,1020.2,6.0,0,11,0,210,0,16, , , , , , ,1499
10-aug-2011,0,16.8,0,12.4, , ,0,38.2,1010.2,13.4,0,19,0,220,0,32, , , , , , ,328
11-aug-2011,0,16.9,0,14.3, , ,0,3.2,1003.5,9.5,0,15,0,240,0,26, , , , , , ,783
12-aug-2011,0,18.5,0,13.4, , ,0,5.8,1001.0,8.0,0,14,0,240,0,22, , , , , , ,755
13-aug-2011,0,17.3,0,12.4, , ,0,1.2,997.7,9.5,0,16,0,250,0,23, , , , , , ,1234
14-aug-2011,0,16.7,0,11.3, , ,0,1.7,1003.1,9.1,0,17,0,240,0,27, , , , , , ,2145
15-aug-2011,0,14.9,0,8.7, , ,0,8.6,1005.8,5.3,0,13,0,140,0,25, , , , , , ,796
16-aug-2011,0,18.2,0,7.1, , ,0,0.2,1008.1,7.6,0,16,0,310,0,24, , , , , , ,1961
17-aug-2011,0,16.9,0,4.5, , ,0,0.0,1013.8,2.5,0,7,0,300,0,10, , , , , , ,1297
18-aug-2011,0,17.8,0,8.5, , ,0,0.0,1013.2,3.6,0,9,0,230,0,14, , , , , , ,1222
19-aug-2011,0,15.7,0,7.9, , ,0,4.5,1008.9,8.5,0,18,0,190,0,26, , , , , , ,676
20-aug-2011,0,17.9,0,10.1, , ,0,0.4,1006.5,6.1,0,10,0,190,0,14, , , , , , ,1499
21-aug-2011,0,19.0,0,11.7, , ,0,1.5,1009.4,5.8,0,11,0,250,0,16, , , , , , ,1360
22-aug-2011,0,17.7,0,11.4, , ,0,0.0,1014.4,1.7,0,4,0,210,0,6, , , , , , ,812
23-aug-2011,0,18.4,0,11.1, , ,0,4.1,1008.5,4.1,0,9,0,230,0,13, , , , , , ,1251
24-aug-2011,0,15.2,0,7.4, , ,0,6.1,1001.6,4.9,0,13,0,210,0,19, , , , , , ,1350
25-aug-2011,0,17.6,0,8.7, , ,0,3.7,998.4,6.7,0,12,0,100,0,17, , , , , , ,1430
26-aug-2011,0,17.1,0,6.7, , ,0,0.4,1004.4,7.1,0,16,0,320,0,23, , , , , , ,1443
27-aug-2011,0,16.6,0,10.0, , ,0,3.0,1010.6,7.7,0,15,0,290,0,21, , , , , , ,1074
28-aug-2011,0,17.1,0,7.6, , ,0,0.1,1014.6,6.9,0,15,0,320,0,21, , , , , , ,1870
29-aug-2011,0,14.9,0,5.6, , ,0,0.0,1017.0,4.7,0,11,0,290,0,17, , , , , , ,935
30-aug-2011,0,15.0,0,9.9, , ,0,0.0,1014.0,1.8,0,4,0,180,0,7, , , , , , ,905
31-aug-2011,0,16.7,0,11.1, , ,0,0.0,1010.6,4.6,0,10,0,80,0,15, , , , , , ,856
01-sep-2011,0,17.8,0,8.6, , ,0,0.3,1005.2,6.1,0,11,0,190,0,19, , , , , , ,718
02-sep-2011,0,16.5,0,12.3, , ,0,15.2,999.3,7.0,0,13,0,210,0,20, , , , , , ,800
03-sep-2011,0,16.1,0,8.7, , ,0,0.6,997.5,7.2,0,13,0,240,0,20, , , , , , ,1129
04-sep-2011,0,16.0,0,8.4, , ,0,5.1,995.3,8.5,0,16,0,180,0,27, , , , , , ,836
05-sep-2011,0,15.7,0,8.2, , ,0,22.7,997.4,10.2,0,19,0,210,0,30, , , , , , ,664
06-sep-2011,0,15.5,0,12.1, , ,0,2.1,996.9,15.1,0,22,0,240,0,37, , , , , , ,1337
07-sep-2011,0,14.0,0,11.1, , ,0,6.3,1003.0,9.3,0,17,0,260,0,30, , , , , , ,582
08-sep-2011,0,16.4,0,11.9, , ,0,5.3,999.5,5.5,0,12,0,240,0,19, , , , , , ,701
09-sep-2011,0,20.3,0,15.2, , ,0,1.3,993.9,10.2,0,15,0,230,0,26, , , , , , ,993
10-sep-2011,0,18.7,0,11.6, , ,0,4.7,985.8,13.0,0,20,0,190,0,36, , , , , , ,896
11-sep-2011,0,16.8,0,11.0, , ,0,15.6,985.9,13.8,0,21,0,220,0,34, , , , , , ,345
12-sep-2011,0,16.8,0,12.3, , ,0,0.9,989.7,21.5,0,29,0,230,0,50, , , , , , ,805
13-sep-2011,0,14.7,0,9.9, , ,0,0.4,1005.0,13.3,0,23,0,240,0,35, , , , , , ,1399
14-sep-2011,0,14.8,0,7.9, , ,0,0.0,1012.6,6.4,0,14,0,230,0,20, , , , , , ,1005
15-sep-2011,0,16.9,0,6.7, , ,0,0.2,1010.8,6.2,0,11,0,140,0,17, , , , , , ,1058
16-sep-2011,0,15.8,0,10.4, , ,0,14.5,1002.3,9.8,0,19,0,220,0,30, , , , , , ,820
17-sep-2011,0,14.9,0,9.6, , ,0,7.7,998.7,8.8,0,15,0,270,0,23, , , , , , ,1075
18-sep-2011,0,15.7,0,11.1, , ,0,2.1,1004.2,9.7,0,15,0,300,0,22, , , , , , ,912
19-sep-2011,0,15.1,0,10.6, , ,0,10.2,1004.3,9.1,0,15,0,230,0,23, , , , , , ,267
20-sep-2011,0,14.4,0,8.3, , ,0,0.7,1007.9,8.5,0,18,0,230,0,26, , , , , , ,1089
21-sep-2011,0,14.7,0,9.4, , ,0,3.8,1006.6,12.6,0,21,0,240,0,34, , , , , , ,494
22-sep-2011,0,15.1,0,8.7, , ,0,0.0,1011.2,8.3,0,16,0,220,0,24, , , , , , ,808
23-sep-2011,0,16.8,0,11.6, , ,0,0.9,1004.7,10.0,0,16,0,180,0,23, , , , , , ,706
24-sep-2011,0,17.1,0,9.3, , ,0,0.1,1001.8,7.5,0,13,0,220,0,19, , , , , , ,1208
25-sep-2011,0,17.0,0,7.9, , ,0,2.2,1001.8,11.0,0,20,0,220,0,30, , , , , , ,569
26-sep-2011,0,15.1,0,7.5, , ,0,1.5,1010.2,5.7,0,11,0,180,0,17, , , , , , ,621
27-sep-2011,0,21.0,0,13.4, , ,0,0.0,1014.9,10.6,0,15,0,180,0,23, , , , , , ,947
28-sep-2011,0,21.1,0,15.0, , ,0,0.7,1010.5,10.4,0,16,0,170,0,26, , , , , , ,861
29-sep-2011,0,19.2,0,13.7, , ,0,0.4,1009.7,8.2,0,15,0,180,0,29, , , , , , ,655
30-sep-2011,0,18.0,0,9.4, , ,0,13.3,1011.2,5.9,0,14,0,150,0,24, , , , , , ,328
01-oct-2011,0,13.6,0,8.3, , ,0,5.4,1017.5,4.3,0,9,0,310,0,13, , , , , , ,258
02-oct-2011,0,15.1,0,12.3, , ,0,4.8,1015.5,4.3,0,11,0,220,0,16, , , , , , ,327
03-oct-2011,0,15.8,0,10.2, , ,0,2.6, ,9.6,0,19,0,230,0,31, , , , , , ,585
04-oct-2011,0,14.8,0,10.9, , ,0,3.8,1009.8,10.8,0,17,0,220,0,26, , , , , , ,466
05-oct-2011,0,15.9,0,8.2, , ,0,6.2,1004.0,15.8,0,23,0,220,0,37, , , , , , ,353
06-oct-2011,0,12.7,0,6.9, , ,0,2.0,1009.8,13.4,0,24,0,270,0,40, , , , , , ,948
07-oct-2011,0,14.4,0,8.6, , ,0,0.0,1019.2,8.4,0,15,0,280,0,22, , , , , , ,1067
08-oct-2011,0,14.6,0,11.1, , ,0,1.4,1018.2,10.5,0,16,0,240,0,24, , , , , , ,303
09-oct-2011,0,14.8,0,14.0, , ,0,8.4,1010.9,16.9,0,21,0,230,0,33, , , , , , ,149
10-oct-2011,0,15.2,0,14.1, , ,0,12.5,1007.4,18.7,0,23,0,230,0,38, , , , , , ,128
11-oct-2011,0,14.6,0,14.0, , ,0,7.2,1011.3,13.2,0,21,0,240,0,31, , , , , , ,174
12-oct-2011,0,15.2,0,11.5, , ,0,3.2,1016.2,6.0,0,12,0,230,0,18, , , , , , ,337
13-oct-2011,0,16.1,0,10.3, , ,0,0.1,1020.9,3.2,0,6,0,140,0,8, , , , , , ,491
14-oct-2011,0,15.9,0,13.2, , ,0,0.0,1017.5,8.0,0,13,0,190,0,18, , , , , , ,389
15-oct-2011,0,14.6,0,6.6, , ,0,7.5, ,5.7,0,9,0,170,0,15, , , , , , ,456
16-oct-2011,0,13.5,0,7.6, , ,0,4.3, ,8.4,0,17,0,220,0,31, , , , , , ,687
17-oct-2011,0,12.5,0,5.6, , ,0,8.2, ,11.6,0,25,0,210,0,43, , , , , , ,227
18-oct-2011,0,12.1,0,3.9, , ,0,1.4,1008.1,9.1,0,16,0,260,0,29, , , , , , ,866
19-oct-2011,0,11.1,0,2.8, , ,0,0.3,1018.2,6.7,0,15,0,310,0,21, , , , , , ,865
20-oct-2011,0,12.1,0,2.5, , ,0,6.3,1018.4,7.2,0,12,0,200,0,19, , , , , , ,294
21-oct-2011,0,13.3,0,11.0, , ,0,0.4,1007.7,10.6,0,14,0,180,0,23, , , , , , ,156
22-oct-2011,0,12.7,0,7.8, , ,0,7.2,997.7,7.9,0,17,0,160,0,31, , , , , , ,243
23-oct-2011,0,15.1,0,7.9, , ,0,15.3,983.0,8.0,0,14,0,140,0,25, , , , , , ,104
24-oct-2011,0,14.9,0,8.0, , ,0,10.7,977.3,6.0,0,14,0,180,0,27, , , , , , ,185
25-oct-2011,0,12.0,0,4.1, , ,0,2.5,985.9,2.3,0,7,0,160,0,11, , , , , , ,361
26-oct-2011,0,11.5,0,2.9, , ,0,1.4,991.5,7.4,0,15,0,180,0,25, , , , , , ,573
27-oct-2011,0,12.5,0,4.7, , ,0,1.4,1002.2,4.8,0,11,0,280,0,15, , , , , , ,569
28-oct-2011,0,12.6,0,5.4, , ,0,3.1,1009.3,9.0,0,15,0,180,0,27, , , , , , ,289
29-oct-2011,0,14.9,0,11.9, , ,0,10.1,1002.4,12.3,0,18,0,220,0,28, , , , , , ,395
30-oct-2011,0,16.9,0,10.5, , ,0,2.3,1001.7,8.4,0,12,0,190,0,21, , , , , , ,206
31-oct-2011,0,15.6,0,7.3, , ,0,9.2,995.7,8.9,0,17,0,160,0,32, , , , , , ,235
01-nov-2011,0,13.3,0,5.1, , ,0,1.3,993.8,9.1,0,21,0,140,0,33, , , , , , ,694
02-nov-2011,0,14.3,0,12.8, , ,0,3.6,982.0,13.5,0,22,0,150,0,36, , , , , , ,50
03-nov-2011,0,15.7,0,8.0, , ,0,6.5,977.5,7.0,0,13,0,160,0,21, , , , , , ,419
04-nov-2011,0,12.2,0,3.4, , ,0,3.9,989.8,4.3,0,13,0,230,0,19, , , , , , ,567
05-nov-2011,0,11.6,0,0.4, , ,0,0.2,1008.4,2.4,0,7,0,240,0,10, , , , , , ,684
06-nov-2011,0,13.1,0,0.1, , ,0,0.0,1020.1,3.3,0,7,0,180,0,11, , , , , , ,638
07-nov-2011,0,10.8,0,0.8, , ,0,0.0,1016.1,5.0,0,9,0,110,0,15, , , , , , ,579
08-nov-2011,0,10.7,0,6.7, , ,0,0.0,1004.7,7.0,0,13,0,100,0,17, , , , , , ,80
09-nov-2011,0,14.0,0,8.8, , ,0,0.6,999.4,8.2,0,13,0,170,0,22, , , , , , ,424
10-nov-2011,0,14.7,0,9.1, , ,0,0.0,1003.8,9.1,0,14,0,140,0,22, , , , , , ,528
11-nov-2011,0,15.1,0,10.5, , ,0,3.5,997.0,15.0,0,19,0,140,0,33, , , , , , ,408
12-nov-2011,0,12.6,0,6.4, , ,0,0.5,1008.1,7.5,0,18,0,170,0,27, , , , , , ,457
13-nov-2011,0,16.6,0,11.1, , ,0,0.0,1013.5,11.9,0,17,0,100,0,27, , , , , , ,325
14-nov-2011,0,14.3,0,9.2, , ,0,0.0,1012.9,8.4,0,14,0,100,0,20, , , , , , ,155
15-nov-2011,0,12.3,0,6.4, , ,0,0.0,1009.6,7.4,0,15,0,100,0,21, , , , , , ,200
16-nov-2011,0,14.1,0,6.3, , ,0,1.4,1005.9,6.4,0,12,0,180,0,22, , , , , , ,163
17-nov-2011,0,13.8,0,5.2, , ,0,13.2,999.6,11.5,0,23,0,160,0,37, , , , , , ,108
18-nov-2011,0,13.6,0,11.2, , ,0,5.5,998.1,9.6,0,13,0,170,0,21, , , , , , ,113
19-nov-2011,0,15.0,0,4.7, , ,0,3.9,1004.4,3.1,0,9,0,110,0,16, , , , , , ,341
20-nov-2011,0,13.1,0,4.9, , ,0,0.7,1007.0,4.9,0,11,0,170,0,17, , , , , , ,405
21-nov-2011,0,10.8,0,2.2, , ,0,3.7,1007.8,3.5,0,9,0,310,0,13, , , , , , ,115
22-nov-2011,0,10.9,0,-0.9, , ,0,0.0,1013.5,5.9,0,11,0,190,0,17, , , , , , ,373
23-nov-2011,0,13.2,0,10.0, , ,0,11.2,1013.0,11.8,0,17,0,220,0,26, , , , , , ,107
24-nov-2011,0,12.9,0,6.5, , ,0,15.0,1009.2,12.1,0,23,0,190,0,35, , , , , , ,127
25-nov-2011,0,9.7,0,4.4, , ,0,5.2,1014.7,11.4,0,25,0,240,0,38, , , , , , ,268
26-nov-2011,0,13.9,0,8.6, , ,0,6.5,1008.3,18.7,0,27,0,220,0,44, , , , , , ,55
27-nov-2011,0,12.2,0,5.9, , ,0,1.4,1010.4,9.4,0,25,0,240,0,39, , , , , , ,323
28-nov-2011,0,13.0,0,7.2, , ,0,17.2,1003.8,11.7,0,17,0,180,0,29, , , , , , ,207
29-nov-2011,0,12.5,0,3.4, , ,0,34.8,994.5,11.1,0,23,0,240,0,36, , , , , , ,182
30-nov-2011,0,9.9,0,4.6, , ,0,13.1,996.7,12.7,0,20,0,190,0,35, , , , , , ,90
01-dec-2011,0,7.5,0,-0.3, , ,0,0.6,1000.1,4.5,0,10,0,260,0,17, , , , , , , 
02-dec-2011,0,10.9,0,-1.0, , ,0,9.1,1001.7,9.6,0,18,0,230,0,29, , , , , , , 
03-dec-2011,0,9.7,0,5.1, , ,0,0.0,998.2,10.2,0,15,0,260,0,24, , , , , , , 
04-dec-2011,0,6.6,0,0.6, , ,0,6.1,998.3,7.8,0,21,0,270,0,33, , , , , , , 
05-dec-2011,0,5.8,0,1.2, , ,0,6.4,1001.7,8.3,0,18,0,270,0,32, , , , , , ,244
06-dec-2011,0,8.5,0,1.2, , ,0,4.0,1000.0,8.9,0,20,0,260,0,34, , , , , , ,121
07-dec-2011,0,7.4,0,2.9, , ,0,1.6,1004.3,10.3,0,23,0,260,0,39, , , , , , ,287
08-dec-2011,0,11.4,0,2.1, , ,0,7.5,998.7,16.4,0,30,0,220,0,47, , , , , , ,215
09-dec-2011,0,6.1,0,-0.8, , ,0,0.2,1006.8,6.3,0,15,0,270,0,27, , , , , , ,269
10-dec-2011,0,7.9,0,-1.9, , ,0,4.6,1005.4,6.2,0,13,0,200,0,22, , , , , , ,141
11-dec-2011,0,7.1,0,1.9, , ,0,9.2,997.1,5.5,0,14,0,290,0,23, , , , , , ,134
12-dec-2011,0,8.9,0,2.5, , ,0,14.6,984.6,10.7,0,20,0,240,0,38, , , , , , ,54
13-dec-2011,0,6.6,0,1.9, , ,0,3.6,975.3,19.5,0,29,0,240,0,51, , , , , , ,146
14-dec-2011,0,5.5,0,-0.5, , ,0,3.6,982.4,8.0,0,19,0,230,0,28, , , , , , ,132
15-dec-2011,0,6.5,0,-3.7, , ,0,5.6,989.5,6.5,0,16,0,250,0,27, , , , , , ,241
16-dec-2011,0,5.9,0,-3.3, , ,0,2.7,994.7,7.2,0,17,0,300,0,27, , , , , , ,234
17-dec-2011,0,6.5,0,-1.8, , ,0,0.5,1010.6,6.2,0,15,0,260,0,23, , , , , , ,307
18-dec-2011,0,6.3,0,-1.7, , ,0,0.1,1014.7,3.9,0,7,0,240,0,10, , , , , , ,214
19-dec-2011,0,10.8,0,4.0, , ,0,11.0,1008.6,8.1,0,14,0,270,0,22, , , , , , ,198
20-dec-2011,0,11.4,0,4.8, , ,0,6.7,1011.0,7.0,0,16,0,240,0,25, , , , , , ,64
21-dec-2011,0,11.7,0,9.1, , ,0,0.6,1014.3,10.9,0,16,0,230,0,24, , , , , , ,120
22-dec-2011,0,13.5,0,9.8, , ,0,6.5,1012.9,11.8,0,17,0,240,0,26, , , , , , ,87
23-dec-2011,0,10.2,0,2.5, , ,0,3.1,1015.2,7.7,0,21,0,310,0,31, , , , , , ,299
24-dec-2011,0,10.6,0,5.4, , ,0,8.8,1018.2,14.7,0,20,0,230,0,30, , , , , , ,73
25-dec-2011,0,13.4,0,10.2, , ,0,2.8,1014.9,17.6,0,25,0,220,0,37, , , , , , ,63
26-dec-2011,0,13.5,0,8.3, , ,0,2.1,1019.1,15.5,0,20,0,210,0,35, , , , , , ,76
27-dec-2011,0,10.6,0,6.8, , ,0,11.9,1014.2,9.7,0,20,0,180,0,29, , , , , , ,123
28-dec-2011,0,8.8,0,3.8, , ,0,2.7,1014.2,14.4,0,22,0,240,0,44, , , , , , ,246
29-dec-2011,0,9.9,0,6.3, , ,0,6.2,1018.2,12.6,0,20,0,250,0,37, , , , , , ,88
30-dec-2011,0,12.0,0,7.8, , ,0,8.1,1010.6,11.8,0,22,0,240,0,31, , , , , , ,54
31-dec-2011,0,12.3,0,7.4, , ,0,9.8,999.0,13.5,0,19,0,220,0,30, , , , , , ,49
01-jan-2012,0,9.5,0,1.0, , ,0,5.4,991.9,11.8,0,22,0,220,0,40, , , , , , ,189
02-jan-2012,0,7.9,0,1.1, , ,0,14.1,989.4,10.9,0,23,0,180,0,37, , , , , , ,196
03-jan-2012,0,12.6,0,2.9, , ,0,6.1,992.8,17.7,0,32,0,220,0,48, , , , , , ,266
04-jan-2012,0,10.5,0,4.8, , ,0,11.4,1005.9,17.8,0,26,0,240,0,42, , , , , , ,56
05-jan-2012,0,10.6,0,4.1, , ,0,1.9,1010.0,12.2,0,24,0,270,0,37, , , , , , ,193
06-jan-2012,0,10.8,0,4.3, , ,0,2.7,1018.8,10.3,0,19,0,240,0,30, , , , , , ,127
07-jan-2012,0,9.3,0,6.9, , ,0,0.0,1019.9,7.6,0,13,0,270,0,19, , , , , , ,97
08-jan-2012,0,11.2,0,8.0, , ,0,1.1,1021.8,10.3,0,17,0,220,0,28, , , , , , ,143
09-jan-2012,0,10.3,0,7.4, , ,0,1.2,1022.2,8.0,0,17,0,230,0,27, , , , , , ,241
10-jan-2012,0,11.3,0,7.2, , ,0,5.9,1023.8,10.9,0,16,0,230,0,25, , , , , , ,118
11-jan-2012,0,11.0,0,8.2, , ,0,2.3,1024.2,11.3,0,21,0,230,0,29, , , , , , ,161
12-jan-2012,0,10.8,0,2.6, , ,0,1.4,1025.3,6.6,0,19,0,240,0,33, , , , , , ,327
13-jan-2012,0,8.7,0,4.6, , ,0,1.8,1026.4,3.2,0,6,0,150,0,10, , , , , , ,109
14-jan-2012,0,7.9,0,4.0, , ,0,0.0,1018.0,8.5,0,15,0,100,0,22, , , , , , ,195
15-jan-2012,0,7.5,0,1.1, , ,0,0.0,1012.2,7.6,0,14,0,100,0,20, , , , , , ,268
16-jan-2012,0,7.8,0,0.9, , ,0,0.0,1014.3,7.0,0,11,0,170,0,21, , , , , , ,145
17-jan-2012,0,11.4,0,7.1, , ,0,4.7,1012.6,9.5,0,14,0,160,0,23, , , , , , ,166
18-jan-2012,0,11.5,0,6.4, , ,0,3.0,1014.3,7.6,0,15,0,230,0,24, , , , , , ,266
19-jan-2012,0,8.6,0,5.0, , ,0,1.2,1016.1,10.3,0,20,0,260,0,35, , , , , , ,325
20-jan-2012,0,10.2,0,6.9, , ,0,1.1,1015.5,13.3,0,18,0,240,0,29, , , , , , ,213
21-jan-2012,0,10.1,0,6.1, , ,0,0.6,1012.0,13.3,0,20,0,240,0,33, , , , , , ,211
22-jan-2012,0,10.0,0,6.4, , ,0,0.0,1012.4,10.6,0,20,0,260,0,31, , , , , , ,432
23-jan-2012,0,9.0,0,5.5, , ,0,3.6,1014.1,4.3,0,10,0,190,0,16, , , , , , ,247
24-jan-2012,0,10.9,0,8.8, , ,0,11.8,1008.7,11.6,0,18,0,230,0,28, , , , , , ,124
25-jan-2012,0,10.7,0,2.2, , ,0,12.0,998.4,10.8,0,18,0,180,0,28, , , , , , ,65
26-jan-2012,0,6.6,0,1.2, , ,0,5.4,1000.0,7.9,0,16,0,260,0,24, , , , , , ,281
27-jan-2012,0,7.9,0,-1.5, , ,0,0.6,1016.2,6.4,0,13,0,290,0,18, , , , , , ,507
28-jan-2012,0,6.8,0,-2.5, , ,0,11.2,1025.0,4.6,0,10,0,190,0,16, , , , , , ,117
29-jan-2012,0,9.9,0,6.1, , ,0,14.0,1020.3,4.7,0,8,0,240,0,13, , , , , , ,228
30-jan-2012,0,7.4,0,5.0, , ,0,4.7,1015.2,8.5,0,16,0,100,0,23, , , , , , ,181
31-jan-2012,0,5.2,0,1.0, , ,0,0.0,1019.7,8.2,0,13,0,90,0,18, , , , , , ,183
01-feb-2012,0,4.1,0,-2.2, , ,0,0.0,1028.7,5.7,0,10,0,120,0,15, , , , , , ,599
02-feb-2012,0,4.8,0,-4.2, , ,0,0.0,1030.8,5.3,0,8,0,110,0,12, , , , , , ,636
03-feb-2012,0,6.4,0,-3.3, , ,0,0.1,1029.5,6.0,0,10,0,190,0,18, , , , , , ,165
04-feb-2012,0,9.3,0,3.1, , ,0,5.6,1023.1,7.2,0,16,0,220,0,25, , , , , , ,151
05-feb-2012,0,8.9,0,2.3, , ,0,0.6,1024.6,3.8,0,8,0,190,0,11, , , , , , ,183
06-feb-2012,0,10.2,0,7.8, , ,0,1.0,1028.2,3.0,0,6,0,230,0,8, , , , , , ,253
07-feb-2012,0,9.0,0,6.1, , ,0,0.1,1029.9,6.2,0,12,0,140,0,19, , , , , , ,234
08-feb-2012,0,8.2,0,6.3, , ,0,9.6,1029.2,10.5,0,15,0,150,0,25, , , , , , ,133
09-feb-2012,0,10.4,0,7.7, , ,0,1.8,1029.2,6.3,0,11,0,180,0,18, , , , , , ,107
10-feb-2012,0,11.1,0,8.2, , ,0,5.0,1026.8,4.2,0,9,0,250,0,14, , , , , , ,229
11-feb-2012,0,9.6,0,1.2, , ,0,1.7,1027.6,3.5,0,8,0,240,0,11, , , , , , ,432
12-feb-2012,0,9.4,0,0.7, , ,0,0.2,1031.4,3.0,0,7,0,240,0,10, , , , , , ,354
13-feb-2012,0,9.2,0,4.1, , ,0,0.3,1031.1,7.9,0,16,0,300,0,24, , , , , , ,360
14-feb-2012,0,8.6,0,4.9, , ,0,0.0,1030.7,9.8,0,16,0,340,0,26, , , , , , ,260
15-feb-2012,0,9.7,0,6.8, , ,0,0.5,1030.4,8.7,0,17,0,310,0,24, , , , , , ,421
16-feb-2012,0,9.3,0,7.6, , ,0,0.7,1025.1,10.2,0,15,0,240,0,22, , , , , , ,118
17-feb-2012,0,10.1,0,7.9, , ,0,2.5,1013.9,13.9,0,21,0,230,0,31, , , , , , ,155
18-feb-2012,0,9.0,0,0.6, , ,0,4.5,1008.8,11.4,0,25,0,300,0,37, , , , , , ,783
19-feb-2012,0,9.1,0,-0.1, , ,0,0.2,1020.9,5.7,0,12,0,230,0,16, , , , , , ,811
20-feb-2012,0,9.8,0,4.1, , ,0,2.7,1019.9,10.4,0,16,0,220,0,24, , , , , , ,176
21-feb-2012,0,12.2,0,8.8, , ,0,2.6,1014.2,10.3,0,16,0,210,0,26, , , , , , ,392
22-feb-2012,0,12.6,0,10.3, , ,0,14.6,1009.2,15.6,0,24,0,230,0,36, , , , , , ,201
23-feb-2012,0,12.3,0,10.3, , ,0,1.8,1015.9,13.7,0,19,0,230,0,32, , , , , , ,211
24-feb-2012,0,11.3,0,4.1, , ,0,2.5,1021.7,6.5,0,17,0,230,0,26, , , , , , ,582
25-feb-2012,0,10.1,0,0.3, , ,0,0.1,1024.2,4.5,0,15,0,240,0,19, , , , , , ,574
26-feb-2012,0,11.0,0,6.4, , ,0,1.5,1020.8,6.9,0,11,0,220,0,18, , , , , , ,280
27-feb-2012,0,11.0,0,9.5, , ,0,2.0,1016.9,12.2,0,17,0,230,0,26, , , , , , ,232
28-feb-2012,0,11.7,0,9.0, , ,0,0.1,1017.2,7.0,0,13,0,230,0,20, , , , , , ,373
29-feb-2012,0,11.2,0,8.2, , ,0,0.0,1014.2,7.6,0,13,0,180,0,19, , , , , , ,331
01-mar-2012,0,11.6,0,2.9, , ,0,0.0,1017.0,6.3,0,14,0,220,0,22, , , , , , ,712
02-mar-2012,0,12.5,0,4.1, , ,0,0.0,1011.6,8.2,0,18,0,140,0,27, , , , , , ,755
03-mar-2012,0,11.2,0,0.8, , ,0,5.6,1005.8,8.6,0,16,0,240,0,24, , , , , , ,914
04-mar-2012,0,7.9,0,-0.2, , ,0,0.2,1017.6,6.4,0,16,0,280,0,22, , , , , , ,1072
05-mar-2012,0,9.4,0,0.2, , ,0,0.4,1023.8,4.2,0,11,0,240,0,14, , , , , , ,843
06-mar-2012,0,11.3,0,1.9, , ,0,4.9,1013.1,10.0,0,20,0,220,0,30, , , , , , ,166
07-mar-2012,0,11.2,0,3.7, , ,0,2.8,1011.8,13.3,0,23,0,270,0,36, , , , , , ,962
08-mar-2012,0,12.1,0,5.6, , ,0,0.0,1022.0,11.9,0,20,0,230,0,30, , , , , , ,754
09-mar-2012,0,11.7,0,9.7, , ,0,2.6,1025.6,12.9,0,17,0,220,0,25, , , , , , ,179
10-mar-2012,0,11.2,0,7.8, , ,0,0.7,1032.2,8.9,0,14,0,230,0,21, , , , , , ,528
11-mar-2012,0,10.9,0,7.7, , ,0,0.2,1033.6,3.3,0,6,0,240,0,10, , , , , , ,439
12-mar-2012,0,10.4,0,7.7, , ,0,0.0,1030.4,2.0,0,5,0,210,0,7, , , , , , ,384
13-mar-2012,0,11.7,0,6.4, , ,0,0.2,1027.8,2.7,0,6,0,210,0,10, , , , , , ,564
14-mar-2012,0,11.8,0,6.4, , ,0,0.0,1022.8,5.9,0,10,0,170,0,15, , , , , , ,650
15-mar-2012,0,12.2,0,6.6, , ,0,0.1,1014.3,7.4,0,11,0,170,0,21, , , , , , ,254
16-mar-2012,0,11.5,0,1.2, , ,0,5.5,1006.7,7.3,0,15,0,190,0,24, , , , , , ,608
17-mar-2012,0,8.6,0,-0.5, , ,0,5.6,1006.5,4.5,0,11,0,320,0,17, , , , , , ,623
18-mar-2012,0,11.3,0,0.2, , ,0,0.5,1016.8,5.7,0,12,0,230,0,17, , , , , , ,1395
19-mar-2012,0,11.8,0,2.5, , ,0,0.0,1024.6,10.3,0,18,0,230,0,26, , , , , , ,558
20-mar-2012,0,12.4,0,8.4, , ,0,0.1,1026.1,9.5,0,16,0,210,0,23, , , , , , ,551
21-mar-2012,0,11.0,0,6.4, , ,0,0.0,1026.1,6.6,0,10,0,190,0,16, , , , , , ,438
22-mar-2012,0,14.9,0,2.5, , ,0,0.3,1021.4,8.6,0,16,0,80,0,24, , , , , , ,1034
23-mar-2012,0,11.9,0,5.5, , ,0,0.8,1016.6,7.7,0,12,0,110,0,20, , , , , , ,749
24-mar-2012,0,15.9,0,6.4, , ,0,0.0,1018.0,8.9,0,15,0,90,0,25, , , , , , ,784
25-mar-2012,0,19.9,0,7.6, , ,0,0.0,1024.1,5.4,0,9,0,170,0,13, , , , , , ,1456
26-mar-2012,0,18.4,0,4.2, , ,0,0.0,1028.4,6.5,0,12,0,90,0,17, , , , , , ,1671
27-mar-2012,0,19.2,0,4.5, , ,0,0.0,1029.9,5.8,0,12,0,100,0,17, , , , , , ,1736
28-mar-2012,0,19.0,0,1.1, , ,0,0.0,1029.7,2.8,0,6,0,0,0,9, , , , , , ,1605
29-mar-2012,0,17.6,0,1.3, , ,0,0.0,1028.6,3.3,0,9,0,350,0,14, , , , , , ,1362
30-mar-2012,0,10.9,0,4.2, , ,0,0.0,1024.8,6.3,0,10,0,330,0,15, , , , , , ,327
31-mar-2012,0,11.5,0,4.6, , ,0,0.0,1020.0,5.3,0,11,0,0,0,17, , , , , , ,547
01-apr-2012,0,12.1,0,0.7, , ,0,0.0,1016.8,3.4,0,7,0,10,0,10, , , , , , ,1038
02-apr-2012,0,11.1,0,4.2, , ,0,0.0,1009.0,3.1,0,7,0,320,0,13, , , , , , ,585
03-apr-2012,0,8.6,0,-0.2, , ,0,2.3,1006.9,9.7,0,21,0,350,0,34, , , , , , ,1553
04-apr-2012,0,8.6,0,-0.2, , ,0,0.0,1016.9,10.9,0,17,0,10,0,27, , , , , , ,1364
05-apr-2012,0,10.8,0,-0.7, , ,0,0.0,1019.6,6.1,0,10,0,10,0,17, , , , , , ,1310
06-apr-2012,0,11.8,0,0.4, , ,0,0.0,1015.2,6.7,0,13,0,310,0,18, , , , , , ,710
07-apr-2012,0,14.5,0,7.7, , ,0,0.1,1013.5,9.0,0,14,0,320,0,22, , , , , , ,1049
08-apr-2012,0,10.9,0,6.5, , ,0,4.0,1006.2,7.4,0,15,0,240,0,23, , , , , , ,462
09-apr-2012,0,9.6,0,3.4, , ,0,11.4,988.0,9.1,0,16,0,240,0,25, , , , , , ,828
10-apr-2012,0,10.8,0,0.8, , ,0,1.8,985.2,6.6,0,15,0,280,0,27, , , , , , ,1583
11-apr-2012,0,11.9,0,-1.3, , ,0,2.0,995.2,6.4,0,16,0,290,0,24, , , , , , ,1702
12-apr-2012,0,11.6,0,1.9, , ,0,0.4,1001.6,6.6,0,14,0,310,0,20, , , , , , ,1529
13-apr-2012,0,11.7,0,2.2, , ,0,0.0,1002.7,4.3,0,10,0,0,0,15, , , , , , ,1526
14-apr-2012,0,10.9,0,1.4, , ,0,0.0,1010.8,6.3,0,13,0,30,0,21, , , , , , ,1372
15-apr-2012,0,10.5,0,-1.5, , ,0,0.0,1019.8,3.9,0,10,0,230,0,14, , , , , , ,1436
16-apr-2012,0,10.4,0,4.8, , ,0,8.0,1007.8,9.4,0,22,0,280,0,35, , , , , , ,460
17-apr-2012,0,9.4,0,4.5, , ,0,13.0,983.8,11.4,0,22,0,240,0,38, , , , , , ,1114
18-apr-2012,0,11.9,0,3.9, , ,0,0.8,980.3,9.3,0,17,0,300,0,23, , , , , , ,1544
19-apr-2012,0,12.2,0,2.2, , ,0,3.0,987.6,6.9,0,12,0,310,0,18, , , , , , ,1457
20-apr-2012,0,10.8,0,1.5, , ,0,6.9,990.1,6.1,0,15,0,240,0,22, , , , , , ,1707
21-apr-2012,0,11.9,0,2.1, , ,0,1.1,995.0,7.9,0,16,0,240,0,22, , , , , , ,1781
22-apr-2012,0,12.0,0,3.5, , ,0,8.0,995.5,6.5,0,14,0,260,0,21, , , , , , ,1340
23-apr-2012,0,13.1,0,2.8, , ,0,0.6,993.6,5.4,0,15,0,310,0,19, , , , , , ,1178
24-apr-2012,0,13.0,0,3.0, , ,0,0.3,992.1,4.6,0,14,0,80,0,22, , , , , , ,1766
25-apr-2012,0,8.5,0,3.7, , ,0,5.5,983.1,11.4,0,16,0,20,0,29, , , , , , ,667
26-apr-2012,0,10.9,0,4.8, , ,0,1.0,994.1,13.5,0,19,0,10,0,32, , , , , , ,1271
27-apr-2012,0,10.7,0,2.0, , ,0,0.0,1010.8,8.7,0,14,0,40,0,23, , , , , , ,1576
28-apr-2012,0,11.9,0,0.9, , ,0,0.0,1017.8,8.5,0,15,0,50,0,23, , , , , , ,1448
29-apr-2012,0,12.5,0,1.2, , ,0,2.1,1011.4,12.1,0,21,0,10,0,35, , , , , , ,2235
30-apr-2012,0,13.1,0,5.0, , ,0,1.0,1008.6,11.6,0,23,0,70,0,33, , , , , , ,1282
01-may-2012,0,14.5,0,8.7, , ,0,2.0,1014.9,12.8,0,21,0,50,0,34, , , , , , ,783
02-may-2012,0,15.1,0,6.3, , ,0,0.0,1017.8,6.0,0,11,0,60,0,17, , , , , , ,1911
03-may-2012,0,18.3,0,7.8, , ,0,0.0,1010.7,6.5,0,12,0,50,0,18, , , , , , ,1429
04-may-2012,0,12.7,0,5.0, , ,0,0.9,1006.2,7.7,0,13,0,50,0,19, , , , , , ,672
05-may-2012,0,11.1,0,2.5, , ,0,0.0,1008.5,6.8,0,14,0,80,0,19, , , , , , ,1500
06-may-2012,0,11.7,0,-0.4, , ,0,0.0,1007.2,6.0,0,12,0,90,0,17, , , , , , ,1982
07-may-2012,0,12.9,0,5.2, , ,0,10.2,1001.3,8.5,0,15,0,230,0,22, , , , , , ,1719
08-may-2012,0,12.9,0,3.5, , ,0,0.0,1000.4,7.2,0,15,0,340,0,23, , , , , , ,1930
09-may-2012,0,11.1,0,0.4, , ,0,0.5,999.5,7.1,0,15,0,50,0,21, , , , , , ,851
10-may-2012,0,9.9,0,5.8, , ,0,7.8,1002.4,7.7,0,12,0,310,0,17, , , , , , ,502
11-may-2012,0,12.6,0,2.3, , ,0,0.1,1022.3,9.4,0,17,0,330,0,26, , , , , , ,2225
12-may-2012,0,13.1,0,0.1, , ,0,2.3,1033.9,7.1,0,16,0,240,0,23, , , , , , ,2329
13-may-2012,0,12.8,0,5.2, , ,0,4.1,1021.8,14.4,0,26,0,220,0,41, , , , , , ,1517
14-may-2012,0,13.1,0,2.4, , ,0,1.1,1011.5,11.7,0,21,0,300,0,30, , , , , , ,2479
15-may-2012,0,11.7,0,1.8, , ,0,0.5,1018.3,8.9,0,18,0,310,0,27, , , , , , ,2157
16-may-2012,0,11.2,0,1.0, , ,0,0.0,1019.4,4.4,0,10,0,230,0,16, , , , , , ,1456
17-may-2012,0,11.7,0,6.4, , ,0,1.0,1010.7,3.8,0,8,0,90,0,11, , , , , , ,1145
18-may-2012,0,13.2,0,7.0, , ,0,0.0,1005.1,6.5,0,11,0,80,0,18, , , , , , ,1132
19-may-2012,0,11.9,0,5.0, , ,0,0.0,1007.6,6.6,0,12,0,60,0,17, , , , , , ,830
20-may-2012,0,15.4,0,2.7, , ,0,0.0,1007.5,4.2,0,10,0,240,0,15, , , , , , ,1480
21-may-2012,0,17.5,0,8.6, , ,0,0.0,1005.7,6.3,0,11,0,180,0,18, , , , , , ,1410
22-may-2012,0,19.5,0,12.1, , ,0,1.0,1010.6,8.4,0,12,0,170,0,18, , , , , , ,1358
23-may-2012,0,19.0,0,11.9, , ,0,0.0,1018.5,8.5,0,16,0,140,0,26, , , , , , ,2204
24-may-2012,0,23.2,0,10.4, , ,0,0.0,1022.3,4.5,0,8,0,90,0,11, , , , , , ,2258
25-may-2012,0,25.7,0,11.6, , ,0,0.0,1018.0,8.6,0,14,0,70,0,20, , , , , , ,2191
26-may-2012,0,24.0,0,11.6, , ,0,0.0,1014.0,10.8,0,18,0,70,0,26, , , , , , ,2746
27-may-2012,0,24.7,0,12.0, , ,0,0.0,1012.6,7.6,0,13,0,110,0,21, , , , , , ,2347
28-may-2012,0,20.1,0,11.2, , ,0,0.0,1011.5,6.9,0,13,0,140,0,21, , , , , , ,2182
29-may-2012,0,20.6,0,8.2, , ,0,0.0,1011.3,4.1,0,8,0,170,0,13, , , , , , ,1255
30-may-2012,0,17.8,0,12.6, , ,0,1.5,1012.1,5.3,0,12,0,240,0,19, , , , , , ,1892
31-may-2012,0,15.3,0,12.0, , ,0,15.2,1013.7,5.5,0,10,0,220,0,14, , , , , , ,593
01-jun-2012,0,20.5,0,13.5, , ,0,0.4,1013.6,4.1,0,9,0,60,0,12, , , , , , ,1283
02-jun-2012,0,16.0,0,12.2, , ,0,8.8,1006.2,7.6,0,11,0,70,0,18, , , , , , ,677
03-jun-2012,0,12.4,0,9.4, , ,0,12.3,1005.5,6.6,0,11,0,50,0,20, , , , , , ,505
04-jun-2012,0,15.9,0,8.7, , ,0,0.2,1011.3,5.0,0,9,0,90,0,15, , , , , , ,1978
05-jun-2012,0,15.3,0,8.4, , ,0,12.3,1002.3,5.8,0,11,0,90,0,15, , , , , , ,640
06-jun-2012,0,18.3,0,10.1, , ,0,0.0,993.1,4.0,0,8,0,230,0,12, , , , , , ,2292
07-jun-2012,0,12.7,0,10.7, , ,0,25.4,986.0,9.2,0,18,0,310,0,30, , , , , , ,322
08-jun-2012,0,12.6,0,8.9, , ,0,11.7,993.1,15.7,0,23,0,290,0,34, , , , , , ,958
09-jun-2012,0,15.9,0,7.2, , ,0,0.0,1004.0,6.6,0,11,0,300,0,18, , , , , , ,2655
10-jun-2012,0,18.3,0,5.0, , ,0,0.0,1003.2,3.8,0,8,0,240,0,12, , , , , , ,2455
11-jun-2012,0,18.3,0,9.2, , ,0,8.3,1002.5,4.6,0,11,0,250,0,16, , , , , , ,1671
12-jun-2012,0,14.5,0,8.1, , ,0,0.3,1007.2,7.0,0,11,0,320,0,18, , , , , , ,1086
13-jun-2012,0,16.1,0,5.3, , ,0,0.0,1009.6,5.0,0,8,0,80,0,14, , , , , , ,1589
14-jun-2012,0,13.8,0,8.2, , ,0,3.5,1000.1,11.3,0,19,0,80,0,28, , , , , , ,802
15-jun-2012,0,16.7,0,11.1, , ,0,2.4,988.8,12.5,0,18,0,70,0,30, , , , , , ,1130
16-jun-2012,0,13.8,0,8.9, , ,0,1.0,997.5,10.1,0,17,0,300,0,24, , , , , , ,876
17-jun-2012,0,16.2,0,5.7, , ,0,0.7,1009.5,3.4,0,9,0,190,0,14, , , , , , ,2122
18-jun-2012,0,15.1,0,6.8, , ,0,2.3,1009.2,4.4,0,11,0,170,0,19, , , , , , ,1469
19-jun-2012,0,17.2,0,5.3, , ,0,0.2,1011.0,3.8,0,9,0,190,0,13, , , , , , ,2055
20-jun-2012,0,17.6,0,10.0, , ,0,12.2,1008.2,4.8,0,11,0,130,0,17, , , , , , ,1548
21-jun-2012,0,14.1,0,10.1, , ,0,20.5,1000.2,5.3,0,10,0,310,0,15, , , , , , ,576
22-jun-2012,0,15.6,0,10.9, , ,0,3.3,1003.3,11.8,0,19,0,270,0,29, , , , , , ,1454
23-jun-2012,0,14.8,0,11.5, , ,0,4.6,1007.1,9.0,0,17,0,220,0,26, , , , , , ,764
24-jun-2012,0,18.6,0,10.4, , ,0,0.9,1008.8,6.3,0,14,0,240,0,19, , , , , , ,2225
25-jun-2012,0,19.8,0,9.5, , ,0,0.0,1011.8,4.7,0,9,0,80,0,15, , , , , , ,1952
26-jun-2012,0,18.0,0,12.8, , ,0,7.5,1009.7,7.2,0,14,0,220,0,21, , , , , , ,881
27-jun-2012,0,22.2,0,15.1, , ,0,9.8,1005.8,5.5,0,9,0,200,0,13, , , , , , ,1222
28-jun-2012,0,17.9,0,12.1,0,13.3,0,20.0,993.9,6.7,0,13,0,250,0,20,17.358,2.0,2.9, , , ,1340
29-jun-2012,0,16.1,0,11.9,0,8.9,0,2.9,989.8,9.9,0,18,0,220,0,26,16.175,2.2,3.4, , , ,1609
30-jun-2012,0,14.6,0,10.4,0,10.2,0,4.1,999.1,8.5,0,17,0,260,0,26,15.055,2.4,3.6, , , ,1664
01-jul-2012,0,14.5,0,9.6,0,7.9,0,4.8,1003.4,6.8,0,10,0,220,0,16,14.408,1.4,2.0, , , ,924
02-jul-2012,0,18.3,0,13.3,0,13.0,0,4.6,1001.7,6.0,0,12,0,230,0,18,17.105,3.2,4.5, , , ,2272
03-jul-2012,0,17.2,0,11.9,0,12.8,0,10.0,1000.2,5.7,0,11,0,250,0,16,16.597,1.1,1.5, , , ,609
04-jul-2012,0,18.1,0,11.3,0,8.1,0,3.5,1000.3,4.1,0,10,0,120,0,15,16.638,2.2,3.0, , , ,1343
05-jul-2012,0,20.0,0,11.7,0,9.6,0,0.0,1004.5,3.7,0,8,0,340,0,12,17.950,2.8,3.7, , , ,1689
06-jul-2012,0,19.1,0,10.9, , ,0,1.5,1005.0,5.6,0,11,0,10,0,17, , , , , , ,834
07-jul-2012,0,19.1,0,12.8,0,14.4,0,1.0,1004.5,8.4,0,11,0,330,0,19,17.350,2.0,2.8, , , ,1041
08-jul-2012,0,15.4,0,10.5,0,12.6,0,0.0,1007.2,9.8,0,13,0,330,0,20,15.877,1.7,2.4, , , ,911
09-jul-2012,0,16.0,0,10.3,0,9.7,0,0.8,1008.8,8.9,0,15,0,330,0,21,15.065,1.8,2.7, , , ,1065
10-jul-2012,0,17.7,0,10.0,0,9.5,0,1.2,1009.2,8.4,0,16,0,290,0,23,15.385,2.5,3.5, , , ,1520
11-jul-2012,0,16.5,0,8.1,0,8.1,0,0.1,1008.8,7.1,0,14,0,300,0,20,15.635,2.9,4.1, , , ,2019
12-jul-2012,0,14.8,0,6.2, , ,0,1.2,1004.0,7.4,0,13,0,80,0,21, , , , , , ,1451
13-jul-2012,0,18.1,0,9.9,0,10.7,0,1.4,999.5,7.3,0,12,0,330,0,17,15.755,2.7,3.8, , , ,1594
14-jul-2012,0,15.2,0,8.1,0,7.5,0,0.0,1005.3,7.8,0,14,0,310,0,19,15.142,2.3,3.3, , , ,1486
15-jul-2012,0,17.5,0,5.6, , ,0,1.5,1009.9,6.7,0,14,0,220,0,20, , , , , , ,2296
16-jul-2012,0,17.4,0,12.6,0,12.5,0,11.0,1011.2,9.8,0,17,0,250,0,26,16.368,1.9,2.9, , , ,1321
17-jul-2012,0,17.0,0,13.2,0,13.4,0,4.1,1011.9,10.0,0,16,0,210,0,25,15.983,0.9,1.4, , , ,475
18-jul-2012,0,17.2,0,11.5,0,11.8,0,7.4,1006.9,8.2,0,17,0,240,0,26,16.288,2.2,3.3, , , ,1543
19-jul-2012,0,16.0,0,8.7,0,5.8,0,0.1,1009.5,6.0,0,11,0,310,0,16,15.562,2.2,3.1, , , ,1458
20-jul-2012,0,18.0,0,9.3,0,9.2,0,0.0,1015.0,4.4,0,9,0,300,0,14,16.980,3.3,4.5, , , ,2227
21-jul-2012,0,19.1,0,8.0,0,4.8,0,0.0,1018.0,4.8,0,10,0,250,0,14,16.833,2.7,3.6, , , ,1762
22-jul-2012,0,20.5,0,13.5,0,10.4,0,9.2,1014.4,11.2,0,17,0,200,0,29,17.090,1.9,2.6, , , ,783
23-jul-2012,0,17.5,0,13.9,0,16.2,0,26.1,1010.8,5.2,0,11,0,210,0,15,17.298,1.0,1.3, , , ,457
24-jul-2012,0,18.0,0,12.9, , ,0,14.3,1013.1,3.6,0,10,0,330,0,15, , , , , , ,796
25-jul-2012,0,19.6,0,12.3,0,12.3,0,0.0,1015.8,4.1,0,8,0,0,0,12,17.562,2.2,2.9, , , ,1171
26-jul-2012,0,19.8,0,10.4,0,9.0,0,0.0,1015.2,5.5,0,11,0,220,0,17,18.150,3.3,4.5, , , ,2223
27-jul-2012,0,18.3,0,9.3, , ,0,0.2,1012.2,8.0,0,15,0,300,0,23, , , , , , ,2296
28-jul-2012,0,17.5,0,9.2,0,5.6,0,0.2,1008.5,9.0,0,16,0,290,0,24,16.335,3.0,4.3, , , ,1917
29-jul-2012,0,16.7,0,7.4,0,3.0,0,0.9,1008.1,7.2,0,15,0,270,0,23,15.510,2.9,4.1, , , ,1948
30-jul-2012,0,18.0,0,6.9,0,3.2,0,0.0,1008.0,3.9,0,8,0,220,0,13,17.167,3.4,4.6, , , ,2513
31-jul-2012,0,16.9,0,11.1,0,9.1,0,10.2,999.5,7.9,0,14,0,160,0,23,16.405,1.2,1.6, , , ,516
01-aug-2012,0,17.0,0,11.6,0,13.9,0,0.9,992.4,11.0,0,19,0,220,0,28,16.593,2.2,3.4, , , ,1581
02-aug-2012,0,18.5,0,10.0,0,6.3,0,0.5,997.9,7.3,0,14,0,180,0,22,15.233,2.2,3.0, , , ,1242
03-aug-2012,0,18.2,0,12.1,0,8.5,0,9.3,997.3,5.9,0,10,0,130,0,19,16.000,1.9,2.7, , , ,1161
04-aug-2012,0,19.6,0,12.8,0,11.2,0,6.9,1000.2,7.5,0,14,0,40,0,27,16.458,2.2,2.9, , , ,1161
05-aug-2012,0,15.5,0,11.0,0,10.2,0,0.2,1003.5,7.9,0,13,0,320,0,18,15.968,1.5,2.1, , , ,879
06-aug-2012,0,17.2,0,8.2,0,5.5,0,0.0,1006.5,5.5,0,11,0,250,0,18,16.167,2.5,3.4, , , ,1600
07-aug-2012,0,19.2,0,12.1,0,12.0,0,0.0,1012.5,3.3,0,6,0,80,0,9,17.485,2.0,2.6, , , ,1165
08-aug-2012,0,21.9,0,14.1,0,13.8,0,0.0,1018.1,2.1,0,6,0,230,0,9,18.962,2.0,2.6, , , ,1009
09-aug-2012,0,24.2,0,15.5,0,15.4,0,0.0,1021.2,2.7,0,5,0,270,0,8,20.405,3.0,3.9, , , ,1726
10-aug-2012,0,25.4,0,13.5,0,10.5,0,0.0,1019.2,5.6,0,11,0,110,0,17,21.360,3.7,4.9, , , ,2254
11-aug-2012,0,20.9,0,14.1,0,12.6,0,1.3,1010.6,9.4,0,18,0,100,0,25,19.350,2.3,3.1, , , ,1124
12-aug-2012,0,21.3,0,14.7,0,12.3,0,11.3,1000.8,5.7,0,12,0,100,0,19,18.913,2.4,3.2, , , ,1341
13-aug-2012,0,19.8,0,13.8,0,14.6,0,15.7,996.1,6.5,0,12,0,210,0,19,18.932,2.6,3.6, , , ,1667
14-aug-2012,0,21.7,0,13.8,0,11.7,0,0.1,999.6,5.8,0,11,0,170,0,16,19.038,3.1,4.1, , , ,1848
15-aug-2012,0,19.0,0,13.7,0,12.5,0,11.9,988.9,13.5,0,20,0,120,0,34,17.938,1.7,2.4, , , ,829
16-aug-2012,0,19.9,0,12.7,0,10.6,0,6.5,992.4,8.6,0,15,0,180,0,24,17.275,2.5,3.4, , , ,1430
17-aug-2012,0,21.4,0,13.9,0,14.4,0,1.3,998.1,4.4,0,9,0,120,0,14,18.977,2.5,3.3, , , ,1435
18-aug-2012,0,21.7,0,11.6,0,7.6,0,0.0,1004.2,7.2,0,14,0,170,0,22,18.400,2.7,3.9, , , ,1827
19-aug-2012,0,20.0,0,13.8,0,10.9,0,1.8,1007.5,7.0,0,15,0,180,0,26,17.603,2.0,2.7, , , ,1103
20-aug-2012,0,19.5,0,12.1,0,12.6,0,3.2,1010.2,7.4,0,13,0,210,0,19,17.663,2.1,3.0, , , ,1379
21-aug-2012,0,17.8,0,11.8,0,9.0,0,7.8,1009.1,8.5,0,16,0,240,0,25,16.915,2.2,3.3, , , ,1672
22-aug-2012,0,17.5,0,12.9,0,11.6,0,4.6,1009.7,9.3,0,17,0,230,0,27,16.640,2.3,3.5, , , ,1706
23-aug-2012,0,17.5,0,12.6,0,12.0,0,8.4,1004.7,6.4,0,14,0,210,0,20,16.272,1.7,2.4, , , ,982
24-aug-2012,0,15.8,0,12.0,0,12.0,0,8.5,996.1,8.9,0,15,0,70,0,25,15.955,1.1,1.6, , , ,563
25-aug-2012,0,18.4,0,9.5,0,11.1,0,0.6,1002.2,7.8,0,15,0,310,0,21,16.445,2.1,3.0, , , ,1433
26-aug-2012,0,17.2,0,5.9,0,3.4,0,3.4,1004.3,6.3,0,15,0,140,0,23,15.188,2.3,3.0, , , ,1275
27-aug-2012,0,18.7,0,12.2,0,13.7,0,1.8,996.7,10.4,0,16,0,230,0,25,16.680,2.2,3.2, , , ,1446
28-aug-2012,0,18.2,0,10.7,0,10.0,0,1.5,999.4,9.2,0,15,0,130,0,24,15.453,2.1,2.9, , , ,1225
29-aug-2012,0,17.0,0,11.7,0,9.9,0,5.4,1000.8,9.7,0,18,0,320,0,24,15.070,1.7,2.5, , , ,1115
30-aug-2012,0,17.1,0,7.5,0,5.8,0,0.0,1017.2,8.1,0,16,0,310,0,23,14.895,2.1,3.0, , , ,1451
31-aug-2012,0,16.5,0,8.4,0,5.4,0,1.3,1024.2,8.2,0,15,0,230,0,23,14.515,1.0,1.5, , , ,540
01-sep-2012,0,16.9,0,14.0,0,12.4,0,4.5,1018.3,11.7,0,21,0,220,0,34,15.302,1.3,1.9, , , ,665
02-sep-2012,0,17.8,0,12.9,0,14.0,0,0.2,1019.2,5.1,0,10,0,240,0,15,16.538,1.8,2.3, , , ,1162
03-sep-2012,0,20.1,0,9.7,0,6.8,0,3.4,1019.7,8.3,0,15,0,220,0,22,15.785,1.3,1.9, , , ,829
04-sep-2012,0,18.6,0,6.7,0,8.5,0,0.1,1022.1,5.4,0,13,0,320,0,19,16.608,1.9,2.8, , , ,1700
05-sep-2012,0,18.9,0,4.9,0,3.0,0,0.1,1025.9,2.5,0,7,0,330,0,13,15.243,2.2,2.9, , , ,1656
06-sep-2012,0,17.0,0,6.2,0,3.6,0,0.1,1022.0,9.3,0,16,0,220,0,26,14.432,2.1,2.1, , , ,1073
07-sep-2012,0,17.9,0,14.4,0,14.0,0,0.4,1019.0,6.9,0,12,0,230,0,18,16.180,1.3,1.8, , , ,799
08-sep-2012,0,17.6,0,9.4,0,13.0,0,0.0,1011.3,3.7,0,9,0,190,0,15,16.942,1.9,2.2, , , ,1322
09-sep-2012,0,18.9,0,10.8,0,5.2,0,4.7,1000.1,8.3,0,14,0,230,0,23,15.415,1.2,1.6, , , ,528
10-sep-2012,0,14.7,0,8.5,0,10.8,0,8.0,1001.2,4.2,0,10,0,330,0,15,14.935,0.8,1.1, , , ,531
11-sep-2012,0,14.5,0,6.2,0,2.4,0,1.4,1008.1,7.5,0,14,0,280,0,24,13.048,1.6,2.4, , , ,1357
12-sep-2012,0,16.3,0,5.9,0,9.5,0,3.7,1012.2,7.1,0,14,0,320,0,22,14.430,1.2,1.9, , , ,1048
13-sep-2012,0,15.5,0,6.3,0,2.3,0,4.3,1011.6,11.8,0,20,0,230,0,32,13.725,0.7,1.2, , , ,499
14-sep-2012,0,17.5,0,12.1,0,9.7,0,0.0,1010.4,9.7,0,20,0,280,0,26,14.520,2.0,2.9, , , ,1359
15-sep-2012,0,15.5,0,12.8,0,9.5,0,0.2,1010.2,8.5,0,15,0,230,0,24,14.650,1.6,2.2, , , ,961
16-sep-2012,0,16.3,0,10.9,0,11.9,0,15.1,1004.1,8.4,0,16,0,240,0,24,14.432,1.5,2.1, , , ,972
17-sep-2012,0,15.5,0,8.0,0,6.5,0,3.2,1004.2,9.2,0,18,0,240,0,30,13.210,1.6,2.3, , , ,1056
18-sep-2012,0,15.1,0,5.7,0,1.1,0,1.0,1012.0,7.4,0,17,0,290,0,26,12.420,1.8,2.6, , , ,1556
19-sep-2012,0,13.8,0,4.5,0,0.1,0,5.8,1016.2,4.5,0,13,0,250,0,19,11.955,1.0,1.4, , , ,749
20-sep-2012,0,14.4,0,9.8,0,7.7,0,8.5,1012.1,6.3,0,11,0,220,0,20,13.040,0.8,1.1, , , ,483
21-sep-2012,0,14.2,0,4.9,0,6.4,0,8.8,1013.8,5.4,0,11,0,70,0,16,13.743,1.2,1.7, , , ,1212
22-sep-2012,0,15.0,0,2.5,0,-0.3,0,0.0,1013.1,4.8,0,9,0,140,0,15,12.240,1.4,2.0, , , ,1171
23-sep-2012,0,15.6,0,5.0,0,1.9,0,0.1,1002.5,5.6,0,10,0,100,0,17,12.542,1.4,2.0, , , ,1158
24-sep-2012,0,11.2,0,7.8,0,7.3,0,2.4,990.2,6.0,0,11,0,300,0,17,12.225,0.8,1.1, , , ,362
25-sep-2012,0,12.1,0,8.1,0,7.9,0,5.8,986.0,10.8,0,17,0,330,0,28,11.385,0.8,1.2, , , ,328
26-sep-2012,0,15.5,0,8.6,0,9.1,0,0.0,996.5,12.2,0,17,0,320,0,29,12.495,1.7,2.4, , , ,1042
27-sep-2012,0,14.6,0,8.0,0,6.6,0,3.4,1004.4,6.7,0,13,0,230,0,21,12.175,1.1,1.5, , , ,729
28-sep-2012,0,15.6,0,7.4,0,6.7,0,0.1,1007.1,8.4,0,14,0,260,0,23,12.345,1.4,2.0, , , ,1012
29-sep-2012,0,14.6,0,7.0,0,2.9,0,4.3,1011.5,9.0,0,16,0,210,0,23,11.505,1.1,1.5, , , ,692
30-sep-2012,0,15.3,0,10.6,0,11.0,0,11.8,1004.9,12.2,0,18,0,220,0,29,13.503,1.0,1.7, , , ,1029
01-oct-2012,0,13.5,0,8.8,0,6.7,0,15.6,1000.9,9.4,0,18,0,240,0,31,12.042,1.0,1.5, , , ,809
02-oct-2012,0,13.4,0,7.5,0,7.6,0,11.4,994.9,8.8,0,18,0,190,0,30,11.307,1.1,1.6, , , ,741
03-oct-2012,0,13.2,0,2.8,0,4.9,0,10.0,996.3,7.1,0,16,0,240,0,28,10.575,0.9,1.3, , , ,722
04-oct-2012,0,13.3,0,1.1,0,-0.5,0,2.0,998.5,5.6,0,15,0,240,0,24,9.597,0.9,1.2, , , ,817
05-oct-2012,0,13.1,0,1.7,0,0.7,0,1.9,1001.2,4.5,0,12,0,250,0,18,9.812,0.8,1.2, , , ,835
06-oct-2012,0,15.2,0,-0.0,0,-1.0,0,0.0,1010.8,2.8,0,8,0,300,0,11,9.571,1.2,1.4, , , ,945
07-oct-2012,0,11.8,0,1.5,0,-0.4,0,0.4,1014.4,6.0,0,11,0,70,0,17,9.688,0.7,1.0, , , ,645
08-oct-2012,0,13.4,0,5.5,0,8.2,0,0.8,1010.6,7.9,0,12,0,60,0,18,11.085,0.9,1.2, , , ,498
09-oct-2012,0,13.8,0,4.2,0,2.0,0,0.0,1011.3,5.8,0,8,0,60,0,12,10.507,0.9,1.3, , , ,858
10-oct-2012,0,14.6,0,7.0,0,6.1,0,0.3,1004.0,5.5,0,9,0,140,0,14,11.392,0.6,0.8, , , ,392
11-oct-2012,0,14.1,0,2.0,0,9.4,0,12.6,998.8,7.9,0,16,0,300,0,24,11.757,0.5,0.8, , , ,632
12-oct-2012,0,11.4,0,0.5,0,-4.1,0,1.4,1000.7,3.6,0,16,0,200,0,23,8.795,1.0,1.0, , , ,782
13-oct-2012,0,12.8,0,-0.1,0,-4.4,0,2.4,1000.5,3.2,0,11,0,250,0,21,8.182,1.0,1.1, , , ,886
14-oct-2012,0,11.6,0,-0.3,0,-3.6,0,0.5,999.7,4.4,0,12,0,270,0,20,7.997,0.8,0.7, , , ,407
15-oct-2012,0,10.7,0,0.4,0,-1.6,0,7.8,989.7,6.0,0,20,0,200,0,31,8.158,0.4,0.6, , , ,309
16-oct-2012,0,12.8,0,3.8,0,1.3,0,1.6,989.2,7.7,0,16,0,280,0,24,9.337,0.9,1.3, , , ,976
17-oct-2012,0,12.7,0,7.2,0,5.9,0,19.9,980.7,7.8,0,20,0,50,0,28,9.685,0.7,0.9, , , ,352
18-oct-2012,0,11.8,0,8.6,0,6.2,0,9.3,988.1,8.4,0,12,0,340,0,20,10.275,0.4,0.7, , , ,368
19-oct-2012,0,12.0,0,7.8,0,7.7,0,0.0,1001.2,5.3,0,10,0,340,0,15,10.510,0.6,0.8, , , ,499
20-oct-2012,0,14.9,0,5.9,0,1.7,0,0.0,1006.2,4.4,0,11,0,180,0,16,10.530,0.9,1.0, , , ,662
21-oct-2012,0,15.3,0,7.1,0,3.9,0,0.1,1011.3,6.9,0,11,0,90,0,17,10.667,0.8,1.1, , , ,897
22-oct-2012,0,13.3,0,4.8,0,1.0,0,0.2,1016.8,5.2,0,10,0,90,0,14,10.222,0.5,0.7, , , ,498
23-oct-2012,0,12.6,0,8.9,0,7.5,0,0.0,1021.3,5.1,0,8,0,70,0,12,11.292,0.4,0.5, , , ,164
24-oct-2012,0,12.5,0,9.8,0,7.4,0,0.0,1018.4,8.0,0,12,0,40,0,20,11.043,0.4,0.6, , , ,128
25-oct-2012,0,11.6,0,8.7,0,9.5,0,0.0,1014.2,9.6,0,14,0,30,0,21,10.840,0.7,1.0, , , ,287
26-oct-2012,0,8.8,0,0.4,0,2.2,0,0.0,1017.3,8.2,0,14,0,10,0,27,8.977,0.5,0.8, , , ,698
27-oct-2012,0,9.6,0,-2.4,0,-7.8,0,0.0,1021.2,5.5,0,9,0,240,0,14,6.955,0.5,0.7, , , ,769
28-oct-2012,0,9.6,0,2.6,0,-0.2,0,10.9,1008.6,9.5,0,16,0,220,0,29,8.525,0.2,0.4, , , ,121
29-oct-2012,0,11.2,0,0.4,0,-2.7,0,0.1,1004.7,4.9,0,12,0,340,0,19,7.639,0.4,0.5, , , ,479
30-oct-2012,0,9.9,0,1.3,0,-3.7,0,3.5,995.0,9.4,0,16,0,240,0,25,7.627,0.3,0.5, , , ,372
31-oct-2012,0,9.0,0,-0.5,0,4.7,0,15.0,977.2,5.3,0,14,0,210,0,21,8.135,0.2,0.3, , , ,551
01-nov-2012,0,7.1,0,-1.5,0,-6.3,0,3.8,974.8,7.1,0,17,0,240,0,29,5.882,0.4,0.5, , , ,438
02-nov-2012,0,9.9,0,2.9,0,0.4,0,6.2,981.7,7.8,0,21,0,290,0,29,6.700,0.6,0.8, , , ,682
03-nov-2012,0,7.0,0,1.1,0,-1.5,0,9.1,983.1,9.8,0,16,0,190,0,26,5.811,0.4,0.6, , , ,451
04-nov-2012,0,8.2,0,3.3,0,1.6,0,1.6,988.2,6.7,0,12,0,180,0,20,6.551,0.4,0.5, , , ,333
05-nov-2012,0,10.7,0,0.4,0,-1.7,0,1.4,1007.2,5.6,0,13,0,340,0,18,5.870,0.4,0.6, , , ,512
06-nov-2012,0,12.2,0,4.2,0,-1.6,0,0.0,1018.8,7.6,0,12,0,260,0,19,7.238,0.5,0.7, , , ,509
07-nov-2012,0,11.3,0,8.6,0,5.0,0,1.8,1017.8,10.7,0,16,0,230,0,26,8.440,0.6,0.8, , , ,194
08-nov-2012,0,11.2,0,5.9,0,-0.1,0,2.3,1010.1,7.6,0,14,0,210,0,23,8.335,0.3,0.5, , , ,442
09-nov-2012,0,10.9,0,3.9,0,4.1,0,7.7,997.7,7.7,0,15,0,230,0,24,8.485,0.3,0.5, , , ,395
10-nov-2012,0,8.5,0,2.4,0,-0.1,0,1.7,994.4,6.4,0,12,0,260,0,19,6.996,0.2,0.3, , , ,540
11-nov-2012,0,9.4,0,0.8,0,-3.8,0,4.1,1005.0,5.1,0,10,0,140,0,14,6.175,0.3,0.4, , , ,362
12-nov-2012,0,12.4,0,7.1,0,-0.1,0,7.2,1006.7,10.3,0,16,0,230,0,25,9.110,0.3,0.5, , , ,61
13-nov-2012,0,13.2,0,9.0,0,11.1,0,12.2,1010.1,8.2,0,15,0,180,0,25,10.320,0.3,0.5, , , ,101
14-nov-2012,0,9.8,0,8.3,0,7.2,0,6.5,1016.2,2.9,0,7,0,0,0,10,9.565,0.3,0.4, , , ,99
15-nov-2012,0,10.8,0,3.7,0,8.3,0,0.6,1015.0,3.9,0,9,0,220,0,14,9.403,0.0,0.2, , , ,290
16-nov-2012,0,8.1,0,5.6,0,-1.6,0,1.6,1007.5,4.2,0,8,0,200,0,12,8.182,0.3,0.4, , , ,153
17-nov-2012,0,8.7,0,0.7,0,-4.0,0,3.8,1004.4,5.2,0,14,0,230,0,21,6.523,0.2,0.3, , , ,408
18-nov-2012,0,11.7,0,-0.2,0,-5.0,0,8.3,997.7,8.2,0,17,0,160,0,32,5.406,0.3,0.4, , , ,88
19-nov-2012,0,11.9,0,9.0,0,1.5,0,5.4,988.9,12.1,0,20,0,230,0,34,9.050,0.2,0.3, , , ,192
20-nov-2012,0,11.5,0,4.7,0,5.4,0,27.5,991.7,10.0,0,25,0,200,0,41,8.392,0.2,0.2, , , ,412
21-nov-2012,0,10.6,0,2.7,0,-2.9,0,2.1,995.2,7.6,0,15,0,190,0,22,6.543,0.0,0.1, , , ,465
22-nov-2012,0,10.3,0,5.6,0,1.3,0,11.5,990.5,9.4,0,16,0,190,0,31,7.295,0.5,0.6, , , ,116
23-nov-2012,0,6.9,0,0.0,0,-1.2,0,3.9,1001.6,5.1,0,14,0,250,0,26,5.530,0.2,0.3, , , ,201
24-nov-2012,0,3.5,0,-2.5,0,-6.5,0,0.0,1003.7,3.1,0,6,0,290,0,8,3.672,0.1,0.2, , , ,182
25-nov-2012,0,3.7,0,-3.5,0,-6.5,0,0.0,996.7,5.4,0,10,0,320,0,15,3.368,0.1,0.3, , , ,127
26-nov-2012,0,8.0,0,1.5,0,-1.8,0,0.3,1005.4,10.6,0,17,0,320,0,25,4.498,0.2,0.2, , , ,310
27-nov-2012,0,6.8,0,-0.5,0,-0.9,0,0.0,1014.5,7.9,0,14,0,350,0,21,4.010,0.1,0.1, , , ,417
28-nov-2012,0,7.1,0,-2.5,0,-5.8,0,0.0,1018.2,4.8,0,9,0,300,0,12,3.170,0.0,0.1, , , ,354
29-nov-2012,0,3.9,0,-2.9,0,-6.6,0,0.2,1011.9,2.1,0,5,0,70,0,7,3.263,0.1,0.2, , , ,158
30-nov-2012,0,6.5,0,1.3,0,-1.2,0,1.0,1008.1,4.8,0,10,0,40,0,13,4.617,0.2,0.2, , , ,119
01-dec-2012,0,7.3,0,1.4,0,-1.8,0,0.1,1014.4,3.1,0,6,0,310,0,9,5.013,0.0,0.1, , , ,300
02-dec-2012,0,10.4,0,3.2,0,-1.3,0,10.2,1008.2,6.5,0,14,0,230,0,20,5.720,0.2,0.3, , , ,72
03-dec-2012,0,8.7,0,2.5,0,-1.3,0,2.0,1003.0,7.3,0,14,0,250,0,25,5.716,0.1,0.1, , , ,197
04-dec-2012,0,7.4,0,1.0,0,-0.2,0,2.5,1001.3,7.9,0,15,0,290,0,22,4.161,0.2,0.3, , , ,189
05-dec-2012,0,6.4,0,-1.7,0,-4.6,0,0.0,1008.7,4.4,0,12,0,310,0,18,3.176,0.0,0.0, , , ,369
06-dec-2012,0,7.7,0,0.5,0,-7.2,0,13.5,1004.0,10.4,0,20,0,280,0,31,3.794,0.2,0.3, , , ,36
07-dec-2012,0,8.5,0,-1.4,0,-0.8,0,0.1,1010.1,7.8,0,21,0,300,0,33,3.848,0.1,0.2, , , ,313
08-dec-2012,0,8.6,0,-2.6,0,-6.7,0,0.6,1021.8,4.9,0,12,0,240,0,18,3.866,0.0,0.1, , , ,177
09-dec-2012,0,9.0,0,0.2,0,1.1,0,0.3,1019.5,5.6,0,10,0,250,0,16,5.975,0.1,0.3, , , ,120
10-dec-2012,0,3.1,0,-3.2,0,-8.0,0,0.0,1022.1,4.4,0,8,0,60,0,12,2.916,0.0,0.0, , , ,244
11-dec-2012,0,2.7,0,-1.1,0,-6.7,0,0.0,1019.8,8.1,0,11,0,100,0,16,2.136,0.1,0.2, , , ,231
12-dec-2012,0,6.0,0,1.4,0,-1.8,0,1.8,1007.7,8.0,0,10,0,80,0,15,3.524,0.3,0.4, , , ,87
13-dec-2012,0,6.1,0,0.3,0,-1.5,0,0.0,990.1,9.9,0,18,0,100,0,26,3.895,0.1,0.1, , , ,261
14-dec-2012,0,8.0,0,4.4,0,-1.2,0,10.5,973.6,8.0,0,16,0,120,0,26,5.457,0.4,0.2, , , ,128
15-dec-2012,0,8.9,0,4.9,0,0.3,0,0.8,978.8,7.0,0,10,0,200,0,16,5.297,0.3,0.2, , , ,207
16-dec-2012,0,9.0,0,4.9,0,2.6,0,3.4,984.6,8.4,0,14,0,190,0,21,5.181,0.4,0.3, , , ,193
17-dec-2012,0,8.4,0,2.4,0,3.2,0,2.9,996.7,8.2,0,18,0,240,0,30,5.869,0.2,0.2, , , ,158
18-dec-2012,0,7.5,0,0.2,0,-3.2,0,0.2,1005.8,6.6,0,17,0,100,0,25,4.731,0.2,0.3, , , ,136
19-dec-2012,0,9.9,0,4.7,0,1.0,0,3.2,998.2,7.1,0,19,0,120,0,34,6.260,0.1,0.2, , , ,152
20-dec-2012,0,6.7,0,4.1,0,0.8,0,2.1,995.5,3.3,0,8,0,100,0,11,5.803,0.2,0.3, , , ,79
21-dec-2012,0,7.8,0,3.5,0,-0.9,0,3.8,998.8,4.9,0,11,0,110,0,18,5.658,0.1,0.2, , , ,158
22-dec-2012,0,13.3,0,7.8,0,0.9,0,24.7,986.7,10.6,0,24,0,200,0,47,8.333,0.4,0.6, , , ,27
23-dec-2012,0,11.4,0,4.4,0,5.3,0,0.9,987.1,11.9,0,33,0,230,0,50,7.444,0.6,0.7, , , ,137
24-dec-2012,0,8.9,0,4.6,0,-1.9,0,1.5,987.6,5.3,0,10,0,180,0,17,6.087,0.0,0.0, , , ,292
25-dec-2012,0,8.4,0,2.7,0,-1.5,0,3.4,988.8,5.7,0,14,0,270,0,23,5.480,0.1,0.1, , , ,276
26-dec-2012,0,8.8,0,4.9,0,-1.7,0,13.7,992.4,10.1,0,23,0,240,0,38,5.492,0.5,0.6, , , ,141
27-dec-2012,0,8.5,0,3.5,0,1.2,0,13.5,998.3,6.1,0,12,0,150,0,19,5.429,0.1,0.1, , , ,290
28-dec-2012,0,12.7,0,7.2,0,1.6,0,3.3,993.9,15.1,0,23,0,210,0,38,7.866,0.5,0.7, , , ,72
29-dec-2012,0,10.1,0,2.4,0,3.6,0,7.3,988.7,10.1,0,23,0,240,0,39,6.508,0.6,0.8, , , ,163
30-dec-2012,0,11.2,0,2.4,0,-0.4,0,9.9,993.6,16.1,0,23,0,210,0,37,5.685,0.6,0.9, , , ,73
31-dec-2012,0,10.6,0,3.1,0,4.4,0,17.0,990.7,10.6,0,23,0,210,0,41,7.382,0.2,0.2, , , ,235
01-jan-2013,0,8.3,0,1.4,0,-1.3,0,0.7,1005.1,6.6,0,14,0,270,0,20,5.048,0.0,0.0, , , ,284
02-jan-2013,0,11.1,0,7.1,0,1.6,0,3.1,1016.8,11.2,0,18,0,230,0,25,7.755,0.2,0.3, , , ,83
03-jan-2013,0,11.3,0,10.4,0,9.8,0,3.3,1024.8,9.2,0,14,0,220,0,22,9.113,0.3,0.4, , , ,92
04-jan-2013,0,10.9,0,9.1,0,8.2,0,0.0,1026.4,7.5,0,14,0,170,0,22,8.722,0.4,0.5, , , ,110
05-jan-2013,0,12.0,0,4.9,0,6.7,0,1.5,1022.8,7.7,0,15,0,230,0,24,8.320,0.1,0.2, , , ,116
06-jan-2013,0,11.3,0,4.5,0,-0.3,0,12.1,1020.3,8.1,0,14,0,170,0,23,8.084,0.3,0.4, , , ,54
07-jan-2013,0,12.3,0,9.9,0,8.8,0,16.4,1012.2,7.9,0,11,0,170,0,21,9.318,0.3,0.5, , , ,52
08-jan-2013,0,12.1,0,-0.3,0,4.5,0,1.2,1014.3,5.5,0,17,0,230,0,24,8.509,0.0,0.0, , , ,328
09-jan-2013,0,6.7,0,-2.2,0,-6.0,0,0.0,1015.3,3.5,0,9,0,100,0,13,4.648,0.0,0.0, , , ,363
10-jan-2013,0,9.0,0,0.1,0,-5.0,0,0.2,1008.9,7.5,0,17,0,230,0,24,4.823,0.2,0.2, , , ,223
11-jan-2013,0,8.9,0,-0.7,0,-5.9,0,0.1,1006.5,5.9,0,10,0,90,0,14,4.235,0.1,0.1, , , ,263
12-jan-2013,0,7.0,0,0.5,0,0.8,0,0.1,1007.5,7.2,0,12,0,30,0,19,5.086,0.2,0.3, , , ,128
13-jan-2013,0,6.8,0,-3.9,0,-7.9,0,0.6,1015.7,3.0,0,7,0,230,0,12,3.399,0.3,0.2, , , ,170
14-jan-2013,0,7.4,0,1.9,0,-3.5,0,0.8,1012.8,8.4,0,13,0,290,0,18,4.816,0.1,0.2, , , ,259
15-jan-2013,0,5.2,0,-2.3,0,-6.4,0,6.1,1005.7,4.3,0,10,0,100,0,15,3.391,0.1,0.2, , , ,226
16-jan-2013,0,7.1,0,2.8,0,-4.6,0,2.1,1003.1,3.8,0,9,0,100,0,14,4.787,0.2,0.3, , , ,89
17-jan-2013,0,8.9,0,4.8,0,3.8,0,7.4,997.1,6.2,0,13,0,130,0,24,5.827,0.2,0.3, , , ,155
18-jan-2013,0,9.1,0,4.1,0,3.5,0,18.8,986.1,5.9,0,13,0,110,0,23,6.635,0.1,0.2, , , ,251
19-jan-2013,0,5.8,0,-1.9,0,-6.4,0,0.0,991.3,4.3,0,9,0,80,0,13,4.433,0.1,0.1, , , ,350
20-jan-2013,0,2.9,0,-1.3,0,-6.0,0,0.0,992.3,8.1,0,14,0,100,0,21,3.135,0.3,0.4, , , ,256
21-jan-2013,0,4.2,0,-4.0,0,-0.3,0,0.0,989.5,4.0,0,8,0,100,0,12,3.385,0.1,0.2, , , ,332
22-jan-2013,0,3.5,0,-4.9,0,-8.7,0,0.0,995.5,3.3,0,8,0,90,0,11,2.287,0.0,0.1, , , ,392
23-jan-2013,0,3.3,0,-1.6,0,-3.3,0,0.3,1002.7,6.8,0,11,0,100,0,17,2.608,0.1,0.3, , , ,207
24-jan-2013,0,6.5,0,-3.4,0,-9.2,0,0.1,1006.9,6.4,0,12,0,140,0,18,1.912,0.3,0.5, , , ,158
25-jan-2013,0,8.9,0,3.4,0,-3.1,0,12.7,997.2,9.8,0,14,0,160,0,23,4.863,0.3,0.6, , , ,73
26-jan-2013,0,11.5,0,1.8,0,-2.6,0,8.8,988.8,9.1,0,17,0,190,0,26,4.731,0.2,0.5, , , ,107
27-jan-2013,0,7.3,0,2.5,0,0.5,0,10.3,984.5,14.1,0,27,0,220,0,45,4.809,0.0,0.5, , , ,186
28-jan-2013,0,11.0,0,3.6,0,0.3,0,8.5,986.3,17.2,0,32,0,220,0,50,4.870,0.6,0.9, , , ,204
29-jan-2013,0,12.9,0,5.0,0,4.0,0,5.0,985.9,11.3,0,24,0,210,0,37,6.361,0.2,0.6, , , ,93
30-jan-2013,0,8.9,0,4.5,0,1.8,0,10.9,996.5,14.0,0,30,0,240,0,52,5.771,0.6,0.8, , , ,374
31-jan-2013,0,9.8,0,5.3,0,1.4,0,1.1,997.7,16.8,0,29,0,230,0,45,5.737,0.7,0.9, , , ,411
01-feb-2013,0,8.8,0,2.6,0,1.5,0,0.4,1003.0,10.3,0,25,0,310,0,34,5.268,0.4,0.7, , , ,485
02-feb-2013,0,8.4,0,-0.3,0,-4.1,0,1.3,1015.8,5.0,0,9,0,190,0,13,4.457,0.1,0.3, , , ,633
03-feb-2013,0,9.4,0,5.5,0,-1.6,0,3.6,1011.7,11.3,0,20,0,240,0,29,6.698,0.7,0.4, , , ,118
04-feb-2013,0,8.7,0,0.9,0,4.2,0,2.8,1006.7,15.4,0,25,0,270,0,41,6.113,0.3,0.5, , , ,412
05-feb-2013,0,8.2,0,0.4,0,-1.5,0,4.6,1002.6,13.4,0,22,0,300,0,44,4.244,0.2,0.8, , , ,514
06-feb-2013,0,7.1,0,-2.0,0,-0.8,0,0.2,1015.5,7.7,0,16,0,330,0,24,4.207,0.3,0.6, , , ,627
07-feb-2013,0,8.8,0,-3.0,0,-7.2,0,5.4,1018.5,8.3,0,24,0,300,0,35,3.858,1.0,0.4, , , ,363
08-feb-2013,0,10.7,0,3.5,0,0.3,0,0.0,1020.8,5.7,0,10,0,280,0,16,5.022,0.4,0.8, , , ,549
09-feb-2013,0,9.1,0,6.8,0,-0.2,0,5.5,1008.4,5.9,0,11,0,220,0,15,6.253,0.3,0.6, , , ,145
10-feb-2013,0,8.1,0,4.7,0,3.3,0,2.8,992.2,7.3,0,15,0,300,0,22,6.427,0.5,0.5, , , ,394
11-feb-2013,0,5.8,0,3.1,0,3.2,0,3.0,996.1,4.3,0,12,0,320,0,17,5.963,0.1,0.4, , , ,252
12-feb-2013,0,7.5,0,1.6,0,-1.8,0,3.1,1006.7,4.0,0,10,0,140,0,15,5.591,0.4,0.5, , , ,226
13-feb-2013,0,11.0,0,4.8,0,3.6,0,12.5,1003.1,11.6,0,20,0,210,0,30,6.842,0.3,0.6, , , ,72
14-feb-2013,0,10.4,0,1.8,0,2.9,0,0.9,1007.3,7.3,0,16,0,270,0,24,6.630,0.1,0.6, , , ,718
15-feb-2013,0,9.7,0,0.1,0,-3.8,0,0.3,1013.7,4.6,0,9,0,170,0,13,5.850,0.8,0.6, , , ,526
16-feb-2013,0,11.2,0,7.6,0,4.9,0,0.1,1010.2,9.5,0,18,0,150,0,29,7.397,0.4,1.0, , , ,282
17-feb-2013,0,11.4,0,5.1,0,7.3,0,0.0,1006.1,11.9,0,19,0,140,0,30,7.505,0.8,1.0, , , ,506
18-feb-2013,0,9.6,0,2.7,0,-1.5,0,0.0,1008.8,9.1,0,18,0,110,0,25,6.244,0.4,1.1, , , ,711
19-feb-2013,0,10.2,0,1.8,0,3.1,0,0.0,1010.9,7.8,0,13,0,100,0,19,7.043,1.0,1.0, , , ,679
20-feb-2013,0,8.8,0,-0.9,0,-4.2,0,0.0,1011.6,8.4,0,14,0,130,0,21,5.109,0.7,1.0, , , ,604
21-feb-2013,0,5.9,0,1.4,0,-0.2,0,0.0,1012.9,10.8,0,16,0,110,0,25,4.991,1.0,1.3, , , ,239
22-feb-2013,0,2.6,0,-0.2,0,-2.0,0,0.0,1017.1,7.5,0,13,0,100,0,22,3.527,0.9,1.2, , , ,447
23-feb-2013,0,2.6,0,-1.0,0,-0.6,0,0.0,1021.2,3.3,0,7,0,80,0,9,3.606,0.5,0.7, , , ,258
24-feb-2013,0,6.3,0,-3.7,0,-9.6,0,0.0,1024.4,5.1,0,10,0,100,0,15,3.400,0.7,1.1, , , ,1107
25-feb-2013,0,7.4,0,-4.8,0,-10.8,0,0.0,1028.4,4.7,0,9,0,80,0,13,3.106,0.8,1.1, , , ,1088
26-feb-2013,0,7.2,0,-3.6,0,-8.6,0,0.0,1031.4,5.0,0,10,0,80,0,14,3.340,0.6,0.9, , , ,587
27-feb-2013,0,5.3,0,3.1,0,-1.5,0,0.0,1032.9,3.7,0,7,0,40,0,12,4.796,0.5,0.6, , , ,169
28-feb-2013,0,6.1,0,0.7,0,0.8,0,0.0,1030.2,5.5,0,10,0,40,0,15,4.456,0.5,0.7, , , ,194
01-mar-2013,0,10.2,0,-1.0,0,-4.2,0,0.0,1027.6,4.0,0,8,0,50,0,13,5.367,0.7,1.0, , , ,511
02-mar-2013,0,8.1,0,-2.3,0,-7.8,0,0.0,1024.2,3.4,0,7,0,70,0,10,4.507,0.7,1.1, , , ,769
03-mar-2013,0,8.7,0,2.0,0,-4.5,0,0.0,1016.4,4.7,0,10,0,110,0,15,5.368,0.9,1.3, , , ,769
04-mar-2013,0,5.6,0,2.6,0,-2.1,0,0.0,1006.2,5.9,0,10,0,110,0,15,4.862,0.6,0.8, , , ,188
05-mar-2013,0,9.9,0,-0.6,0,-3.0,0,2.0,997.3,6.4,0,11,0,80,0,16,5.144,0.8,1.2, , , ,604
06-mar-2013,0,9.7,0,5.1,0,3.3,0,8.3,991.9,10.4,0,13,0,80,0,19,6.309,0.6,0.9, , , ,255
07-mar-2013,0,10.0,0,7.6,0,6.8,0,2.3,986.7,10.2,0,16,0,90,0,24,7.292,0.6,0.8, , , ,250
08-mar-2013,0,14.3,0,7.6,0,7.7,0,0.5,986.8,10.1,0,14,0,80,0,22,8.370,1.0,1.4, , , ,510
09-mar-2013,0,13.7,0,5.0,0,4.6,0,0.3,994.1,12.6,0,18,0,70,0,27,8.418,1.3,1.8, , , ,646
10-mar-2013,0,5.3,0,-0.0,0,3.5,0,0.0,1004.1,15.5,0,21,0,70,0,33,5.984,0.9,1.4, , , ,333
11-mar-2013,0,3.2,0,-2.4,0,-4.4,0,0.0,1012.5,11.3,0,18,0,40,0,28,3.551,1.5,2.1, , , ,1108
12-mar-2013,0,6.3,0,-6.3,0,-8.5,0,0.0,1014.5,7.2,0,12,0,310,0,16,3.489,0.9,1.4, , , ,1099
13-mar-2013,0,10.0,0,-1.5,0,-5.9,0,0.4,1013.5,6.1,0,14,0,280,0,21,4.818,1.3,1.6, , , ,1185
14-mar-2013,0,9.8,0,-3.3,0,-8.4,0,1.7,1007.6,7.7,0,18,0,240,0,26,5.126,1.0,1.5, , , ,1047
15-mar-2013,0,7.7,0,-1.0,0,2.5,0,7.8,993.8,8.1,0,16,0,200,0,27,6.307,0.8,1.3, , , ,1221
16-mar-2013,0,8.4,0,-3.3,0,-7.4,0,0.0,988.3,4.8,0,13,0,320,0,18,5.160,1.1,1.6, , , ,1339
17-mar-2013,0,8.3,0,-3.5,0,-7.4,0,2.4,986.3,7.5,0,20,0,320,0,31,5.094,0.9,1.5, , , ,1194
18-mar-2013,0,8.5,0,-1.6,0,-3.8,0,0.4,988.8,5.3,0,13,0,50,0,17,5.880,1.0,1.5, , , ,1082
19-mar-2013,0,4.8,0,-0.7,0,-2.8,0,0.0,994.9,6.7,0,12,0,10,0,17,5.199,0.7,1.0, , , ,461
20-mar-2013,0,8.9,0,-2.3,0,-5.3,0,0.0,1000.4,3.8,0,7,0,120,0,11,5.695,1.2,1.7, , , ,1272
21-mar-2013,0,5.7,0,0.8,0,-4.7,0,6.1,996.7,16.5,0,25,0,80,0,37,4.873,0.4,0.8, , , ,244
22-mar-2013,0,9.1,0,5.6,0,3.6,0,4.0,991.5,15.5,0,23,0,90,0,35,6.175,0.4,0.8, , , ,230
23-mar-2013,0,6.9,0,3.1,0,3.6,0,0.0,1001.0,13.4,0,18,0,80,0,27,6.207,0.6,1.1, , , ,551
24-mar-2013,0,3.2,0,1.7,0,1.9,0,0.0,1008.6,12.6,0,17,0,80,0,25,4.706,0.7,1.1, , , ,342
25-mar-2013,0,5.3,0,-0.5,0,0.6,0,0.0,1012.7,12.4,0,19,0,80,0,27,4.379,1.3,2.2, , , ,1062
26-mar-2013,0,3.7,0,-1.0,0,-3.9,0,0.1,1013.0,7.5,0,13,0,50,0,21,3.958,0.7,1.1, , , ,520
27-mar-2013,0,4.6,0,-1.7,0,-4.8,0,0.0,1011.4,7.0,0,14,0,90,0,20,3.624,0.9,1.3, , , ,766
28-mar-2013,0,5.9,0,-3.1,0,-7.0,0,0.0,1008.5,8.7,0,15,0,90,0,22,3.300,1.2,1.9, , , ,1141
29-mar-2013,0,5.9,0,-2.4,0,-3.8,0,0.0,1004.2,10.8,0,17,0,90,0,25,3.805,1.6,2.5, , , ,1528
30-mar-2013,0,7.2,0,-2.5,0,-7.2,0,0.0,1006.8,7.4,0,13,0,150,0,21,4.318,1.6,2.3, , , ,1366
31-mar-2013,0,5.7,0,-0.2,0,-4.0,0,0.6,1004.1,11.1,0,16,0,100,0,25,4.044,0.8,1.3, , , ,489
01-apr-2013,0,6.1,0,0.9,0,-1.9,0,0.0,1004.7,13.1,0,20,0,100,0,32,4.083,1.5,2.4, , , ,1129
02-apr-2013,0,9.2,0,-0.4,0,-2.8,0,0.0,1011.6,10.7,0,15,0,110,0,23,5.181,2.4,3.6, , , ,2002
03-apr-2013,0,9.5,0,-2.9,0,-8.7,0,0.0,1017.2,8.1,0,14,0,100,0,23,5.089,1.9,2.8, , , ,1792
04-apr-2013,0,9.1,0,-0.9,0,-5.2,0,0.0,1018.0,6.9,0,13,0,30,0,24,5.338,1.9,2.7, , , ,1534
05-apr-2013,0,10.1,0,-3.4,0,-7.8,0,0.0,1019.5,5.1,0,11,0,50,0,18,5.328,1.5,2.1, , , ,1183
06-apr-2013,0,11.2,0,-4.2,0,-9.2,0,0.0,1018.9,4.6,0,9,0,210,0,16,6.009,1.9,2.8, , , ,1968
07-apr-2013,0,8.0,0,0.2,0,-4.3,0,0.0,1009.0,10.5,0,18,0,100,0,26,5.711,1.1,1.7, , , ,849
08-apr-2013,0,10.4,0,1.9,0,-1.0,0,0.0,996.3,14.2,0,19,0,100,0,29,5.983,2.0,3.1, , , ,1341
09-apr-2013,0,8.2,0,2.1,0,0.5,0,0.0,994.1,11.4,0,18,0,70,0,27,6.278,1.5,2.4, , , ,1306
10-apr-2013,0,11.6,0,3.1,0,0.6,0,1.6,993.8,7.4,0,11,0,110,0,18,7.221,1.4,2.1, , , ,1102
11-apr-2013,0,11.4,0,5.1,0,3.9,0,21.0,987.6,5.9,0,11,0,100,0,18,8.007,1.1,1.6, , , ,771
12-apr-2013,0,12.1,0,1.9,0,3.0,0,0.1,993.9,6.1,0,13,0,290,0,20,8.523,1.5,2.3, , , ,1347
13-apr-2013,0,13.2,0,0.0,0,-4.8,0,11.6,993.0,8.4,0,17,0,110,0,26,7.323,0.7,1.1, , , ,556
14-apr-2013,0,13.8,0,9.2,0,7.7,0,9.4,990.9,14.8,0,22,0,180,0,37,9.292,1.4,2.4, , , ,982
15-apr-2013,0,15.1,0,8.9,0,7.9,0,4.6,995.3,13.8,0,24,0,200,0,38,9.760,1.9,2.9, , , ,1062
16-apr-2013,0,12.2,0,4.1,0,6.6,0,0.0,997.8,16.0,0,27,0,200,0,44,9.587,1.9,3.6, , , ,2167
17-apr-2013,0,15.6,0,6.5,0,-1.6,0,21.4,992.2,14.4,0,25,0,240,0,37,9.845,1.3,2.1, , , ,846
18-apr-2013,0,11.9,0,3.5,0,5.3,0,4.2,1003.9,12.3,0,22,0,250,0,33,9.105,1.9,2.5, , , ,1250
19-apr-2013,0,11.9,0,3.3,0,-0.9,0,0.0,1022.3,6.1,0,13,0,250,0,19,9.237,2.2,3.2, , , ,2044
20-apr-2013,0,13.4,0,3.3,0,-2.0,0,0.0,1020.6,9.4,0,17,0,230,0,25,8.667,2.0,3.1, , , ,1571
21-apr-2013,0,11.2,0,5.9,0,4.8,0,9.2,1012.2,10.4,0,18,0,240,0,29,9.488,2.0,3.2, , , ,1725
22-apr-2013,0,12.8,0,7.7,0,6.5,0,1.0,1007.8,13.2,0,19,0,240,0,28,9.962,1.6,2.6, , , ,1187
23-apr-2013,0,13.6,0,9.3,0,8.1,0,2.0,1013.2,10.2,0,16,0,240,0,23,11.308,2.0,3.2, , , ,1643
24-apr-2013,0,12.0,0,6.4,0,9.4,0,7.9,1015.8,8.0,0,17,0,250,0,29,11.325,0.9,1.5, , , ,767
25-apr-2013,0,12.0,0,2.9,0,5.4,0,3.2,1017.7,6.7,0,15,0,280,0,21,10.378,1.8,3.0, , , ,1754
26-apr-2013,0,9.6,0,1.9,0,-1.2,0,2.4,1017.6,9.4,0,23,0,340,0,34,8.279,2.0,3.1, , , ,1748
27-apr-2013,0,12.5,0,1.3,0,-1.7,0,0.0,1017.2,7.7,0,13,0,290,0,19,8.851,2.5,3.7, , , ,2056
28-apr-2013,0,12.4,0,4.8,0,6.7,0,1.9,1011.7,12.1,0,21,0,290,0,30,9.562,2.0,2.9, , , ,1339
29-apr-2013,0,12.4,0,3.9,0,1.1,0,0.7,1016.1,10.0,0,19,0,320,0,26,9.366,2.6,3.8, , , ,2104
30-apr-2013,0,13.2,0,-0.5,0,-5.2,0,0.0,1022.2,5.3,0,14,0,250,0,19,9.740,2.4,3.6, , , ,2197
01-may-2013,0,13.8,0,5.3,0,3.5,0,0.3,1020.4,6.4,0,12,0,310,0,18,11.243,2.2,3.2, , , ,1650
02-may-2013,0,13.9,0,6.2,0,-0.2,0,0.0,1017.5,9.1,0,17,0,240,0,26,10.695,1.9,2.8, , , ,1212
03-may-2013,0,12.6,0,7.7,0,8.9,0,11.4,1010.0,13.4,0,22,0,230,0,32,10.593,1.0,1.7, , , ,643
04-may-2013,0,12.7,0,5.3,0,3.8,0,1.3,1008.0,12.3,0,23,0,230,0,33,10.410,1.8,3.1, , , ,1742
05-may-2013,0,15.1,0,10.7,0,10.6,0,5.8,1011.3,10.8,0,17,0,220,0,28,11.870,2.1,3.1, , , ,1265
06-may-2013,0,16.3,0,9.7,0,9.4,0,0.5,1011.0,6.1,0,10,0,190,0,16,12.658,2.1,2.8, , , ,1143
07-may-2013,0,17.6,0,6.7,0,2.4,0,1.7,1003.2,8.9,0,16,0,140,0,28,12.257,2.2,3.1, , , ,1179
08-may-2013,0,12.1,0,6.4,0,9.9,0,25.3,991.3,13.6,0,22,0,190,0,34,11.570,1.2,2.1, , , ,995
09-may-2013,0,11.8,0,6.6,0,5.8,0,12.2,990.0,14.0,0,22,0,290,0,31,9.910,1.5,2.5, , , ,1042
10-may-2013,0,11.9,0,7.4,0,7.7,0,0.6,1000.6,12.7,0,20,0,240,0,31,11.125,2.3,3.8, , , ,2026
11-may-2013,0,12.0,0,6.6,0,6.2,0,1.5,1006.4,12.6,0,22,0,280,0,32,11.010,2.3,4.1, , , ,2180
12-may-2013,0,12.9,0,6.4,0,3.2,0,3.1,1008.2,12.8,0,20,0,270,0,31,10.505,1.4,2.2, , , ,813
13-may-2013,0,10.7,0,4.7,0,3.2,0,6.4,1004.3,12.0,0,21,0,280,0,34,9.200,2.0,3.7, , , ,1806
14-may-2013,0,12.5,0,3.1,0,-0.1,0,2.6,996.3,10.0,0,21,0,290,0,36,9.725,2.5,3.6, , , ,1922
15-may-2013,0,11.6,0,3.0,0,0.2,0,1.5,996.6,10.3,0,22,0,310,0,30,10.118,2.5,4.0, , , ,2126
16-may-2013,0,12.5,0,5.3,0,3.8,0,5.5,995.5,5.2,0,12,0,290,0,17,11.387,2.2,3.1, , , ,1644
17-may-2013,0,15.7,0,5.4,0,3.8,0,0.1,1004.8,6.0,0,17,0,330,0,22,13.153,3.1,4.6, , , ,2457
18-may-2013,0,11.2,0,3.9,0,2.1,0,1.6,1006.6,7.9,0,16,0,320,0,23,10.667,1.0,1.6, , , ,652
19-may-2013,0,14.5,0,8.2,0,6.5,0,0.0,1008.6,3.0,0,6,0,250,0,8,12.722,1.6,2.2, , , ,984
20-may-2013,0,12.8,0,9.0,0,10.0,0,0.0,1016.2,9.0,0,16,0,340,0,25,12.625,1.3,2.0, , , ,788
21-may-2013,0,16.9,0,8.4,0,8.0,0,0.0,1019.0,7.7,0,15,0,330,0,20,13.792,2.9,4.2, , , ,2011
22-may-2013,0,14.6,0,7.1,0,7.4,0,0.1,1021.4,9.7,0,15,0,310,0,21,13.323,2.6,3.9, , , ,1707
23-may-2013,0,13.3,0,3.8,0,-0.0,0,0.0,1019.1,11.3,0,18,0,330,0,29,12.343,3.0,4.7, , , ,2361
24-may-2013,0,13.1,0,5.8,0,4.3,0,0.0,1017.5,8.5,0,16,0,0,0,24,12.993,2.8,4.1, , , ,1996
25-may-2013,0,13.9,0,5.9,0,1.6,0,1.4,1017.9,5.0,0,11,0,220,0,16,13.035,1.8,2.6, , , ,1301
26-may-2013,0,15.2,0,9.2,0,7.2,0,4.6,1008.0,7.8,0,14,0,230,0,23,12.798,1.8,2.7, , , ,1156
27-may-2013,0,12.3,0,7.2,0,7.8,0,7.6,995.6,11.2,0,17,0,250,0,27,12.812,2.6,4.7, , , ,2657
28-may-2013,0,15.3,0,5.8,0,3.6,0,2.1,998.3,6.7,0,15,0,290,0,20,13.477,2.6,3.8, , , ,1951
29-may-2013,0,19.5,0,5.4,0,0.7,0,0.0,1008.7,8.2,0,16,0,330,0,23,15.555,3.8,5.6, , , ,2753
30-may-2013,0,18.0,0,7.0,0,4.2,0,0.0,1016.0,8.3,0,14,0,310,0,19,16.290,3.6,5.4, , , ,2802
31-may-2013,0,15.2,0,7.7,0,11.1,0,0.0,1019.7,7.5,0,13,0,290,0,17,16.030,2.4,3.5, , , ,1705
01-jun-2013,0,15.3,0,7.4,0,3.0,0,0.0,1023.6,7.4,0,15,0,260,0,21,14.140,2.2,3.2, , , ,1481
02-jun-2013,0,14.9,0,6.4,0,2.1,0,0.0,1026.2,5.2,0,10,0,240,0,15,14.102,2.3,2.8, , , ,1501
03-jun-2013,0,18.6,0,11.3,0,10.8,0,0.0,1026.7,3.0,0,6,0,80,0,9,16.233,2.2,2.9, , , ,1178
04-jun-2013,0,21.8,0,9.1,0,5.2,0,0.0,1022.4,5.1,0,11,0,130,0,22,17.983,4.2,5.7, , , ,2712
05-jun-2013,0,22.2,0,6.7,0,2.7,0,0.0,1016.7,6.6,0,11,0,90,0,17,17.335,4.2,5.8, , , ,2617
06-jun-2013,0,21.9,0,8.3,0,6.2,0,0.0,1017.5,6.1,0,10,0,80,0,16,18.075,4.2,5.8, , , ,2694
07-jun-2013,0,23.1,0,9.3,0,2.9,0,0.0,1019.8,6.2,0,12,0,70,0,20,18.600,4.3,5.9, , , ,2659
08-jun-2013,0,24.3,0,9.7,0,4.0,0,0.0,1016.8,3.3,0,6,0,350,0,12,20.157,4.7,6.2, , , ,2956
09-jun-2013,0,23.3,0,8.4,0,4.2,0,0.0,1010.2,3.8,0,9,0,130,0,15,20.288,4.1,5.2, , , ,2461
10-jun-2013,0,15.2,0,7.4,0,2.5,0,2.3,1004.0,8.6,0,15,0,150,0,26,15.935,1.8,2.3, , , ,902
11-jun-2013,0,16.2,0,10.5,0,11.4,0,11.9,999.5,7.1,0,14,0,230,0,20,15.765,1.9,2.7, , , ,1326
12-jun-2013,0,16.7,0,6.8,0,4.2,0,7.4,999.0,4.4,0,10,0,340,0,15,15.523,2.7,3.3, , , ,1722
13-jun-2013,0,15.2,0,10.0,0,9.9,0,4.9,1002.3,8.7,0,17,0,250,0,26,15.500,2.8,4.5, , , ,2223
14-jun-2013,0,14.5,0,7.7,0,7.9,0,13.0,999.4,7.7,0,16,0,180,0,25,13.925,1.5,2.2, , , ,906
15-jun-2013,0,15.9,0,6.9,0,3.4,0,2.8,998.6,9.9,0,17,0,240,0,26,14.113,2.7,4.3, , , ,2208
16-jun-2013,0,15.3,0,10.8,0,10.4,0,2.6,1005.4,4.6,0,10,0,230,0,16,15.115,1.8,2.6, , , ,1069
17-jun-2013,0,17.4,0,11.3,0,10.9,0,0.5,1010.2,5.3,0,10,0,80,0,14,15.952,2.2,3.0, , , ,1330
18-jun-2013,0,17.9,0,8.0,0,3.8,0,0.0,1011.9,5.6,0,13,0,230,0,18,16.603,3.0,4.3, , , ,2249
19-jun-2013,0,16.6,0,7.5,0,3.2,0,0.0,1012.8,6.1,0,13,0,240,0,18,16.525,3.5,4.8, , , ,2602
20-jun-2013,0,17.1,0,10.8,0,9.8,0,0.0,1007.9,5.7,0,11,0,220,0,18,16.270,2.0,2.7, , , ,1194
21-jun-2013,0,16.2,0,11.1,0,10.7,0,3.9,1001.1,8.2,0,13,0,180,0,23,16.285,2.7,3.8, , , ,1598
22-jun-2013,0,14.7,0,10.5,0,9.8,0,8.7,996.8,13.3,0,19,0,300,0,31,14.828,2.2,3.6, , , ,1610
23-jun-2013,0,15.4,0,8.3,0,9.9,0,0.1,1011.3,13.9,0,25,0,310,0,35,14.408,2.4,3.9, , , ,1672
24-jun-2013,0,16.4,0,7.2,0,2.8,0,0.0,1020.5,4.6,0,9,0,250,0,15,15.733,3.3,4.5, , , ,2364
25-jun-2013,0,16.5,0,9.2,0,3.5,0,0.3,1024.4,4.3,0,10,0,250,0,15,16.085,1.9,2.6, , , ,1187
26-jun-2013,0,17.9,0,8.9,0,4.1,0,0.0,1028.5,4.0,0,9,0,260,0,14,17.580,3.4,4.6, , , ,2364
27-jun-2013,0,17.6,0,8.4,0,4.5,0,0.2,1025.3,8.6,0,15,0,250,0,22,16.243,2.0,3.0, , , ,1395
28-jun-2013,0,15.9,0,11.8,0,12.4,0,0.6,1019.4,8.7,0,16,0,250,0,28,15.507,1.2,1.7, , , ,557
29-jun-2013,0,18.1,0,11.6,0,10.0,0,0.7,1019.5,9.8,0,15,0,230,0,22,16.480,2.7,3.8, , , ,1712
30-jun-2013,0,15.6,0,11.5,0,12.5,0,1.5,1015.3,12.6,0,18,0,220,0,31,15.903,2.2,3.5, , , ,1462
01-jul-2013,0,16.1,0,10.3,0,10.0,0,2.7,1008.6,7.9,0,14,0,230,0,21,15.792,2.7,3.9, , , ,1679
02-jul-2013,0,15.2,0,10.2,0,9.9,0,8.4,999.3,8.9,0,14,0,240,0,23,14.320,1.1,1.5, , , ,519
03-jul-2013,0,16.5,0,11.5,0,9.8,0,0.8,1001.5,8.0,0,13,0,230,0,21,15.358,1.7,2.5, , , ,1122
04-jul-2013,0,15.5,0,11.5,0,13.1,0,6.7,1011.9,11.2,0,16,0,220,0,27,15.825,2.0,3.4, , , ,1668
05-jul-2013,0,18.0,0,11.0,0,10.6,0,0.0,1021.8,7.2,0,11,0,250,0,18,16.783,3.0,4.4, , , ,2059
06-jul-2013,0,18.9,0,8.6,0,3.6,0,0.0,1024.8,6.6,0,12,0,260,0,21,16.352,2.0,2.8, , , ,1216
07-jul-2013,0,23.2,0,14.4,0,14.4,0,0.1,1029.0,3.4,0,7,0,240,0,10,19.118,2.8,3.6, , , ,1564
08-jul-2013,0,27.5,0,14.3,0,9.5,0,0.0,1028.8,5.1,0,9,0,80,0,13,21.685,4.9,6.4, , , ,2839
09-jul-2013,0,29.2,0,14.6,0,10.5,0,0.0,1025.1,4.2,0,9,0,350,0,14,23.092,4.6,6.0, , , ,2528
10-jul-2013,0,28.1,0,13.1,0,10.4,0,0.0,1022.2,3.7,0,7,0,90,0,14,24.110,4.8,6.3, , , ,2810
11-jul-2013,0,28.2,0,14.7,0,11.7,0,0.0,1020.5,4.4,0,8,0,80,0,13,24.470,5.0,6.4, , , ,2776
12-jul-2013,0,24.1,0,13.2,0,8.8,0,0.0,1020.8,4.4,0,9,0,230,0,13,23.750,3.8,5.0, , , ,2356
13-jul-2013,0,23.0,0,12.1,0,9.5,0,0.0,1022.5,4.4,0,7,0,340,0,11,22.108,3.1,4.1, , , ,1776
14-jul-2013,0,22.1,0,9.1,0,5.6,0,0.0,1021.5,4.8,0,12,0,250,0,18,21.917,3.9,5.4, , , ,2676
15-jul-2013,0,18.9,0,14.3,0,11.8,0,0.0,1020.5,4.7,0,9,0,250,0,15,19.875,2.2,2.8, , , ,1015
16-jul-2013,0,22.4,0,14.7,0,14.3,0,0.0,1020.1,5.2,0,11,0,270,0,17,21.378,3.7,4.9, , , ,2160
17-jul-2013,0,23.0,0,13.3,0,8.9,0,0.0,1022.2,3.8,0,9,0,240,0,12,22.083,4.1,5.4, , , ,2626
18-jul-2013,0,27.1,0,12.6,0,8.6,0,0.0,1023.1,2.5,0,6,0,140,0,14,23.340,3.9,5.1, , , ,2296
19-jul-2013,0,28.8,0,14.2,0,9.6,0,0.0,1020.3,5.4,0,9,0,90,0,16,24.002,4.9,6.4, , , ,2695
20-jul-2013,0,28.6,0,15.7,0,12.5,0,0.0,1017.1,6.4,0,11,0,100,0,18,24.415,5.0,6.6, , , ,2652
21-jul-2013,0,24.4,0,14.3,0,13.0,0,0.0,1013.5,6.6,0,10,0,90,0,16,22.587,3.0,3.9, , , ,1452
22-jul-2013,0,22.2,0,15.5,0,14.8,0,0.0,1009.0,5.2,0,10,0,90,0,15,21.330,2.3,2.9, , , ,1074
23-jul-2013,0,21.8,0,14.8,0,13.0,0,16.0,1005.0,4.6,0,10,0,150,0,15,20.285,2.4,3.2, , , ,1302
24-jul-2013,0,21.0,0,14.8,0,12.3,0,28.2,1002.6,6.4,0,15,0,150,0,26,18.483,1.8,2.3, , , ,757
25-jul-2013,0,20.9,0,12.1,0,9.8,0,0.2,1004.0,4.4,0,10,0,240,0,16,19.538,3.2,4.4, , , ,2176
26-jul-2013,0,22.6,0,10.6,0,6.3,0,0.0,1004.5,3.4,0,9,0,210,0,14,19.673,3.2,4.3, , , ,2002
27-jul-2013,0,21.4,0,12.2,0,7.7,0,1.9,1000.6,4.4,0,10,0,110,0,16,19.917,2.9,3.8, , , ,1765
28-jul-2013,0,22.2,0,11.2,0,7.2,0,16.2,996.1,3.9,0,10,0,160,0,15,19.237,3.0,3.9, , , ,1821
29-jul-2013,0,19.5,0,12.3,0,10.2,0,1.0,1001.2,8.0,0,16,0,240,0,24,19.090,3.3,4.7, , , ,2292
30-jul-2013,0,19.1,0,11.5,0,9.2,0,2.0,1005.5,7.6,0,18,0,260,0,27,17.927,3.0,4.3, , , ,2066
31-jul-2013,0,20.1,0,12.2,0,9.7,0,17.3,1002.9,6.2,0,16,0,230,0,22,17.292,1.4,1.8, , , ,671
01-aug-2013,0,20.4,0,15.9,0,14.1,0,30.3,995.0,6.4,0,13,0,140,0,24,18.605,1.4,2.1, , , ,668
02-aug-2013,0,19.1,0,13.0,0,12.9,0,4.6,995.0,12.4,0,18,0,240,0,29,17.625,2.9,4.3, , , ,1795
03-aug-2013,0,18.5,0,12.3,0,10.6,0,1.2,1003.3,8.9,0,15,0,250,0,24,17.127,2.9,4.2, , , ,1834
04-aug-2013,0,20.2,0,10.1,0,7.1,0,0.2,1006.8,5.0,0,8,0,200,0,13,17.855,3.1,4.2, , , ,2049
05-aug-2013,0,19.2,0,7.9,0,5.3,0,0.0,1008.7,6.6,0,13,0,310,0,19,17.318,2.7,3.8, , , ,1767
06-aug-2013,0,19.3,0,11.5,0,7.8,0,3.2,1008.6,4.1,0,8,0,160,0,12,17.930,2.2,3.0, , , ,1331
07-aug-2013,0,20.6,0,9.9,0,7.6,0,0.1,1010.5,2.9,0,6,0,90,0,11,18.347,2.4,3.2, , , ,1503
08-aug-2013,0,20.3,0,10.8,0,6.8,0,2.8,1010.2,6.7,0,15,0,190,0,22,17.593,2.1,3.0, , , ,1347
09-aug-2013,0,17.4,0,12.9,0,11.2,0,0.0,1015.0,6.5,0,14,0,280,0,21,17.125,2.3,3.1, , , ,1189
10-aug-2013,0,18.1,0,11.5,0,8.4,0,0.0,1016.5,6.7,0,13,0,250,0,22,17.177,2.3,3.2, , , ,1487
11-aug-2013,0,17.1,0,11.8,0,8.6,0,0.9,1013.9,7.7,0,14,0,260,0,23,16.318,2.2,2.9, , , ,1088
12-aug-2013,0,18.8,0,11.2,0,8.3,0,0.1,1015.2,7.7,0,14,0,320,0,21,17.067,3.3,4.6, , , ,2043
13-aug-2013,0,18.5,0,13.5,0,12.8,0,0.0,1016.2,5.7,0,11,0,230,0,16,17.272,2.2,2.9, , , ,1199
14-aug-2013,0,19.4,0,14.6,0,9.8,0,3.0,1012.1,7.1,0,12,0,230,0,19,17.943,1.8,2.5, , , ,975
15-aug-2013,0,19.5,0,10.8,0,15.5,0,8.0,1006.9,7.3,0,12,0,190,0,21,17.920,1.1,1.6, , , ,641
16-aug-2013,0,19.2,0,10.4,0,6.0,0,3.0,1007.0,7.6,0,13,0,230,0,20,17.825,2.4,3.6, , , ,1814
17-aug-2013,0,18.6,0,12.1,0,13.1,0,6.0,1000.1,10.0,0,15,0,200,0,24,17.350,1.7,2.5, , , ,1063
18-aug-2013,0,17.6,0,9.9,0,9.5,0,0.5,1004.4,8.0,0,15,0,250,0,25,16.715,2.5,3.6, , , ,1783
19-aug-2013,0,18.4,0,10.2,0,4.2,0,0.5,1014.8,7.5,0,15,0,240,0,23,16.962,2.3,3.3, , , ,1627
20-aug-2013,0,19.3,0,13.6,0,12.3,0,0.5,1017.0,8.4,0,16,0,190,0,24,16.977,1.8,2.4, , , ,919
21-aug-2013,0,17.7,0,12.7,0,14.4,0,0.4,1014.3,10.0,0,16,0,250,0,26,17.353,1.5,2.4, , , ,1160
22-aug-2013,0,21.3,0,12.4,0,9.8,0,0.1,1011.1,4.3,0,8,0,180,0,17,18.392,2.5,3.3, , , ,1592
23-aug-2013,0,18.0,0,7.8,0,13.6,0,0.6,1008.7,6.8,0,13,0,290,0,19,17.850,1.7,2.4, , , ,1175
24-aug-2013,0,16.3,0,10.5,0,4.3,0,2.5,1010.2,4.9,0,10,0,300,0,14,16.270,1.2,1.6, , , ,658
25-aug-2013,0,17.1,0,9.9,0,6.3,0,0.0,1015.1,5.2,0,9,0,320,0,13,16.670,1.6,2.1, , , ,967
26-aug-2013,0,17.3,0,12.7,0,12.8,0,0.0,1017.3,3.5,0,7,0,240,0,12,17.153,1.4,1.9, , , ,801
27-aug-2013,0,19.7,0,8.5,0,9.5,0,0.2,1018.2,4.9,0,10,0,330,0,16,17.627,1.7,2.4, , , ,1128
28-aug-2013,0,19.0,0,7.9,0,4.9,0,0.1,1018.2,5.3,0,12,0,230,0,19,17.108,2.2,3.1, , , ,1663
29-aug-2013,0,17.6,0,14.5,0,14.1,0,1.4,1014.8,8.1,0,12,0,240,0,21,17.520,1.6,2.3, , , ,1088
30-aug-2013,0,17.6,0,9.0,0,14.2,0,2.6,1015.8,9.1,0,17,0,280,0,25,16.920,1.4,2.1, , , ,951
31-aug-2013,0,17.1,0,11.1,0,5.7,0,0.0,1024.7,7.1,0,14,0,290,0,21,15.873,2.5,3.4, , , ,1440
01-sep-2013,0,16.6,0,12.6,0,7.1,0,0.0,1025.6,9.6,0,16,0,240,0,26,15.580,1.9,2.5, , , ,928
02-sep-2013,0,16.7,0,13.8,0,13.6,0,3.1,1022.6,9.2,0,13,0,230,0,21,16.163,0.7,1.0, , , ,309
03-sep-2013,0,19.2,0,10.1,0,6.7,0,0.0,1019.8,5.1,0,10,0,250,0,16,16.298,2.1,2.9, , , ,1512
04-sep-2013,0,22.2,0,9.5,0,5.4,0,3.9,1012.7,7.1,0,14,0,210,0,22,16.425,2.5,3.4, , , ,1600
05-sep-2013,0,15.8,0,4.8,0,2.6,0,3.1,1010.3,3.6,0,11,0,280,0,18,15.100,1.8,2.5, , , ,1413
06-sep-2013,0,15.4,0,6.0,0,3.5,0,0.1,1009.8,7.4,0,15,0,340,0,23,14.283,2.1,3.0, , , ,1578
07-sep-2013,0,10.4,0,5.7,0,4.3,0,3.3,1009.3,8.1,0,15,0,310,0,24,12.677,0.8,1.2, , , ,501
08-sep-2013,0,14.3,0,8.3,0,7.4,0,0.0,1009.4,4.1,0,8,0,230,0,13,13.505,1.4,1.9, , , ,878
09-sep-2013,0,16.8,0,6.4,0,4.7,0,0.0,1016.6,4.5,0,11,0,320,0,15,14.373,1.7,1.9, , , ,969
10-sep-2013,0,16.8,0,6.9,0,5.0,0,0.0,1023.8,5.9,0,12,0,290,0,18,14.497,1.5,2.0, , , ,914
11-sep-2013,0,18.7,0,11.7,0,11.4,0,2.5,1020.6,6.0,0,11,0,260,0,17,15.642,1.3,1.8, , , ,729
12-sep-2013,0,17.0,0,8.5,0,14.9,0,2.8,1014.5,7.7,0,14,0,240,0,23,15.945,0.7,1.0, , , ,335
13-sep-2013,0,15.2,0,7.3,0,5.0,0,0.1,1015.7,2.4,0,7,0,280,0,10,14.688,1.3,1.7, , , ,788
14-sep-2013,0,16.5,0,6.8,0,4.5,0,0.6,1013.6,3.6,0,10,0,200,0,15,14.470,1.9,2.4, , , ,1437
15-sep-2013,0,15.8,0,8.2,0,8.8,0,8.2,1003.4,14.2,0,23,0,280,0,35,14.327,1.3,2.1, , , ,1024
16-sep-2013,0,13.1,0,6.8,0,5.3,0,2.2,1000.4,11.5,0,22,0,290,0,32,12.310,1.7,2.6, , , ,1159
17-sep-2013,0,16.7,0,9.5,0,7.8,0,12.3,995.7,7.9,0,18,0,290,0,28,13.142,1.3,1.8, , , ,665
18-sep-2013,0,14.9,0,8.1,0,6.8,0,0.1,1002.1,7.1,0,18,0,280,0,26,13.570,1.7,2.3, , , ,1206
19-sep-2013,0,15.8,0,9.9,0,6.3,0,4.9,1003.7,10.0,0,18,0,300,0,26,13.648,1.2,1.9, , , ,963
20-sep-2013,0,17.9,0,10.8,0,9.3,0,0.0,1011.3,5.1,0,10,0,220,0,15,14.323,1.7,2.3, , , ,1066
21-sep-2013,0,18.6,0,14.3,0,12.0,0,0.0,1015.2,7.6,0,14,0,220,0,22,15.520,1.1,1.4, , , ,529
22-sep-2013,0,22.3,0,14.1,0,13.6,0,0.0,1019.4,6.2,0,11,0,160,0,17,16.978,2.1,2.8, , , ,1392
23-sep-2013,0,21.4,0,12.9,0,10.0,0,0.1,1014.8,7.7,0,13,0,120,0,20,17.122,1.9,2.7, , , ,1489
24-sep-2013,0,17.9,0,14.6,0,12.4,0,0.0,1009.3,5.2,0,11,0,110,0,17,16.528,1.0,1.3, , , ,413
25-sep-2013,0,20.0,0,13.1,0,10.5,0,0.0,1006.4,3.7,0,9,0,80,0,14,17.052,1.4,1.8, , , ,919
26-sep-2013,0,19.6,0,11.8,0,12.2,0,0.0,1008.2,5.3,0,9,0,80,0,14,16.642,1.1,1.5, , , ,656
27-sep-2013,0,18.8,0,10.2,0,7.5,0,0.3,1007.1,5.4,0,9,0,90,0,14,15.767,1.2,1.6, , , ,813
28-sep-2013,0,19.2,0,11.5,0,9.4,0,0.0,1002.6,6.8,0,12,0,80,0,17,15.960,1.4,1.8, , , ,720
29-sep-2013,0,18.3,0,12.9,0,11.2,0,0.0,999.8,6.7,0,11,0,90,0,16,15.430,1.5,1.8, , , ,490
30-sep-2013,0,16.2,0,12.8,0,12.3,0,0.3,997.3,10.2,0,13,0,110,0,21,15.000,1.0,1.3, , , ,270
01-oct-2013,0,19.8,0,15.1,0,13.5,0,6.1,995.5,9.3,0,14,0,110,0,21,16.070,1.4,1.9, , , ,792
02-oct-2013,0,20.3,0,15.1,0,13.6,0,1.6,993.9,8.8,0,13,0,150,0,21,16.413,1.6,2.1, , , ,872
03-oct-2013,0,18.4,0,12.0,0,12.9,0,4.1,995.0,5.9,0,12,0,140,0,18,16.073,0.9,1.2, , , ,460
04-oct-2013,0,17.0,0,10.1,0,8.9,0,0.4,1003.0,4.7,0,11,0,280,0,15,15.420,1.0,1.4, , , ,692
05-oct-2013,0,19.1,0,9.9,0,6.6,0,0.4,1012.5,8.1,0,14,0,230,0,21,15.083,1.4,2.0, , , ,1091
06-oct-2013,0,17.9,0,14.7,0,11.0,0,5.1,1014.4,8.5,0,13,0,220,0,20,15.568,0.9,1.1, , , ,250
07-oct-2013,0,18.5,0,14.6,0,13.4,0,7.7,1013.2,8.8,0,14,0,210,0,23,15.855,0.9,1.2, , , ,330
08-oct-2013,0,15.6,0,10.1,0,7.0,0,0.6,1018.8,5.4,0,10,0,290,0,21,15.285,0.7,1.0, , , ,621
09-oct-2013,0,13.8,0,3.7,0,5.2,0,0.1,1021.8,7.9,0,20,0,310,0,27,13.628,0.9,1.3, , , ,741
10-oct-2013,0,12.3,0,1.5,0,-1.3,0,0.0,1024.7,5.2,0,10,0,350,0,16,11.628,1.1,1.4, , , ,1044
11-oct-2013,0,13.6,0,1.4,0,-2.1,0,0.0,1024.8,5.7,0,13,0,80,0,19,11.145,1.1,1.5, , , ,1121
12-oct-2013,0,11.6,0,5.6,0,0.8,0,0.0,1020.4,4.9,0,10,0,60,0,14,11.333,0.6,0.8, , , ,311
13-oct-2013,0,14.2,0,4.0,0,9.1,0,0.1,1014.3,4.0,0,9,0,30,0,13,12.450,0.8,1.1, , , ,568
14-oct-2013,0,14.6,0,3.5,0,-0.5,0,0.0,1009.3,3.4,0,8,0,80,0,13,12.060,0.8,1.2, , , ,954
15-oct-2013,0,15.0,0,2.5,0,-2.1,0,0.1,1004.8,7.1,0,13,0,110,0,20,11.115,1.1,1.4, , , ,911
16-oct-2013,0,15.5,0,10.1,0,6.8,0,16.5,998.9,8.2,0,14,0,230,0,24,12.210,1.0,1.3, , , ,654
17-oct-2013,0,17.9,0,8.8,0,5.3,0,0.3,1003.6,5.2,0,9,0,200,0,13,12.733,1.0,1.3, , , ,878
18-oct-2013,0,14.6,0,12.2,0,6.9,0,3.3,997.8,9.4,0,19,0,110,0,31,12.850,0.7,0.9, , , ,174
19-oct-2013,0,16.3,0,9.5,0,5.4,0,0.6,989.6,5.5,0,11,0,180,0,19,12.998,0.7,1.0, , , ,628
20-oct-2013,0,15.4,0,9.4,0,6.0,0,8.0,989.3,6.3,0,11,0,230,0,18,12.945,0.8,1.1, , , ,825
21-oct-2013,0,15.2,0,7.4,0,2.8,0,16.1,987.9,6.5,0,14,0,50,0,21,12.255,0.5,0.7, , , ,219
22-oct-2013,0,16.4,0,11.5,0,8.1,0,4.2,979.8,6.0,0,12,0,180,0,20,13.302,0.8,1.0, , , ,649
23-oct-2013,0,12.8,0,3.7,0,5.4,0,0.6,991.2,7.0,0,15,0,270,0,25,11.715,0.5,0.7, , , ,768
24-oct-2013,0,15.5,0,4.4,0,-1.9,0,4.4,998.2,8.3,0,14,0,90,0,20,11.105,0.7,0.9, , , ,518
25-oct-2013,0,16.5,0,10.9,0,9.2,0,5.1,991.1,7.9,0,15,0,80,0,22,13.225,0.9,1.1, , , ,693
26-oct-2013,0,12.8,0,8.5,0,8.8,0,7.1,987.4,8.3,0,15,0,180,0,25,11.875,0.6,0.8, , , ,277
27-oct-2013,0,13.9,0,8.3,0,6.3,0,13.5,979.4,12.8,0,24,0,250,0,41,10.818,1.0,1.3, , , ,475
28-oct-2013,0,12.2,0,6.8,0,5.4,0,4.0,989.1,8.3,0,16,0,240,0,25,10.225,0.7,1.0, , , ,535
29-oct-2013,0,11.5,0,3.8,0,-1.0,0,0.1,1005.4,6.4,0,14,0,300,0,22,9.030,0.7,0.9, , , ,647
30-oct-2013,0,13.6,0,6.1,0,-1.1,0,2.6,1004.5,8.1,0,17,0,180,0,29,9.640,0.4,0.6, , , ,379
31-oct-2013,0,12.8,0,7.2,0,0.9,0,8.5,1005.0,9.1,0,16,0,250,0,30,9.583,0.8,1.0, , , ,440
01-nov-2013,0,11.8,0,1.2,0,2.1,0,2.3,999.4,3.9,0,12,0,260,0,21,9.233,0.3,0.7, , , ,532
02-nov-2013,0,10.4,0,1.8,0,-2.7,0,9.2,984.1,11.4,0,24,0,290,0,40,8.005,1.1,0.9, , , ,290
03-nov-2013,0,11.0,0,1.6,0,3.2,0,0.9,991.2,5.6,0,11,0,260,0,19,8.017,0.5,0.6, , , ,471
04-nov-2013,0,10.5,0,-2.5,0,-7.2,0,1.0,989.0,4.5,0,16,0,230,0,23,6.856,0.8,0.4, , , ,447
05-nov-2013,0,9.6,0,5.9,0,-3.2,0,3.8,988.2,7.8,0,14,0,280,0,26,8.208,0.5,0.7, , , ,219
06-nov-2013,0,8.7,0,3.1,0,5.7,0,6.1,993.3,4.4,0,11,0,250,0,19,8.345,0.3,0.5, , , ,171
07-nov-2013,0,11.2,0,4.1,0,-1.3,0,13.6,996.2,8.5,0,21,0,230,0,34,7.287,0.7,0.9, , , ,396
08-nov-2013,0,8.8,0,3.3,0,0.1,0,6.9,997.5,5.6,0,12,0,260,0,20,7.050,0.5,0.6, , , ,348
09-nov-2013,0,8.9,0,2.0,0,-1.9,0,2.8,1000.5,3.6,0,8,0,230,0,13,6.380,0.3,0.5, , , ,301
10-nov-2013,0,12.6,0,-0.1,0,-3.7,0,11.2,1008.4,5.3,0,11,0,140,0,17,6.512,0.9,0.4, , , ,157
11-nov-2013,0,13.4,0,7.8,0,0.7,0,2.6,1011.8,8.1,0,15,0,240,0,22,10.292,0.0,0.4, , , ,379
12-nov-2013,0,11.4,0,2.6,0,-1.0,0,0.1,1023.3,5.0,0,12,0,260,0,18,7.976,0.3,0.5, , , ,511
13-nov-2013,0,10.8,0,2.4,0,-3.1,0,8.1,1021.8,10.5,0,18,0,190,0,29,7.305,0.5,0.7, , , ,133
14-nov-2013,0,10.6,0,5.5,0,2.8,0,1.7,1026.3,8.0,0,16,0,320,0,24,7.595,0.8,0.9, , , ,305
15-nov-2013,0,11.2,0,7.4,0,2.8,0,0.0,1030.0,4.7,0,10,0,260,0,15,8.515,0.6,0.8, , , ,164
16-nov-2013,0,12.4,0,9.2,0,8.2,0,2.3,1025.8,7.4,0,13,0,240,0,20,9.672,0.5,0.6, , , ,204
17-nov-2013,0,11.9,0,7.4,0,8.4,0,24.6,1017.8,5.3,0,9,0,200,0,14,10.068,0.3,0.4, , , ,82
18-nov-2013,0,8.2,0,0.9,0,-1.6,0,0.2,1011.1,5.4,0,16,0,310,0,24,7.746,0.0,0.2, , , ,398
19-nov-2013,0,8.1,0,-0.5,0,-4.2,0,0.0,1014.4,6.3,0,15,0,250,0,24,5.474,0.3,0.4, , , ,385
20-nov-2013,0,8.3,0,3.1,0,-0.1,0,1.7,1008.1,12.2,0,18,0,320,0,29,6.799,0.5,0.7, , , ,320
21-nov-2013,0,6.7,0,-0.3,0,0.6,0,0.0,1013.8,6.9,0,14,0,30,0,21,5.517,0.4,0.4, , , ,486
22-nov-2013,0,6.5,0,-3.1,0,-3.4,0,0.0,1019.7,3.0,0,7,0,30,0,12,5.338,0.0,0.2, , , ,452
23-nov-2013,0,7.7,0,-3.6,0,-7.8,0,0.3,1024.9,3.0,0,7,0,350,0,9,4.964,0.1,0.2, , , ,242
24-nov-2013,0,8.1,0,2.9,0,-0.2,0,0.2,1030.8,1.9,0,6,0,330,0,8,6.628,0.2,0.3, , , ,170
25-nov-2013,0,8.4,0,5.0,0,4.7,0,0.0,1036.0,1.9,0,5,0,290,0,7,7.177,0.2,0.4, , , ,195
26-nov-2013,0,9.7,0,1.5,0,-0.3,0,0.0,1036.4,2.8,0,5,0,190,0,7,6.802,0.3,0.4, , , ,190
27-nov-2013,0,10.4,0,4.6,0,-1.7,0,0.0,1033.6,2.6,0,6,0,260,0,8,7.290,0.3,0.4, , , ,172
28-nov-2013,0,10.3,0,7.0,0,6.3,0,0.0,1032.0,2.6,0,9,0,270,0,15,8.167,0.3,0.5, , , ,148
29-nov-2013,0,10.2,0,4.7,0,6.5,0,0.4,1028.4,8.6,0,15,0,290,0,23,8.000,0.5,0.7, , , ,163
30-nov-2013,0,9.9,0,2.8,0,-1.1,0,0.0,1029.1,4.3,0,9,0,290,0,13,7.001,0.2,0.3, , , ,267
01-dec-2013,0,9.3,0,5.0,0,1.5,0,0.2,1030.3,2.1,0,6,0,190,0,10,7.810,0.2,0.3, , , ,157
02-dec-2013,0,9.6,0,5.8,0,5.1,0,0.0,1027.3,4.7,0,8,0,200,0,13,7.703,0.4,0.5, , , ,239
03-dec-2013,0,10.1,0,4.2,0,1.0,0,5.4,1021.9,6.5,0,15,0,330,0,23,7.860,0.2,0.3, , , ,131
04-dec-2013,0,8.4,0,-1.6,0,-6.6,0,0.0,1026.7,5.0,0,14,0,250,0,25,5.729,0.2,0.2, , , ,341
05-dec-2013,0,9.9,0,4.2,0,-6.0,0,1.6,1021.7,14.2,0,25,0,250,0,47,7.124,0.3,0.5, , , ,156
06-dec-2013,0,9.7,0,4.0,0,-0.3,0,0.5,1023.8,5.9,0,11,0,260,0,20,6.968,0.3,0.4, , , ,186
07-dec-2013,0,9.7,0,6.0,0,3.2,0,4.4,1019.1,6.6,0,11,0,220,0,16,7.465,0.3,0.4, , , ,178
08-dec-2013,0,12.0,0,8.3,0,5.9,0,0.7,1015.0,12.8,0,17,0,230,0,28,8.920,0.7,0.8, , , ,45
09-dec-2013,0,11.9,0,7.8,0,5.9,0,0.0,1015.2,8.3,0,15,0,220,0,21,9.040,0.5,0.5, , , ,174
10-dec-2013,0,13.5,0,9.9,0,5.4,0,0.0,1013.5,11.2,0,16,0,190,0,27,9.120,0.8,1.0, , , ,70
11-dec-2013,0,12.7,0,9.9,0,8.1,0,0.3,1010.8,12.1,0,18,0,180,0,33,9.430,0.8,1.0, , , ,142
12-dec-2013,0,15.0,0,11.7,0,8.5,0,0.3,1004.2,10.1,0,14,0,180,0,24,10.695,0.6,0.8, , , ,89
13-dec-2013,0,13.7,0,4.9,0,6.5,0,4.4,1004.8,12.0,0,20,0,210,0,33,9.215,0.6,0.6, , , ,251
14-dec-2013,0,12.2,0,5.1,0,1.5,0,21.5,1001.5,13.7,0,27,0,220,0,44,8.215,0.7,1.0, , , ,34
15-dec-2013,0,10.4,0,4.7,0,1.9,0,6.5,1001.6,10.0,0,19,0,180,0,31,7.276,0.7,0.9, , , ,111
16-dec-2013,0,8.3,0,2.5,0,0.6,0,8.1,1004.9,6.7,0,19,0,220,0,32,6.293,0.3,0.3, , , ,163
17-dec-2013,0,8.9,0,1.5,0,-1.4,0,0.4,1004.5,10.6,0,21,0,180,0,34,4.953,0.4,0.5, , , ,190
18-dec-2013,0,11.4,0,3.7,0,-0.5,0,15.2,981.9,14.7,0,34,0,250,0,56,7.409,0.0,1.0, , , ,87
19-dec-2013,0,6.1,0,0.3,0,-0.1,0,8.2,991.3,8.9,0,18,0,260,0,33,4.256,0.7,0.7, , , ,108
20-dec-2013,0,11.9,0,4.0,0,-0.5,0,22.2,998.4,13.9,0,24,0,240,0,41,5.900,0.7,1.0, , , ,44
21-dec-2013,0,9.2,0,2.6,0,3.9,0,18.6,993.2,10.8,0,19,0,270,0,36,6.000,0.7,0.9, , , ,44
22-dec-2013,0,5.8,0,1.3,0,-1.2,0,18.0,995.5,9.6,0,20,0,260,0,36,3.648,0.5,0.6, , , ,132
23-dec-2013,0,10.8,0,2.4,0,-0.3,0,12.8,976.5,13.9,0,27,0,220,0,41,5.377,0.6,0.8, , , ,116
24-dec-2013,0,6.3,0,2.1,0,0.8,0,7.3,961.7,13.8,0,32,0,220,0,50,3.934,0.9,1.2, , , ,55
25-dec-2013,0,6.5,0,-0.2,0,-3.9,0,1.0,974.9,4.3,0,8,0,190,0,12,3.017,0.3,0.2, , , ,203
26-dec-2013,0,9.6,0,-0.8,0,-5.6,0,9.6,970.8,10.7,0,31,0,200,0,52,3.465,0.8,0.4, , , ,156
27-dec-2013,0,8.6,0,3.7,0,-5.5,0,17.4,964.9,18.5,0,36,0,230,0,60,5.594,0.2,0.7, , , ,106
28-dec-2013,0,8.0,0,1.4,0,-3.1,0,0.2,991.2,5.5,0,12,0,290,0,18,3.896,0.1,0.1, , , ,334
29-dec-2013,0,9.7,0,1.2,0,-4.1,0,20.2,997.9,8.3,0,16,0,180,0,28,3.846,0.4,0.5, , , ,110
30-dec-2013,0,9.2,0,4.4,0,-0.2,0,9.0,991.0,7.8,0,19,0,150,0,35,5.696,0.2,0.2, , , ,298
31-dec-2013,0,8.7,0,3.3,0,0.5,0,6.3,982.9,9.5,0,17,0,160,0,36,5.055,0.5,0.5, , , ,189
01-jan-2014,0,6.2,0,2.8,0,-0.3,0,2.5,975.1,7.6,0,13,0,80,0,21,4.520,0.3,0.4, , , ,85
02-jan-2014,0,8.9,0,3.6,0,-0.5,0,3.0,973.6,10.2,0,20,0,190,0,34,5.067,0.3,0.4, , , ,263
03-jan-2014,0,7.9,0,3.8,0,3.6,0,7.8,972.1,17.0,0,30,0,220,0,46,5.492,0.8,1.1, , , ,179
04-jan-2014,0,5.0,0,1.5,0,-0.5,0,2.0,983.5,6.7,0,14,0,200,0,22,3.796,0.3,0.3, , , ,171
05-jan-2014,0,12.3,0,2.8,0,-2.0,0,8.0,979.4,11.6,0,20,0,150,0,34,5.058,0.6,0.7, , , ,180
06-jan-2014,0,10.1,0,6.4,0,3.3,0,9.5,970.1,14.9,0,22,0,240,0,38,6.016,0.9,1.1, , , ,155
07-jan-2014,0,9.6,0,6.1,0,3.4,0,7.7,985.5,12.3,0,20,0,230,0,31,6.149,0.6,0.8, , , ,150
08-jan-2014,0,7.8,0,1.2,0,-1.2,0,0.5,999.5,3.9,0,10,0,250,0,15,5.621,0.1,0.2, , , ,140
09-jan-2014,0,8.0,0,-2.2,0,-6.7,0,2.2,1001.8,4.1,0,9,0,200,0,13,3.840,0.1,0.1, , , ,325
10-jan-2014,0,7.8,0,-0.2,0,-6.0,0,5.6,1003.1,5.3,0,12,0,330,0,18,5.193,0.1,0.3, , , ,165
11-jan-2014,0,6.6,0,-2.0,0,-7.1,0,1.2,1010.7,4.9,0,14,0,110,0,21,2.974,0.1,0.2, , , ,353
12-jan-2014,0,10.2,0,3.4,0,-6.1,0,12.5,999.3,10.9,0,21,0,150,0,32,5.201,0.6,0.9, , , ,45
13-jan-2014,0,6.3,0,-1.7,0,-0.6,0,1.5,993.3,5.5,0,12,0,180,0,18,3.788,0.1,0.3, , , ,246
14-jan-2014,0,10.4,0,-0.2,0,-7.2,0,11.2,991.8,8.2,0,17,0,230,0,29,3.579,0.3,0.4, , , ,58
15-jan-2014,0,10.1,0,5.1,0,1.0,0,7.7,981.8,8.3,0,16,0,210,0,25,7.030,0.2,0.3, , , ,309
16-jan-2014,0,7.3,0,2.3,0,-0.6,0,0.1,974.3,4.6,0,9,0,150,0,15,4.937,0.2,0.3, , , ,190
17-jan-2014,0,9.1,0,2.2,0,-2.2,0,3.8,979.3,4.2,0,9,0,230,0,12,5.590,0.2,0.2, , , ,339
18-jan-2014,0,4.8,0,0.5,0,-3.5,0,0.0,981.3,2.1,0,6,0,190,0,9,4.278,0.2,0.3, , , ,178
19-jan-2014,0,6.3,0,1.6,0,-2.3,0,3.8,989.0,5.4,0,12,0,270,0,18,4.127,0.2,0.3, , , ,271
20-jan-2014,0,7.6,0,-0.5,0,-5.4,0,2.6,999.3,5.5,0,13,0,150,0,22,4.048,0.2,0.3, , , ,438
21-jan-2014,0,8.6,0,5.0,0,-5.1,0,7.4,993.5,8.7,0,15,0,170,0,29,5.560,0.5,0.6, , , ,122
22-jan-2014,0,9.1,0,3.4,0,1.9,0,4.1,997.7,6.8,0,12,0,260,0,19,5.251,0.3,0.4, , , ,361
23-jan-2014,0,8.0,0,4.2,0,-2.1,0,9.0,1006.5,7.7,0,16,0,270,0,28,5.260,0.5,0.6, , , ,182
24-jan-2014,0,10.6,0,6.4,0,3.2,0,16.0,1001.2,11.4,0,18,0,240,0,26,7.629,0.3,0.4, , , ,73
25-jan-2014,0,10.1,0,4.2,0,6.1,0,4.0,1004.6,14.2,0,27,0,240,0,42,6.674,0.7,0.9, , , ,265
26-jan-2014,0,9.8,0,2.3,0,1.1,0,14.8,992.0,16.8,0,26,0,250,0,45,5.358,0.2,1.0, , , ,258
27-jan-2014,0,8.5,0,3.9,0,0.7,0,15.4,976.3,15.3,0,22,0,260,0,36,5.205,0.7,0.9, , , ,254
28-jan-2014,0,8.0,0,2.0,0,4.5,0,0.7,980.0,10.5,0,17,0,280,0,26,5.730,0.3,0.4, , , ,415
29-jan-2014,0,8.5,0,0.9,0,0.3,0,0.0,992.9,6.9,0,14,0,300,0,19,4.274,0.3,0.5, , , ,516
30-jan-2014,0,6.0,0,0.4,0,-4.1,0,1.1,996.5,4.3,0,9,0,150,0,12,4.419,0.3,0.4, , , ,160
31-jan-2014,0,8.4,0,0.2,0,3.2,0,16.8,981.7,10.5,0,22,0,280,0,35,5.155,0.4,0.6, , , ,336
01-feb-2014,0,9.3,0,0.9,0,-1.6,0,14.8,971.4,17.9,0,32,0,240,0,47,4.485,1.0,1.2, , , ,302
02-feb-2014,0,9.1,0,3.1,0,0.0,0,2.5,987.3,12.7,0,22,0,240,0,35,5.105,0.8,1.1, , , ,313
03-feb-2014,0,9.5,0,2.9,0,2.9,0,16.1,980.8,10.0,0,23,0,150,0,39,5.798,0.5,0.9, , , ,282
04-feb-2014,0,7.0,0,0.3,0,-4.4,0,7.6,969.4,11.0,0,26,0,90,0,41,3.837,0.6,0.5, , , ,405
05-feb-2014,0,7.9,0,6.2,0,-2.2,0,5.4,964.2,11.9,0,20,0,110,0,32,5.973,0.5,0.7, , , ,190
06-feb-2014,0,8.2,0,1.0,0,-1.2,0,0.0,980.0,6.4,0,13,0,260,0,19,5.334,0.3,0.5, , , ,593
07-feb-2014,0,7.7,0,-1.6,0,-6.7,0,2.5,971.9,8.1,0,19,0,150,0,32,3.699,0.8,0.6, , , ,362
08-feb-2014,0,8.5,0,4.9,0,-3.3,0,11.0,953.1,13.5,0,20,0,170,0,33,5.136,0.8,1.1, , , ,224
09-feb-2014,0,8.2,0,-1.7,0,2.5,0,4.0,969.8,10.5,0,20,0,270,0,34,5.014,0.5,0.7, , , ,592
10-feb-2014,0,7.7,0,-3.2,0,-7.1,0,3.3,984.9,7.4,0,20,0,180,0,33,3.310,0.6,0.7, , , ,520
11-feb-2014,0,4.5,0,0.6,0,-0.9,0,8.7,983.5,10.1,0,22,0,270,0,43,2.823,0.2,0.7, , , ,317
12-feb-2014,0,7.4,0,1.6,0,-0.4,0,13.7,969.3,14.6,0,37,0,270,0,55,3.398,0.7,1.1, , , ,289
13-feb-2014,0,7.6,0,1.3,0,-0.5,0,4.9,981.3,12.1,0,21,0,240,0,36,3.296,0.7,1.0, , , ,389
14-feb-2014,0,8.1,0,2.1,0,-0.3,0,9.7,970.2,10.5,0,26,0,80,0,44,3.742,0.9,0.7, , , ,216
15-feb-2014,0,9.2,0,2.2,0,1.3,0,0.2,980.4,11.4,0,20,0,300,0,30,4.679,1.0,1.3, , , ,675
16-feb-2014,0,8.7,0,-1.5,0,-7.2,0,4.1,993.1,6.6,0,14,0,170,0,24,3.874,0.8,0.8, , , ,513
17-feb-2014,0,9.6,0,3.2,0,-0.7,0,4.9,992.0,4.7,0,10,0,140,0,17,6.222,0.3,0.6, , , ,406
18-feb-2014,0,11.0,0,2.6,0,0.1,0,0.6,1000.2,6.4,0,14,0,240,0,20,6.597,0.7,0.9, , , ,708
19-feb-2014,0,11.3,0,6.9,0,4.5,0,3.6,993.6,7.3,0,13,0,180,0,22,7.523,0.5,0.9, , , ,222
20-feb-2014,0,11.2,0,3.3,0,3.9,0,8.4,985.4,10.8,0,19,0,240,0,29,7.108,0.6,1.1, , , ,514
21-feb-2014,0,8.7,0,3.2,0,0.5,0,6.2,990.9,13.4,0,25,0,240,0,41,5.427,0.9,1.5, , , ,670
22-feb-2014,0,10.1,0,4.7,0,1.2,0,5.4,990.9,11.5,0,18,0,190,0,26,5.923,0.6,1.0, , , ,236
23-feb-2014,0,10.6,0,5.1,0,4.9,0,13.0,985.7,11.5,0,20,0,210,0,33,7.810,0.5,1.1, , , ,489
24-feb-2014,0,7.8,0,3.9,0,1.1,0,3.6,983.4,9.1,0,19,0,150,0,33,5.971,0.7,1.1, , , ,344
25-feb-2014,0,9.1,0,4.4,0,1.8,0,8.2,982.9,14.0,0,22,0,240,0,38,5.626,1.1,1.7, , , ,592
26-feb-2014,0,9.4,0,4.4,0,2.3,0,6.3,997.2,12.6,0,19,0,210,0,30,6.105,1.0,1.5, , , ,667
27-feb-2014,0,8.0,0,3.0,0,0.8,0,8.1,995.5,8.9,0,18,0,250,0,29,5.828,0.8,1.2, , , ,817
28-feb-2014,0,8.8,0,0.3,0,-4.0,0,0.9,997.3,6.2,0,14,0,320,0,21,5.327,0.8,1.2, , , ,821
01-mar-2014,0,9.5,0,1.4,0,-2.7,0,1.5,994.2,6.6,0,14,0,240,0,22,6.001,0.5,0.8, , , ,554
02-mar-2014,0,8.6,0,1.3,0,-2.0,0,5.9,980.4,7.1,0,17,0,250,0,24,5.821,0.9,1.0, , , ,706
03-mar-2014,0,9.3,0,-0.1,0,-2.1,0,3.1,981.8,7.7,0,14,0,240,0,24,5.484,0.9,1.4, , , ,998
04-mar-2014,0,9.1,0,2.3,0,-0.7,0,0.1,1000.3,5.5,0,10,0,260,0,14,5.671,0.8,1.1, , , ,668
05-mar-2014,0,11.6,0,2.2,0,-2.6,0,6.0,1008.2,8.7,0,12,0,200,0,20,6.363,0.7,1.1, , , ,392
06-mar-2014,0,12.3,0,8.7,0,6.4,0,13.0,1007.4,6.9,0,15,0,200,0,22,8.760,0.5,0.7, , , ,220
07-mar-2014,0,9.4,0,3.4,0,2.3,0,1.4,1011.6,8.4,0,15,0,280,0,24,7.903,0.9,1.4, , , ,990
08-mar-2014,0,13.3,0,6.8,0,-2.1,0,1.6,1007.4,14.6,0,22,0,190,0,35,8.431,1.7,2.3, , , ,582
09-mar-2014,0,7.2,0,1.8,0,5.5,0,5.0,1013.7,2.9,0,8,0,330,0,10,8.012,0.4,0.8, , , ,365
10-mar-2014,0,11.4,0,0.6,0,-4.0,0,0.0,1024.8,3.0,0,6,0,80,0,9,7.307,1.1,1.5, , , ,1160
11-mar-2014,0,12.3,0,-0.9,0,-6.9,0,0.0,1028.7,4.8,0,10,0,100,0,13,6.916,1.5,1.9, , , ,1411
12-mar-2014,0,10.8,0,0.2,0,-6.2,0,0.0,1027.5,2.8,0,6,0,250,0,11,6.806,1.0,1.4, , , ,1010
13-mar-2014,0,9.7,0,1.3,0,-2.6,0,0.0,1026.7,2.9,0,6,0,100,0,9,7.443,0.8,0.9, , , ,551
14-mar-2014,0,10.6,0,5.7,0,6.3,0,0.1,1025.2,8.0,0,15,0,260,0,24,8.115,0.6,0.9, , , ,382
15-mar-2014,0,11.4,0,6.5,0,-0.6,0,0.1,1026.9,11.0,0,18,0,250,0,26,8.382,1.2,1.9, , , ,1220
16-mar-2014,0,11.3,0,7.5,0,6.6,0,0.0,1023.5,8.2,0,13,0,250,0,18,9.105,0.9,1.3, , , ,548
17-mar-2014,0,10.2,0,6.1,0,3.5,0,0.3,1015.2,7.7,0,15,0,250,0,21,8.575,0.9,1.4, , , ,631
18-mar-2014,0,12.4,0,7.2,0,3.4,0,1.1,1010.3,13.4,0,19,0,270,0,33,8.970,1.4,2.1, , , ,959
19-mar-2014,0,11.3,0,9.1,0,7.1,0,0.0,1006.3,16.3,0,22,0,220,0,36,8.967,1.1,1.5, , , ,268
20-mar-2014,0,10.2,0,4.3,0,5.8,0,22.9,993.7,13.4,0,21,0,250,0,38,8.215,1.0,1.7, , , ,841
21-mar-2014,0,7.2,0,1.9,0,0.8,0,8.1,991.9,9.7,0,20,0,200,0,30,5.833,0.9,1.3, , , ,514
22-mar-2014,0,8.9,0,1.1,0,-0.8,0,8.8,993.2,10.3,0,20,0,290,0,32,5.409,1.3,1.9, , , ,1000
23-mar-2014,0,10.1,0,1.2,0,-0.9,0,0.8,1004.8,7.0,0,17,0,310,0,26,6.445,1.4,2.1, , , ,1246
24-mar-2014,0,10.3,0,2.8,0,-4.2,0,6.6,994.8,13.5,0,24,0,240,0,43,6.497,0.9,1.4, , , ,520
25-mar-2014,0,11.7,0,2.5,0,-1.1,0,0.2,1007.0,7.8,0,18,0,320,0,26,7.533,1.6,2.2, , , ,1257
26-mar-2014,0,11.9,0,1.5,0,-0.3,0,0.0,1016.6,8.0,0,14,0,350,0,20,7.345,1.6,2.3, , , ,1319
27-mar-2014,0,8.7,0,2.3,0,-0.1,0,0.3,1009.8,5.7,0,15,0,90,0,23,7.240,1.2,1.8, , , ,957
28-mar-2014,0,8.7,0,1.5,0,-1.6,0,1.7,1011.6,7.9,0,15,0,50,0,22,6.793,1.2,1.8, , , ,994
29-mar-2014,0,10.1,0,4.5,0,2.3,0,10.9,1004.4,7.4,0,14,0,100,0,20,7.492,0.9,1.4, , , ,718
30-mar-2014,0,12.1,0,3.7,0,-0.4,0,2.9,1002.0,6.5,0,14,0,110,0,20,9.025,1.3,1.8, , , ,1128
31-mar-2014,0,14.3,0,5.6,0,6.6,0,0.7,1003.1,6.4,0,12,0,110,0,19,10.095,1.4,2.0, , , ,914
01-apr-2014,0,14.9,0,3.5,0,-1.7,0,0.2,1001.4,7.5,0,15,0,80,0,22,9.530,2.0,2.8, , , ,1575
02-apr-2014,0,14.0,0,7.7,0,6.9,0,5.6,994.3,10.2,0,16,0,100,0,23,9.722,1.1,1.5, , , ,442
03-apr-2014,0,15.1,0,7.8,0,5.0,0,0.1,994.6,7.5,0,14,0,140,0,21,10.373,1.7,2.3, , , ,966
04-apr-2014,0,14.9,0,8.9,0,7.1,0,0.8,998.5,6.9,0,12,0,160,0,20,11.392,2.1,2.8, , , ,1196
05-apr-2014,0,15.0,0,10.1,0,8.5,0,5.9,996.4,6.4,0,13,0,180,0,20,11.605,1.2,1.6, , , ,542
06-apr-2014,0,13.4,0,5.3,0,10.8,0,1.6,994.6,13.0,0,23,0,220,0,40,11.695,1.2,2.8, , , ,1539
07-apr-2014,0,11.7,0,4.3,0,-0.7,0,0.2,1001.4,7.9,0,18,0,250,0,26,9.740,1.8,2.7, , , ,1449
08-apr-2014,0,11.4,0,4.3,0,0.7,0,0.0,1012.0,11.0,0,17,0,230,0,27,8.615,2.0,2.5, , , ,1167
09-apr-2014,0,13.5,0,8.9,0,7.2,0,0.0,1018.3,11.8,0,18,0,230,0,27,10.515,2.1,3.1, , , ,1361
10-apr-2014,0,12.2,0,1.3,0,2.4,0,0.8,1017.9,6.7,0,12,0,230,0,17,9.977,0.8,1.6, , , ,899
11-apr-2014,0,10.9,0,0.5,0,-3.3,0,0.0,1016.8,7.2,0,14,0,210,0,22,8.805,1.5,2.2, , , ,1395
12-apr-2014,0,12.9,0,7.8,0,5.0,0,0.1,1014.0,11.4,0,17,0,230,0,28,10.097,1.5,2.6, , , ,1088
13-apr-2014,0,11.7,0,5.1,0,6.7,0,0.0,1019.7,9.2,0,21,0,250,0,29,9.825,1.5,2.2, , , ,1028
14-apr-2014,0,15.5,0,5.3,0,-0.1,0,0.0,1022.5,3.9,0,7,0,320,0,12,11.713,2.5,3.6, , , ,2032
15-apr-2014,0,16.5,0,1.9,0,-2.4,0,0.0,1020.3,7.2,0,14,0,170,0,23,10.972,2.9,3.8, , , ,2107
16-apr-2014,0,16.0,0,6.3,0,0.1,0,0.0,1017.0,8.4,0,14,0,250,0,21,11.262,2.4,3.4, , , ,1623
17-apr-2014,0,12.6,0,8.2,0,5.7,0,0.0,1017.2,7.7,0,13,0,260,0,20,10.852,1.5,2.1, , , ,852
18-apr-2014,0,15.3,0,6.9,0,3.7,0,0.0,1016.9,2.7,0,7,0,230,0,9,12.292,2.0,2.7, , , ,1440
19-apr-2014,0,16.7,0,5.2,0,0.7,0,0.0,1012.4,4.6,0,9,0,90,0,16,13.665,2.5,3.7, , , ,2000
20-apr-2014,0,15.5,0,1.7,0,-2.0,0,0.5,1007.5,6.5,0,12,0,40,0,18,12.695,2.7,3.7, , , ,2100
21-apr-2014,0,17.0,0,7.2,0,6.6,0,0.1,1001.7,10.4,0,18,0,100,0,27,13.310,3.0,4.4, , , ,1984
22-apr-2014,0,13.8,0,7.0,0,1.6,0,0.7,1000.8,5.1,0,9,0,80,0,13,12.240,1.4,1.9, , , ,778
23-apr-2014,0,13.7,0,5.9,0,6.5,0,12.3,1003.6,6.5,0,13,0,190,0,22,12.020,1.5,2.3, , , ,1181
24-apr-2014,0,15.4,0,4.1,0,-0.4,0,0.2,1010.7,4.8,0,9,0,130,0,13,11.812,2.3,3.2, , , ,1786
25-apr-2014,0,13.8,0,4.8,0,1.4,0,3.0,999.6,11.3,0,20,0,70,0,35,10.832,1.8,2.6, , , ,1033
26-apr-2014,0,13.6,0,6.1,0,4.2,0,7.1,991.4,10.7,0,21,0,70,0,32,11.655,1.8,2.8, , , ,1386
27-apr-2014,0,16.2,0,4.7,0,5.7,0,1.1,1002.7,4.6,0,14,0,50,0,19,12.812,2.3,3.2, , , ,1686
28-apr-2014,0,18.3,0,2.8,0,0.3,0,0.1,1007.6,2.1,0,6,0,320,0,9,13.593,2.5,3.1, , , ,1727
29-apr-2014,0,18.5,0,8.5,0,8.9,0,0.0,1006.0,4.9,0,11,0,200,0,18,15.283,3.1,4.4, , , ,2293
30-apr-2014,0,15.3,0,6.7,0,2.4,0,7.2,1003.2,7.0,0,15,0,250,0,27,13.452,1.8,2.6, , , ,1346
01-may-2014,0,15.6,0,8.6,0,5.9,0,4.0,1008.5,5.4,0,12,0,250,0,18,14.387,2.2,3.3, , , ,1664
02-may-2014,0,14.6,0,9.3,0,9.3,0,0.0,1018.3,5.8,0,8,0,90,0,12,13.435,1.4,2.0, , , ,724
03-may-2014,0,14.8,0,10.1,0,7.7,0,3.1,1018.8,5.1,0,9,0,190,0,14,13.118,1.0,1.6, , , ,490
04-may-2014,0,15.4,0,10.2,0,10.9,0,0.2,1010.4,7.6,0,12,0,200,0,20,13.160,1.5,2.0, , , ,537
05-may-2014,0,13.8,0,8.2,0,8.3,0,0.5,998.4,11.2,0,18,0,150,0,29,11.967,1.6,2.3, , , ,722
06-may-2014,0,13.2,0,6.5,0,2.8,0,4.4,994.0,10.7,0,17,0,230,0,28,11.273,1.7,2.8, , , ,1101
07-may-2014,0,12.8,0,8.4,0,6.6,0,2.2,999.2,13.8,0,22,0,240,0,33,11.648,1.7,3.2, , , ,1355
08-may-2014,0,12.9,0,9.2,0,9.0,0,3.6,999.4,9.7,0,18,0,260,0,30,12.160,1.1,2.0, , , ,857
09-may-2014,0,13.2,0,8.4,0,6.0,0,6.5,1000.0,11.2,0,17,0,250,0,29,11.833,2.0,3.0, , , ,1277
10-may-2014,0,13.2,0,8.7,0,7.7,0,15.1,991.4,12.5,0,20,0,260,0,32,12.125,1.7,2.7, , , ,1170
11-may-2014,0,11.1,0,6.3,0,7.5,0,3.1,999.6,10.7,0,15,0,270,0,26,11.520,1.5,2.3, , , ,996
12-may-2014,0,12.9,0,4.7,0,-0.7,0,8.1,1007.8,5.0,0,12,0,250,0,18,11.943,2.1,2.9, , , ,1487
13-may-2014,0,15.1,0,5.0,4, ,0,0.1,1018.3,6.9,0,13,0,250,0,21,12.493,2.7,3.6, , , ,1871
14-may-2014,0,13.8,0,8.4,0,5.2,0,0.1,1027.5,6.4,0,11,0,240,0,18,12.503,1.3,1.8, , , ,641
15-may-2014,0,17.6,0,9.6,0,7.7,0,0.0,1030.4,4.0,0,8,0,260,0,12,15.325,3.0,4.1, , , ,2087
16-may-2014,0,16.5,0,7.9,0,4.7,0,0.0,1025.7,6.8,0,13,0,250,0,20,14.980,2.9,4.3, , , ,2143
17-may-2014,0,17.9,0,9.1,0,5.4,0,3.3,1013.5,10.2,0,18,0,230,0,29,13.943,2.9,4.3, , , ,1644
18-may-2014,0,13.6,0,6.3,0,9.4,0,11.8,1002.6,6.5,0,11,0,230,0,17,13.773,2.0,3.6, , , ,1929
19-may-2014,0,16.5,0,7.4,0,2.6,0,5.3,998.3,4.9,0,10,0,30,0,18,14.380,2.2,2.9, , , ,1274
20-may-2014,0,18.9,0,10.5,0,11.1,0,22.8,998.7,6.3,0,20,0,80,0,37,15.812,2.2,3.2, , , ,1355
21-may-2014,0,15.1,0,7.2,0,3.2,0,0.0,1002.3,5.5,0,10,0,190,0,16,14.590,2.4,3.5, , , ,1784
22-may-2014,0,15.1,0,7.8,0,4.7,0,5.0,1001.8,9.6,0,16,0,330,0,22,14.310,2.2,3.5, , , ,1505
23-may-2014,0,13.1,0,7.4,0,7.6,0,1.0,1005.4,10.8,0,15,0,350,0,25,14.055,2.2,3.5, , , ,1525
24-may-2014,0,12.9,0,7.7,0,7.1,0,1.2,1008.5,9.2,0,13,0,340,0,20,12.530,1.3,2.0, , , ,570
25-may-2014,0,12.4,0,7.3,0,5.9,0,0.2,1011.0,6.3,0,10,0,320,0,15,12.503,1.4,1.9, , , ,676
26-may-2014,0,15.8,0,9.1,0,9.1,0,0.2,1012.2,4.3,0,10,0,230,0,15,14.137,2.8,3.9, , , ,1918
27-may-2014,0,18.0,0,5.0,0,0.1,0,0.0,1012.2,3.2,0,8,0,160,0,12,15.038,2.9,3.8, , , ,1914
28-may-2014,0,21.4,0,4.8,0,0.7,0,1.3,1012.9,3.2,0,6,0,220,0,11,16.195,3.7,4.6, , , ,2317
29-may-2014,0,17.3,0,8.7,0,5.9,0,0.0,1016.0,5.1,0,9,0,40,0,13,16.120,2.8,3.8, , , ,1866
30-may-2014,0,17.8,0,7.6,0,3.3,0,0.0,1019.8,3.1,0,6,0,60,0,10,15.845,2.7,3.5, , , ,1748
31-may-2014,0,17.1,0,6.5,0,2.8,0,0.0,1020.2,5.5,0,12,0,260,0,18,16.010,2.9,4.1, , , ,2235
01-jun-2014,0,18.2,0,11.0,0,7.6,0,3.4,1014.7,6.7,0,11,0,200,0,17,15.688,1.9,2.4, , , ,904
02-jun-2014,0,14.9,0,10.1,0,11.1,0,0.5,1011.1,6.6,0,10,0,270,0,17,15.095,2.0,2.6, , , ,1165
03-jun-2014,0,14.9,0,7.4,0,8.0,0,7.2,1006.8,6.3,0,12,0,270,0,19,15.503,3.1,4.5, , , ,2471
04-jun-2014,0,15.7,0,4.3,0,0.5,0,0.4,1004.7,6.7,0,13,0,300,0,20,14.998,3.1,4.3, , , ,2273
05-jun-2014,0,17.2,0,2.6,0,-1.0,0,0.0,1005.1,2.5,0,6,0,80,0,10,15.960,3.7,4.9, , , ,2818
06-jun-2014,0,16.4,0,7.8,0,3.0,0,2.9,1002.2,11.1,0,18,0,110,0,28,14.352,1.5,2.1, , , ,606
07-jun-2014,0,19.7,0,11.3,0,10.3,0,1.8,1001.8,8.3,0,14,0,190,0,22,16.288,3.0,4.6, , , ,1956
08-jun-2014,0,17.2,0,9.8,0,6.8,0,7.4,1005.3,7.3,0,12,0,150,0,23,15.318,2.2,3.2, , , ,1432
09-jun-2014,0,18.5,0,11.3,0,8.9,0,6.8,1006.7,6.2,0,12,0,150,0,19,15.840,2.5,3.2, , , ,1352
10-jun-2014,0,18.6,0,10.6,0,9.4,0,0.4,1008.4,4.8,0,8,0,120,0,15,16.935,3.4,4.5, , , ,2202
11-jun-2014,0,18.0,0,10.0,0,5.7,0,0.1,1017.5,4.6,0,9,0,210,0,13,16.837,2.8,3.6, , , ,1757
12-jun-2014,0,20.9,0,10.3,0,6.2,0,0.1,1021.8,5.7,0,11,0,250,0,18,17.190,3.4,4.4, , , ,2017
13-jun-2014,0,17.7,0,11.9,0,7.8,0,0.6,1022.2,5.5,0,11,0,230,0,16,16.575,1.9,2.4, , , ,1054
14-jun-2014,0,19.6,0,10.3,0,10.4,0,0.1,1024.8,5.0,0,9,0,330,0,12,17.682,2.8,3.6, , , ,1644
15-jun-2014,0,17.2,0,9.0,0,5.9,0,0.0,1026.6,4.5,0,8,0,20,0,13,17.425,2.5,3.2, , , ,1525
16-jun-2014,0,22.4,0,9.2,0,6.5,0,0.0,1026.2,6.1,0,11,0,50,0,17,18.772,4.5,6.1, , , ,2926
17-jun-2014,0,24.6,0,10.9,0,7.0,0,0.0,1025.8,4.3,0,7,0,350,0,12,19.862,4.1,5.4, , , ,2456
18-jun-2014,0,24.7,0,11.4,0,8.9,0,0.0,1024.4,5.2,0,13,0,330,0,18,20.927,4.6,6.0, , , ,2764
19-jun-2014,0,19.1,0,11.0,0,9.8,0,0.0,1023.1,7.0,0,12,0,40,0,19,19.747,2.9,4.0, , , ,1712
20-jun-2014,0,18.4,0,12.0,0,12.1,0,0.0,1020.8,5.2,0,9,0,0,0,14,18.682,2.7,3.5, , , ,1370
21-jun-2014,0,18.6,0,7.7,0,4.4,0,0.0,1019.2,5.9,0,13,0,350,0,19,18.243,2.6,3.6, , , ,1663
22-jun-2014,0,18.9,0,7.1,0,4.4,0,0.0,1019.9,3.9,0,9,0,10,0,13,17.153,2.5,3.1, , , ,1416
23-jun-2014,0,22.0,0,12.7,0,11.2,0,0.0,1020.9,4.3,0,10,0,330,0,14,19.507,3.7,4.9, , , ,2133
24-jun-2014,0,21.6,0,8.3,0,5.4,0,0.0,1017.5,2.6,0,7,0,310,0,11,18.983,3.3,4.2, , , ,2062
25-jun-2014,0,18.8,0,14.4,0,14.6,0,0.8,1011.2,4.2,0,8,0,100,0,13,18.708,1.8,2.2, , , ,796
26-jun-2014,0,16.4,0,12.5,0,12.6,0,3.1, ,7.5,0,13,0,90,0,22,17.215,1.8,2.2, , , ,829
27-jun-2014,0,19.0,0,10.3,0,11.1,0,4.8, ,5.1,0,12,0,80,0,18,17.608,2.7,3.7, , , ,1698
28-jun-2014,0,19.4,0,9.2,0,7.1,0,0.0,1008.7,5.0,0,9,0,10,0,15,17.827,3.3,4.5, , , ,2056
29-jun-2014,0,19.8,0,10.6,0,10.1,0,0.0,1011.0,3.2,0,6,0,20,0,10,18.315,3.4,4.5, , , ,2083
30-jun-2014,0,21.1,0,11.5,0,5.9,0,0.0,1012.1,5.5,0,11,0,90,0,16,19.290,3.9,5.2, , , ,2259
01-jul-2014,0,24.3,0,6.5,0,0.7,0,0.0,1015.0,3.8,0,9,0,90,0,13,19.767,4.4,5.9, , , ,2886
02-jul-2014,0,19.9,0,12.7,0,11.1,0,0.2,1014.0,9.5,0,18,0,230,0,28,18.465,2.5,3.5, , , ,1279
03-jul-2014,0,18.5,0,12.1,0,9.7,0,1.1,1007.2,8.5,0,15,0,220,0,24,17.030,2.0,2.8, , , ,1169
04-jul-2014,0,16.8,0,11.5,0,13.8,0,11.6,997.3,7.6,0,12,0,340,0,19,16.927,1.6,2.3, , , ,885
05-jul-2014,0,16.9,0,7.1,0,0.9,0,0.8,997.1,6.2,0,14,0,230,0,22,16.760,3.4,4.9, , , ,2668
06-jul-2014,0,17.3,0,7.3,0,1.3,0,4.5,1001.7,5.3,0,12,0,240,0,21,15.868,2.5,3.5, , , ,1716
07-jul-2014,0,18.3,0,8.8,0,2.5,0,3.5,1008.5,3.5,0,9,0,250,0,14,16.575,3.0,3.8, , , ,1877
08-jul-2014,0,18.9,0,8.1,0,4.3,0,1.3,1016.5,7.6,0,17,0,330,0,26,17.198,3.6,4.8, , , ,2360
09-jul-2014,0,17.8,0,7.3,0,2.5,0,0.1,1020.6,5.6,0,10,0,250,0,16,16.358,2.9,3.0, , , ,1606
10-jul-2014,0,18.0,0,14.1,0,13.0,0,4.2,1017.7,4.9,0,10,0,260,0,17,17.003,1.9,2.5, , , ,1048
11-jul-2014,0,17.2,0,14.7,0,13.5,0,1.3,1013.9,4.8,0,8,0,220,0,13,16.930,1.3,1.5, , , ,598
12-jul-2014,0,17.0,0,13.4,0,15.0,0,2.9,1007.9,6.6,0,10,0,210,0,17,16.640,1.2,1.4, , , ,454
13-jul-2014,0,18.1,0,12.1,0,11.2,0,0.0,1007.2,6.1,0,12,0,260,0,18,16.983,2.8,4.4, , , ,2014
14-jul-2014,0,18.8,0,12.3,0,7.8,0,6.5,1006.0,8.8,0,17,0,240,0,28,16.702,2.1,2.6, , , ,1044
15-jul-2014,0,19.3,0,9.3,0,3.4,0,1.9,1010.9,5.7,0,11,0,160,0,18,16.798,2.8,3.4, , , ,1634
16-jul-2014,0,19.0,0,12.4,0,14.3,0,1.1,1011.3,9.3,0,15,0,230,0,24,18.050,3.3,4.6, , , ,2300
17-jul-2014,0,23.4,0,9.8,0,4.9,0,0.2,1012.2,4.2,0,9,0,200,0,14,18.483,3.4,4.0, , , ,1794
18-jul-2014,0,23.4,0,14.1,0,13.8,0,5.2,1005.7,5.2,0,11,0,70,0,17,18.978,2.7,3.3, , , ,1273
19-jul-2014,0,19.7,0,14.8,0,10.6,0,4.4,1003.8,3.8,0,9,0,250,0,14,18.700,2.0,2.5, , , ,1059
20-jul-2014,0,19.7,0,14.4,0,13.6,0,0.0,1009.1,5.4,0,13,0,220,0,18,18.597,2.9,4.0, , , ,1806
21-jul-2014,0,21.8,0,13.6,0,11.6,0,3.3,1014.5,3.5,0,8,0,190,0,12,18.300,2.0,2.3, , , ,891
22-jul-2014,0,25.3,0,17.2,0,17.1,0,0.1,1017.2,3.8,0,8,0,170,0,14,20.365,2.7,3.6, , , ,1495
23-jul-2014,0,24.6,0,16.4,0,14.1,0,1.3,1015.8,2.9,0,7,0,340,0,10,20.995,2.6,3.2, , , ,1320
24-jul-2014,0,23.6,0,15.2,0,15.1,0,31.9,1014.8,4.3,0,14,0,60,0,21,20.587,2.5,3.1, , , ,1296
25-jul-2014,0,26.6,0,12.2,0,9.6,0,1.6,1013.5,3.4,0,8,0,270,0,13,21.368,4.1,5.0, , , ,2309
26-jul-2014,0,21.4,0,13.1,0,16.2,0,1.6,1014.4,5.9,0,11,0,250,0,19,20.600,2.8,3.5, , , ,1579
27-jul-2014,0,20.1,0,10.6,0,5.4,0,0.0,1015.3,8.2,0,15,0,310,0,22,19.173,3.2,4.1, , , ,1970
28-jul-2014,0,20.0,0,13.9,0,13.1,0,0.0,1016.2,7.7,0,12,0,320,0,17,19.225,2.5,3.6, , , ,1449
29-jul-2014,0,19.6,0,13.8,0,14.2,0,0.7,1015.0,7.1,0,12,0,290,0,18,19.118,2.5,3.4, , , ,1458
30-jul-2014,0,19.3,0,13.8,0,10.6,0,0.1,1011.9,8.2,0,14,0,240,0,24,18.142,2.3,3.2, , , ,1331
31-jul-2014,0,19.0,0,13.4,0,10.4,0,1.0,1006.1,6.7,0,15,0,240,0,23,18.235,2.5,3.4, , , ,1427
01-aug-2014,0,17.7,0,11.7,0,11.5,0,21.6,1000.7,4.1,0,9,0,330,0,15,17.592,1.8,2.4, , , ,958
02-aug-2014,0,15.6,0,10.6,0,10.3,0,1.6,998.5,7.5,0,12,0,330,0,20,16.420,1.5,2.1, , , ,835
03-aug-2014,0,18.8,0,9.3,0,11.2,0,0.7,1002.2,7.6,0,14,0,300,0,21,16.642,2.4,3.4, , , ,1498
04-aug-2014,0,21.7,0,8.1,0,3.5,0,0.5,1007.4,3.8,0,8,0,200,0,14,17.395,3.1,4.1, , , ,2016
05-aug-2014,0,20.7,0,13.2,0,10.6,0,10.8,1006.0,3.1,0,7,0,200,0,11,18.382,2.1,2.7, , , ,1142
06-aug-2014,0,19.1,0,8.6,0,11.1,0,0.2,1006.5,6.3,0,14,0,250,0,23,18.038,2.4,3.4, , , ,1711
07-aug-2014,0,19.1,0,8.1,0,3.7,0,0.9,1008.2,5.1,0,11,0,240,0,17,17.135,2.7,3.8, , , ,1956
08-aug-2014,0,18.1,0,10.0,0,7.1,0,2.9,1002.8,6.4,0,12,0,240,0,21,17.790,2.8,3.9, , , ,1985
09-aug-2014,0,18.9,0,9.4,0,4.7,0,15.1,997.2,5.8,0,11,0,240,0,19,17.683,3.1,4.4, , , ,2390
10-aug-2014,0,17.5,0,10.0,0,9.0,0,1.2,995.6,6.6,0,17,0,300,0,27,16.525,2.2,3.0, , , ,1297
11-aug-2014,0,17.6,0,11.9,0,8.3,0,3.0,998.7,9.5,0,18,0,250,0,28,16.400,3.0,4.5, , , ,2205
12-aug-2014,0,18.4,0,10.2,0,7.5,0,7.6,998.8,7.4,0,14,0,310,0,21,16.327,2.4,3.4, , , ,1569
13-aug-2014,0,18.7,0,11.5,0,7.1,0,0.0,1003.0,7.7,0,13,0,280,0,20,16.782,2.6,3.5, , , ,1531
14-aug-2014,0,18.4,0,9.3,0,11.6,0,1.0,1009.0,6.7,0,15,0,330,0,23,17.490,2.6,3.6, , , ,1772
15-aug-2014,0,18.4,0,9.4,0,5.6,0,0.0,1016.0,7.2,0,13,0,320,0,18,16.845,2.6,3.6, , , ,1565
16-aug-2014,0,15.9,0,12.6,0,10.7,0,0.3,1014.0,9.2,0,15,0,250,0,24,15.977,1.7,2.3, , , ,750
17-aug-2014,0,17.5,0,10.6,0,8.7,0,1.0,1008.8,10.6,0,19,0,310,0,29,16.285,3.0,4.3, , , ,1946
18-aug-2014,0,16.7,0,9.3,0,6.4,0,0.2,1011.0,8.5,0,15,0,330,0,24,15.977,2.4,3.4, , , ,1481
19-aug-2014,0,17.3,0,6.5,0,4.4,0,0.2,1013.1,6.0,0,12,0,340,0,18,16.000,2.4,3.4, , , ,1652
20-aug-2014,0,16.1,0,6.6,0,3.7,0,0.2,1014.6,4.7,0,11,0,300,0,16,15.485,2.0,2.7, , , ,1306
21-aug-2014,0,17.3,0,8.0,0,3.1,0,1.7,1009.2,7.4,0,16,0,300,0,22,15.325,2.0,2.9, , , ,1410
22-aug-2014,0,16.6,0,7.5,0,3.6,0,0.0,1010.7,6.8,0,14,0,330,0,20,15.877,2.4,3.4, , , ,1719
23-aug-2014,0,17.0,0,6.2,0,2.1,0,0.0,1013.6,4.7,0,11,0,340,0,15,15.158,2.2,3.0, , , ,1446
24-aug-2014,0,15.2,0,5.9,0,2.1,0,2.4,1007.0,7.5,0,13,0,120,0,20,14.670,1.2,1.8, , , ,917
25-aug-2014,0,19.3,0,14.1,0,13.5,0,6.8,995.4,9.7,0,15,0,90,0,22,16.093,1.7,2.3, , , ,845
26-aug-2014,0,16.8,0,13.9,0,13.7,0,0.0,1000.9,9.1,0,12,0,80,0,19,15.945,1.3,1.7, , , ,437
27-aug-2014,0,16.4,0,12.7,0,12.7,0,0.9,1000.0,11.3,0,18,0,100,0,30,15.175,1.0,1.4, , , ,335
28-aug-2014,0,17.5,0,9.6,0,5.5,0,12.6,995.8,10.9,0,21,0,230,0,36,14.693,1.8,2.7, , , ,1155
29-aug-2014,0,16.4,0,13.0,0,11.8,0,5.1,1000.7,11.1,0,21,0,230,0,34,14.932,1.3,1.9, , , ,673
30-aug-2014,0,17.2,0,9.9,0,11.2,0,0.0,1010.8,7.5,0,13,0,290,0,20,15.432,1.8,2.6, , , ,1271
31-aug-2014,0,17.7,0,8.6,0,5.9,0,6.4,1012.2,5.8,0,12,0,210,0,19,14.962,1.0,1.5, , , ,681
01-sep-2014,0,16.5,0,12.2,0,11.6,0,0.0,1016.7,3.5,0,7,0,240,0,11,15.545,1.5,2.0, , , ,759
02-sep-2014,0,16.6,0,11.8,0,11.9,0,0.0,1018.5,1.9,0,4,0,30,0,6,15.680,1.3,1.8, , , ,692
03-sep-2014,0,19.7,0,9.4,0,6.2,0,0.0,1015.7,3.4,0,8,0,90,0,11,16.212,1.8,2.5, , , ,1194
04-sep-2014,0,22.6,0,13.8,0,9.1,0,0.0,1013.4,4.3,0,8,0,190,0,13,17.702,2.3,3.0, , , ,1388
05-sep-2014,0,18.3,0,12.4,0,14.3,0,0.2,1013.2,5.0,0,8,0,30,0,14,17.655,1.3,1.7, , , ,718
06-sep-2014,0,16.5,0,8.5,0,9.4,0,0.0,1014.2,5.7,0,10,0,60,0,16,16.615,1.9,2.6, , , ,1356
07-sep-2014,0,17.4,0,3.9,0,0.9,0,0.0,1015.3,4.3,0,9,0,20,0,13,15.282,2.0,2.7, , , ,1437
08-sep-2014,0,17.5,0,2.9,0,1.7,0,0.0,1017.3,2.6,0,7,0,60,0,12,15.012,1.9,2.6, , , ,1515
09-sep-2014,0,20.0,0,5.0,0,2.3,0,0.0,1017.2,2.0,0,5,0,70,0,8,15.373,2.2,3.0, , , ,1831
10-sep-2014,0,21.5,0,5.2,0,0.9,0,0.0,1014.7,4.2,0,10,0,110,0,14,15.618,2.4,3.2, , , ,1776
11-sep-2014,0,21.3,0,9.6,0,5.9,0,0.0,1016.3,5.7,0,11,0,110,0,17,15.765,2.2,2.9, , , ,1378
12-sep-2014,0,19.4,0,9.1,0,3.7,0,0.0,1018.6,5.9,0,11,0,120,0,18,15.392,1.9,2.6, , , ,1255
13-sep-2014,0,21.7,0,10.2,0,7.0,0,0.0,1020.8,5.1,0,8,0,110,0,13,16.087,2.2,3.0, , , ,1428
14-sep-2014,0,19.1,0,10.0,0,5.7,0,0.0,1018.2,6.6,0,10,0,120,0,16,15.727,1.6,2.2, , , ,924
15-sep-2014,0,18.7,0,9.5,0,5.5,0,0.0,1014.0,5.5,0,10,0,80,0,14,15.415,1.5,2.0, , , ,874
16-sep-2014,0,18.8,0,7.7,0,3.1,0,0.1,1009.8,4.6,0,8,0,70,0,12,15.007,1.3,1.8, , , ,848
17-sep-2014,0,20.5,0,12.4,0,10.0,0,0.0,1007.2,7.4,0,12,0,80,0,18,15.935,1.7,2.2, , , ,922
18-sep-2014,0,20.0,0,12.0,0,9.9,0,0.1,1005.6,6.8,0,12,0,90,0,17,16.170,1.8,2.5, , , ,1162
19-sep-2014,0,17.2,0,13.5,0,10.4,0,3.0,1009.1,5.0,0,8,0,350,0,15,15.807,0.7,0.9, , , ,195
20-sep-2014,0,18.0,0,9.1,0,7.8,0,1.2,1016.9,6.7,0,11,0,20,0,19,15.847,1.7,2.4, , , ,1328
21-sep-2014,0,18.4,0,3.1,0,-0.9,0,0.1,1021.8,2.2,0,5,0,110,0,8,14.730,1.5,2.1, , , ,1245
22-sep-2014,0,18.2,0,3.4,0,-0.1,0,0.1,1019.8,4.2,0,11,0,260,0,18,14.200,1.7,2.4, , , ,1510
23-sep-2014,0,14.9,0,10.3,0,6.2,0,2.2,1014.0,5.8,0,12,0,230,0,21,14.610,0.9,1.2, , , ,567
24-sep-2014,0,17.5,0,5.3,0,0.2,0,0.1,1012.4,5.9,0,11,0,250,0,21,14.355,1.5,2.2, , , ,1362
25-sep-2014,0,17.6,0,13.3,0,12.8,0,1.9,1011.9,9.6,0,14,0,230,0,24,15.332,1.0,1.4, , , ,542
26-sep-2014,0,17.0,0,5.2,0,4.3,0,0.5,1016.5,5.6,0,13,0,240,0,25,14.980,1.3,1.9, , , ,1357
27-sep-2014,0,19.3,0,5.4,0,0.2,0,0.0,1018.0,4.7,0,12,0,230,0,17,14.167,1.2,1.7, , , ,805
28-sep-2014,0,18.6,0,13.2,0,11.9,0,0.0,1015.0,4.1,0,8,0,250,0,14,15.427,1.2,1.6,1.2,1.2,1.2,788
29-sep-2014,0,20.2,0,13.0,0,8.5,0,0.0,1013.0,3.4,0,9,0,170,0,14,15.947,1.3,1.7,2.5,2.5,2.5,720
30-sep-2014,0,18.2,0,12.8,0,9.5,0,0.9,1011.2,6.8,0,14,0,250,0,23,15.328,1.0,1.4,2.6,2.6,2.6,570
01-oct-2014,0,16.3,0,5.0,0,9.4,0,1.3,1018.7,5.4,0,12,0,270,0,19,14.750,1.2,1.7,2.4,2.4,2.5,1171
02-oct-2014,0,16.4,0,3.4,0,-2.3,0,0.0,1016.9,7.0,0,14,0,190,0,21,12.583,1.2,1.7,3.6,3.6,3.7,968
03-oct-2014,0,17.3,0,7.9,0,11.5,0,9.8,1007.2,6.0,0,19,0,210,0,31,13.755,0.9,1.1,0.0,-5.3,-5.2,279
04-oct-2014,0,13.8,0,2.4,0,-1.3,0,1.8,1008.7,5.6,0,12,0,260,0,21,12.110,1.1,1.6,0.0,-0.7,-5.6,1059
05-oct-2014,0,13.9,0,8.4,0,1.8,0,10.0,996.9,12.0,0,21,0,150,0,34,11.903,0.8,1.2,0.0,-9.2,-10.0,419
06-oct-2014,0,11.7,0,2.0,0,4.4,0,4.8,987.0,4.7,0,14,0,280,0,21,11.850,0.6,0.9,0.0,-4.2,-10.0,661
07-oct-2014,0,12.8,0,0.3,0,-4.0,0,0.1,987.2,5.3,0,11,0,200,0,17,10.398,1.0,1.4,0.9,0.9,-8.6,878
08-oct-2014,0,15.6,0,7.4,0,7.1,0,0.3,981.2,5.9,0,10,0,150,0,15,11.767,1.1,1.5,1.7,1.7,-7.4,735
09-oct-2014,0,14.5,0,6.5,0,4.7,0,1.3,987.4,5.0,0,11,0,290,0,15,11.807,0.9,1.3,1.3,1.3,-7.3,665
10-oct-2014,0,14.7,0,3.0,0,-0.8,0,0.3,998.6,3.4,0,10,0,280,0,15,11.380,0.9,1.4,2.0,2.0,-6.3,1038
11-oct-2014,0,14.8,0,1.7,0,-2.2,0,0.1,1004.8,2.1,0,7,0,210,0,10,10.682,0.8,1.2,2.6,2.6,-5.3,925
12-oct-2014,0,14.8,0,0.8,0,-3.3,0,0.0,1006.9,3.2,0,6,0,70,0,11,10.297,0.9,1.3,3.5,3.5,-4.2,1000
13-oct-2014,0,13.7,0,1.3,0,-1.9,0,0.0,1006.8,4.0,0,10,0,70,0,15,10.403,0.9,1.2,4.3,4.3,-3.1,960
14-oct-2014,0,13.2,0,1.3,0,-3.2,0,0.0,1002.9,6.1,0,12,0,90,0,18,10.087,0.8,1.2,5.1,5.1,-2.1,841
15-oct-2014,0,13.4,0,7.8,0,8.0,0,11.3,992.7,9.1,0,16,0,90,0,25,10.927,0.5,0.8,0.0,-5.7,-10.0,179
16-oct-2014,0,17.3,0,7.4,0,3.2,0,9.8,988.7,6.7,0,13,0,160,0,21,11.285,0.9,1.2,0.0,-8.9,-10.0,683
17-oct-2014,0,16.6,0,6.7,0,3.9,0,6.8,988.6,8.5,0,16,0,150,0,25,11.413,0.6,0.8,0.0,-6.2,-10.0,238
18-oct-2014,0,17.0,0,12.4,0,11.4,0,5.7,989.1,11.6,0,17,0,200,0,27,12.538,1.3,1.7,0.0,-4.4,-10.0,630
19-oct-2014,0,15.3,0,10.8,0,11.1,0,4.5,1000.2,11.9,0,20,0,230,0,33,12.852,0.9,1.2,0.0,-3.6,-10.0,671
20-oct-2014,0,14.2,0,10.6,0,9.3,0,11.1,999.4,11.5,0,25,0,220,0,38,12.257,0.7,1.0,0.0,-10.0,-10.0,292
21-oct-2014,0,13.2,0,7.3,0,5.5,0,2.2,1005.9,12.4,0,25,0,290,0,37,11.150,0.8,1.2,0.0,-1.4,-10.0,784
22-oct-2014,0,13.1,0,9.8,0,4.5,0,1.3,1015.9,10.7,0,17,0,240,0,26,10.863,1.1,1.4,0.0,-0.2,-9.7,216
23-oct-2014,0,14.6,0,9.1,0,10.8,0,5.7,1007.7,9.4,0,16,0,230,0,26,12.115,0.6,0.9,0.0,-5.1,-10.0,289
24-oct-2014,0,12.6,0,8.8,0,6.4,0,7.2,1005.6,8.0,0,15,0,230,0,25,10.975,1.0,1.3,0.0,-6.2,-10.0,374
25-oct-2014,0,13.2,0,9.2,0,7.3,0,6.2,1005.5,13.0,0,19,0,230,0,34,10.852,1.0,1.3,0.0,-5.2,-10.0,263
26-oct-2014,0,14.8,0,11.0,0,9.6,0,6.0,1005.2,14.0,0,20,0,220,0,32,11.613,0.8,1.0,0.0,-5.2,-10.0,167
27-oct-2014,0,15.8,0,13.8,0,10.7,0,1.6,1001.6,8.2,0,12,0,190,0,21,12.887,0.7,0.9,0.0,-0.9,-10.0,86
28-oct-2014,0,15.9,0,1.7,0,9.3,0,19.6,1004.2,6.6,0,14,0,190,0,24,12.500,0.4,0.6,0.0,-10.0,-10.0,310
29-oct-2014,0,10.9,0,-0.0,0,-4.2,0,0.7,1008.0,6.2,0,12,0,110,0,18,9.150,0.4,0.5,0.0,-0.3,-9.8,302
30-oct-2014,0,17.1,0,10.9,0,4.6,0,0.2,1002.2,7.3,0,12,0,150,0,22,11.655,0.8,0.9,0.6,0.6,-8.8,185
31-oct-2014,0,16.4,0,9.3,0,12.8,0,11.2,999.1,7.4,0,15,0,160,0,25,12.955,0.5,0.7,0.0,-10.0,-10.0,137
01-nov-2014,0,13.4,0,8.2,0,6.4,0,18.2,996.2,9.6,0,22,0,220,0,34,11.142,0.6,0.8,0.0,-10.0,-10.0,168
02-nov-2014,0,10.9,0,5.2,0,4.4,0,12.4,989.1,7.9,0,15,0,230,0,27,10.040,0.5,0.7,0.0,-10.0,-10.0,427
03-nov-2014,0,10.1,0,3.4,0,2.9,0,10.6,980.8,6.7,0,14,0,180,0,24,8.908,0.5,0.7,0.0,-10.0,-10.0,619
04-nov-2014,0,11.9,0,5.3,0,0.4,0,2.5,993.4,9.2,0,14,0,330,0,22,8.875,0.6,0.8,0.0,-1.9,-10.0,507
05-nov-2014,0,10.0,0,0.0,0,-3.6,0,2.0,1001.0,4.5,0,12,0,170,0,21,7.899,0.4,0.5,0.0,-1.6,-10.0,489
06-nov-2014,0,13.8,0,7.9,0,0.6,0,16.6,987.0,10.0,0,18,0,180,0,31,10.078,0.5,0.7,0.0,-10.0,-10.0,116
07-nov-2014,0,11.6,0,3.7,0,-0.8,0,5.4,983.8,6.5,0,15,0,230,0,25,8.948,0.5,0.6,0.0,-4.9,-10.0,328
08-nov-2014,0,11.4,0,3.8,0,0.6,0,3.9,988.7,4.6,0,11,0,250,0,20,8.483,0.3,0.4,0.0,-3.6,-10.0,498
09-nov-2014,0,11.9,0,4.0,0,1.2,0,0.7,994.2,5.7,0,12,0,310,0,19,8.562,0.4,0.5,0.0,-0.3,-9.8,390
10-nov-2014,0,9.8,0,5.2,0,-0.7,0,3.1,988.3,6.2,0,13,0,130,0,23,8.265,0.3,0.5,0.0,-2.8,-10.0,126
11-nov-2014,0,9.6,0,1.9,0,0.3,0,0.0,982.1,3.4,0,6,0,100,0,8,7.943,0.3,0.4,0.3,0.3,-9.2,200
12-nov-2014,0,9.9,0,4.4,0,-1.9,0,5.0,981.9,5.6,0,12,0,150,0,18,7.825,0.4,0.5,0.0,-4.4,-10.0,187
13-nov-2014,0,10.3,0,4.9,0,3.5,0,19.9,982.9,6.7,0,14,0,160,0,26,7.720,0.5,0.7,0.0,-10.0,-10.0,120
14-nov-2014,0,11.9,0,4.3,0,1.3,0,22.6,982.0,7.9,0,14,0,150,0,22,7.759,0.4,0.5,0.0,-10.0,-10.0,454
15-nov-2014,0,12.9,0,4.6,0,2.7,0,0.4,989.9,6.1,0,11,0,110,0,17,7.596,0.3,0.4,0.0,-0.1,-9.6,507
16-nov-2014,0,11.1,0,2.2,0,-1.5,0,0.3,998.8,4.4,0,7,0,60,0,14,7.496,0.1,0.3,0.0,-0.2,-9.3,433
17-nov-2014,0,10.8,0,0.4,0,-2.1,0,0.2,1003.7,6.2,0,11,0,330,0,20,7.072,0.3,0.4,0.1,0.1,-8.7,263
18-nov-2014,0,11.3,0,3.3,0,-0.1,0,0.2,1003.8,7.4,0,12,0,90,0,19,7.655,0.3,0.4,0.2,0.2,-8.2,389
19-nov-2014,0,12.3,0,2.8,0,5.8,0,1.4,1009.3,8.2,0,15,0,110,0,25,8.090,0.4,0.5,0.0,-0.8,-8.8,331
20-nov-2014,0,7.2,0,-0.6,0,-4.0,0,0.1,1016.0,5.3,0,12,0,80,0,17,6.291,0.1,0.2,0.0,-0.0,-8.4,247
21-nov-2014,0,12.3,0,6.2,0,-0.0,0,8.0,1004.6,8.9,0,15,0,120,0,24,7.923,0.4,0.5,0.0,-7.6,-10.0,59
22-nov-2014,0,10.1,0,-0.6,0,5.2,0,2.6,1005.3,4.7,0,10,0,270,0,14,8.128,0.1,0.2,0.0,-2.5,-10.0,304
23-nov-2014,0,9.1,0,-1.9,0,-7.3,0,0.0,1015.7,2.8,0,7,0,240,0,11,5.141,0.1,0.2,0.1,0.1,-9.4,401
24-nov-2014,0,9.2,0,1.8,0,-4.9,0,0.4,1018.8,3.7,0,10,0,200,0,15,5.343,0.3,0.4,0.0,-0.0,-9.0,156
25-nov-2014,0,9.9,0,1.6,0,2.5,0,1.9,1016.4,3.7,0,9,0,180,0,14,6.864,0.3,0.4,0.0,-1.6,-10.0,164
26-nov-2014,0,7.6,0,-1.3,0,-5.8,0,0.0,1006.1,4.5,0,8,0,100,0,10,5.405,0.0,0.1,0.0,0.0,-9.5,432
27-nov-2014,0,9.0,0,4.3,0,-4.2,0,0.0,994.7,8.6,0,16,0,110,0,21,6.160,0.3,0.4,0.4,0.4,-8.7,282
28-nov-2014,0,11.3,0,4.9,0,2.8,0,0.0,996.8,8.3,0,14,0,80,0,21,6.814,0.4,0.5,0.8,0.8,-7.8,162
29-nov-2014,0,10.4,0,2.8,0,0.1,0,0.5,1005.9,3.2,0,7,0,250,0,10,6.903,0.3,0.3,0.5,0.5,-7.7,105
30-nov-2014,0,11.8,0,0.2,0,-2.5,0,0.1,1011.5,1.8,0,5,0,120,0,6,6.391,0.0,0.1,0.4,0.4,-7.4,351
01-dec-2014,0,9.1,0,1.5,0,-2.1,0,3.2,1013.5,5.9,0,15,0,340,0,23,7.084,0.3,0.4,0.0,-2.5,-9.9,85
02-dec-2014,0,8.3,0,-1.8,0,-5.4,0,0.0,1022.3,3.4,0,10,0,300,0,16,4.848,0.0,0.1,0.0,0.0,-9.4,373
03-dec-2014,0,7.4,0,-0.1,0,-6.4,0,0.0,1022.2,2.5,0,5,0,210,0,7,5.143,0.2,0.3,0.2,0.2,-8.7,143
04-dec-2014,0,7.1,0,4.1,0,2.1,0,1.2,1014.1,4.2,0,16,0,340,0,23,6.146,0.3,0.4,0.0,-0.7,-9.2,149
05-dec-2014,0,8.8,0,1.0,0,-3.5,0,2.2,1020.8,5.4,0,14,0,340,0,21,5.189,0.2,0.3,0.0,-2.0,-10.0,343
06-dec-2014,0,10.5,0,3.7,0,-1.8,0,4.3,1018.3,10.1,0,21,0,240,0,31,6.466,0.3,0.4,0.0,-4.0,-10.0,102
07-dec-2014,0,10.3,0,1.6,0,0.4,0,4.6,1013.0,9.9,0,18,0,280,0,30,6.298,0.2,0.2,0.0,-4.4,-10.0,291
08-dec-2014,0,6.7,0,0.9,0,-2.4,0,2.4,1018.1,5.0,0,9,0,300,0,18,4.358,0.1,0.2,0.0,-2.3,-10.0,292
09-dec-2014,0,11.7,0,4.2,0,-2.7,0,7.7,1012.0,14.9,0,23,0,230,0,36,6.415,0.7,0.9,0.0,-7.0,-10.0,43
10-dec-2014,0,7.3,0,3.6,0,1.6,0,5.9,1006.4,15.7,0,23,0,270,0,46,5.204,0.9,1.1,0.0,-5.0,-10.0,197
11-dec-2014,0,6.6,0,3.1,0,2.3,0,18.3,995.5,11.4,0,24,0,280,0,36,5.095,0.5,0.7,0.0,-10.0,-10.0,73
12-dec-2014,0,5.6,0,-1.8,0,-7.9,0,1.7,996.5,5.9,0,13,0,330,0,20,4.260,0.0,0.0,0.0,-1.7,-10.0,355
13-dec-2014,0,7.8,0,-3.4,0,-8.9,0,2.5,1005.2,5.4,0,13,0,240,0,20,3.040,0.2,0.3,0.0,-2.3,-10.0,148
14-dec-2014,0,9.4,0,5.1,0,-4.1,0,5.4,1000.4,10.5,0,18,0,250,0,33,5.878,0.5,0.6,0.0,-4.9,-10.0,147
15-dec-2014,0,7.5,0,-0.6,0,-2.8,0,0.1,1007.0,3.3,0,8,0,250,0,13,4.678,0.1,0.2,0.0,0.0,-9.5,162
16-dec-2014,0,10.6,0,3.0,0,-6.0,0,7.8,1005.6,8.3,0,18,0,250,0,30,5.123,0.3,0.4,0.0,-7.4,-10.0,74
17-dec-2014,0,11.2,0,10.1,0,3.8,0,7.3,1000.2,12.9,0,19,0,240,0,29,8.483,0.3,0.4,0.0,-7.0,-10.0,54
18-dec-2014,0,12.0,0,5.9,0,10.0,0,12.5,999.9,14.3,0,24,0,230,0,38,9.410,0.6,0.8,0.0,-10.0,-10.0,48
19-dec-2014,0,8.0,0,4.8,0,2.3,0,0.5,1011.2,9.9,0,16,0,270,0,29,6.262,0.7,0.8,0.2,0.2,-9.3,201
20-dec-2014,0,8.6,0,5.4,0,3.3,0,0.7,1021.4,8.8,0,14,0,220,0,24,6.192,0.4,0.5,0.0,-0.1,-9.1,186
21-dec-2014,0,11.9,0,7.8,0,3.0,0,3.8,1014.5,16.1,0,24,0,240,0,36,8.301,0.6,0.8,0.0,-3.2,-10.0,72
22-dec-2014,0,11.7,0,10.6,0,9.8,0,9.3,1006.8,19.1,0,22,0,230,0,34,9.657,0.5,0.8,0.0,-8.8,-10.0,17
23-dec-2014,0,11.6,0,4.3,0,9.8,0,6.1,1004.5,12.8,0,23,0,240,0,37,9.542,0.5,0.7,0.0,-5.6,-10.0,39
24-dec-2014,0,7.6,0,3.0,0,0.8,0,0.1,1014.7,7.6,0,15,0,280,0,25,6.318,0.4,0.4,0.3,0.3,-9.2,295
25-dec-2014,0,7.7,0,-0.2,0,-4.9,0,0.1,1025.2,3.7,0,8,0,260,0,13,4.590,0.1,0.2,0.3,0.3,-8.7,262
26-dec-2014,0,5.9,0,1.8,0,-4.2,0,14.6,1016.9,7.0,0,15,0,350,0,23,4.542,0.3,0.4,0.0,-10.0,-10.0,62
27-dec-2014,0,5.2,0,-0.6,0,-2.0,0,0.7,1015.8,6.5,0,13,0,300,0,21,3.932,0.2,0.3,0.0,-0.5,-10.0,220
28-dec-2014,0,4.8,0,-4.7,0,-8.9,0,0.0,1027.4,2.9,0,7,0,350,0,9,2.281,0.0,0.0,0.0,0.0,-9.5,334
29-dec-2014,0,6.1,0,-3.7,0,-8.9,0,0.0,1033.1,3.9,0,10,0,190,0,18,1.754,0.1,0.2,0.1,0.1,-8.9,286
30-dec-2014,0,9.2,0,1.4,0,-7.4,0,0.0,1025.4,6.9,0,13,0,190,0,22,3.010,0.4,0.4,0.5,0.5,-8.1,232
31-dec-2014,0,12.1,0,8.2,0,-1.6,0,1.1,1015.9,10.6,0,17,0,220,0,28,6.436,0.7,0.9,0.1,0.1,-8.1,122
01-jan-2015,0,13.7,0,6.6,0,6.2,0,10.9,1008.2,14.1,0,24,0,220,0,39,7.947,0.8,1.1,0.0,-9.9,-10.0,31
02-jan-2015,0,8.5,0,3.9,0,1.6,0,1.1,1020.5,9.5,0,20,0,280,0,34,5.708,0.7,0.8,0.0,-0.4,-9.9,292
03-jan-2015,0,5.7,0,-1.9,0,1.3,0,12.3,1018.5,5.3,0,13,0,50,0,20,5.029,0.0,0.0,0.0,-10.0,-10.0,318
04-jan-2015,0,9.4,0,-1.7,0,-7.0,0,0.1,1023.3,4.6,0,12,0,190,0,20,4.730,0.2,0.2,0.1,0.1,-9.4,240
05-jan-2015,0,11.1,0,7.3,0,0.7,0,0.6,1012.3,6.9,0,12,0,160,0,21,7.024,0.5,0.6,0.0,-0.0,-9.1,126
06-jan-2015,0,7.9,0,0.2,0,-5.3,0,6.2,1009.9,6.6,0,19,0,300,0,29,5.609,0.1,0.1,0.0,-6.1,-10.0,279
07-jan-2015,0,12.2,0,6.8,0,-4.9,0,15.6,1004.2,14.2,0,22,0,220,0,36,7.196,0.8,1.0,0.0,-10.0,-10.0,41
08-jan-2015,0,11.4,0,3.4,0,0.7,0,9.8,1010.4,9.9,0,22,0,230,0,40,5.984,0.4,0.5,0.0,-9.4,-10.0,204
09-jan-2015,0,13.3,0,7.7,0,0.7,0,12.1,1005.7,19.0,0,29,0,240,0,49,8.207,0.8,1.1,0.0,-10.0,-10.0,30
10-jan-2015,0,12.4,0,2.5,0,1.0,0,4.8,1006.1,14.7,0,29,0,230,0,49,6.874,0.5,0.6,0.0,-4.3,-10.0,251
11-jan-2015,0,9.1,0,2.8,0,-0.0,0,3.5,1008.6,15.4,0,23,0,220,0,40,5.350,0.9,1.1,0.0,-2.6,-10.0,123
12-jan-2015,0,10.2,0,2.2,0,3.9,0,15.6,995.7,13.6,0,25,0,220,0,45,6.248,0.3,0.4,0.0,-10.0,-10.0,273
13-jan-2015,0,5.1,0,-0.0,0,-0.6,0,5.8,991.6,9.4,0,21,0,220,0,39,3.616,0.5,0.6,0.0,-5.3,-10.0,227
14-jan-2015,0,9.0,0,-0.2,0,-1.0,0,30.2,978.8,12.8,0,29,0,240,0,45,3.246,0.4,0.6,0.0,-10.0,-10.0,79
15-jan-2015,0,7.3,0,1.6,0,-0.1,0,8.5,978.4,17.6,0,31,0,230,0,49,3.908,0.9,1.2,0.0,-7.6,-10.0,92
16-jan-2015,0,5.9,0,0.1,0,-1.3,0,2.1,998.0,6.8,0,19,0,260,0,29,3.094,0.3,0.3,0.0,-1.8,-10.0,395
17-jan-2015,0,4.6,0,-2.4,0,-3.8,0,0.9,1005.9,4.6,0,11,0,260,0,18,2.598,0.2,0.3,0.0,-0.7,-10.0,226
18-jan-2015,0,6.3,0,-4.1,0,-9.4,0,0.1,1013.7,6.0,0,11,0,330,0,18,2.098,0.2,0.3,0.1,0.1,-9.4,425
19-jan-2015,0,2.8,0,-4.7,0,-10.1,0,4.6,1009.4,4.7,0,10,0,150,0,15,1.315,0.3,0.4,0.0,-4.2,-10.0,110
20-jan-2015,0,5.8,0,1.2,0,-3.6,0,2.7,998.6,4.3,0,10,0,320,0,14,3.066,0.1,0.2,0.0,-2.6,-10.0,371
21-jan-2015,0,6.7,0,-2.5,0,-0.4,0,0.6,1004.8,5.4,0,11,0,310,0,16,3.337,0.2,0.3,0.0,-0.4,-9.9,391
22-jan-2015,0,7.1,0,-3.3,0,-8.7,0,0.0,1013.3,3.1,0,7,0,200,0,12,2.743,0.1,0.2,0.1,0.1,-9.3,440
23-jan-2015,0,10.0,0,2.2,0,-1.5,0,3.3,1013.7,9.2,0,16,0,280,0,24,5.132,0.3,0.5,0.0,-2.8,-10.0,106
24-jan-2015,0,7.3,0,0.8,0,-3.9,0,0.0,1021.8,6.0,0,11,0,240,0,17,3.640,0.5,0.7,0.5,0.5,-9.0,251
25-jan-2015,0,10.9,0,5.2,0,-0.2,0,6.2,1019.5,10.6,0,19,0,230,0,30,6.044,0.6,0.7,0.0,-5.1,-10.0,186
26-jan-2015,0,8.3,0,3.8,0,1.3,0,0.0,1021.9,6.7,0,12,0,290,0,17,5.703,0.3,0.5,0.3,0.3,-9.2,352
27-jan-2015,0,8.9,0,5.3,0,0.8,0,2.7,1016.2,8.6,0,15,0,240,0,25,5.719,0.3,0.5,0.0,-2.0,-10.0,157
28-jan-2015,0,9.6,0,1.5,0,0.1,0,6.0,999.1,14.5,0,28,0,270,0,43,5.251,0.4,0.5,0.0,-5.6,-10.0,351
29-jan-2015,0,5.2,0,0.4,0,-0.2,0,14.3,985.3,13.6,0,25,0,300,0,39,2.886,0.5,0.7,0.0,-10.0,-10.0,225
30-jan-2015,0,6.4,0,0.6,0,-0.0,0,5.5,983.0,11.8,0,20,0,310,0,31,3.658,0.5,0.6,0.0,-5.0,-10.0,421
31-jan-2015,0,5.5,0,0.3,0,-0.3,0,5.0,995.6,12.4,0,23,0,320,0,36,2.935,0.6,0.7,0.0,-4.4,-10.0,479
01-feb-2015,0,5.4,0,-2.0,0,-4.4,0,0.0,1005.7,4.3,0,11,0,320,0,15,2.337,0.3,0.5,0.3,0.3,-9.2,530
02-feb-2015,0,5.6,0,-2.5,0,-6.8,0,0.0,1004.9,1.3,0,4,0,50,0,5,2.335,0.2,0.5,0.5,0.5,-8.5,391
03-feb-2015,0,4.6,0,-2.9,0,-2.8,0,3.2,1011.0,6.1,0,13,0,10,0,22,2.956,0.4,0.5,0.0,-2.3,-10.0,358
04-feb-2015,0,5.8,0,-5.4,0,-10.5,0,0.0,1023.0,4.7,0,8,0,340,0,11,1.763,0.3,0.5,0.3,0.3,-9.2,658
05-feb-2015,0,8.4,0,-3.0,0,-8.5,0,0.1,1027.7,3.4,0,8,0,300,0,13,2.478,0.3,0.5,0.6,0.6,-8.5,472
06-feb-2015,0,6.9,0,2.5,0,-2.7,0,0.0,1031.2,3.1,0,5,0,30,0,8,4.028,0.4,0.6,1.0,1.0,-7.6,187
07-feb-2015,0,8.0,0,0.3,0,3.2,0,0.0,1036.2,4.2,0,8,0,10,0,14,4.735,0.4,0.6,1.4,1.4,-6.8,231
08-feb-2015,0,4.5,0,-2.8,0,-5.1,0,0.0,1037.3,2.2,0,6,0,280,0,10,3.605,0.2,0.3,1.7,1.7,-6.2,336
09-feb-2015,0,7.2,0,3.6,0,-2.0,0,0.0,1032.8,2.5,0,5,0,250,0,9,4.960,0.5,0.6,2.1,2.1,-5.5,217
10-feb-2015,0,4.9,0,1.2,0,2.6,0,0.0,1024.6,3.6,0,9,0,90,0,12,4.850,0.4,0.6,2.5,2.5,-4.8,274
11-feb-2015,0,6.9,0,2.8,0,1.3,0,0.0,1016.8,3.2,0,6,0,180,0,9,4.698,0.5,0.6,3.0,3.0,-4.1,161
12-feb-2015,0,8.1,0,3.9,0,2.7,0,0.1,1003.3,7.9,0,19,0,150,0,32,5.247,0.7,0.9,3.6,3.6,-3.3,303
13-feb-2015,0,9.8,0,2.2,0,-0.7,0,3.8,990.4,6.6,0,20,0,150,0,33,5.742,0.6,0.8,0.3,0.3,-6.3,470
14-feb-2015,0,8.4,0,1.2,0,-2.2,0,0.1,1000.0,4.0,0,7,0,140,0,11,5.564,0.5,0.7,0.7,0.7,-5.6,449
15-feb-2015,0,8.0,0,1.7,0,-3.3,0,8.2,1003.2,6.7,0,12,0,190,0,21,5.288,0.4,0.6,0.0,-7.1,-10.0,148
16-feb-2015,0,8.0,0,-0.7,0,-4.9,0,1.0,1014.3,5.9,0,16,0,280,0,28,5.184,0.5,0.8,0.0,-0.5,-10.0,840
17-feb-2015,0,9.5,0,-0.6,0,-7.2,0,0.1,1027.3,8.5,0,16,0,220,0,26,4.580,0.6,0.9,0.5,0.5,-9.0,414
18-feb-2015,0,12.0,0,8.2,0,4.7,0,4.7,1019.7,11.5,0,18,0,200,0,28,7.412,0.8,1.0,0.0,-3.4,-10.0,171
19-feb-2015,0,9.7,0,0.7,0,3.9,0,2.2,1008.5,8.5,0,17,0,240,0,27,6.923,0.4,0.7,0.0,-1.8,-10.0,649
20-feb-2015,0,7.4,0,0.2,0,-5.1,0,3.8,1002.2,5.6,0,14,0,290,0,24,4.627,0.6,0.8,0.0,-3.2,-10.0,491
21-feb-2015,0,7.7,0,0.1,0,-2.8,0,1.7,1001.6,7.0,0,16,0,340,0,22,4.466,0.7,1.0,0.0,-1.0,-10.0,781
22-feb-2015,0,10.2,0,2.4,0,0.2,0,12.7,991.5,12.0,0,26,0,240,0,41,5.543,0.7,1.0,0.0,-10.0,-10.0,262
23-feb-2015,0,7.2,0,1.4,0,-0.0,0,6.6,981.1,16.7,0,27,0,270,0,47,4.073,1.0,1.5,0.0,-5.6,-10.0,405
24-feb-2015,0,7.9,0,2.6,0,-0.1,0,5.2,996.2,10.1,0,19,0,280,0,35,4.819,0.7,1.0,0.0,-4.5,-10.0,548
25-feb-2015,0,11.2,0,7.5,0,3.6,0,4.5,1005.0,12.1,0,18,0,220,0,29,7.532,0.5,0.8,0.0,-4.0,-10.0,248
26-feb-2015,0,11.3,0,1.9,0,2.7,0,5.6,1006.3,11.8,0,21,0,270,0,35,7.206,0.7,1.1,0.0,-4.9,-10.0,929
27-feb-2015,0,8.3,0,0.2,0,-5.0,0,0.4,1007.5,8.6,0,15,0,190,0,25,4.780,0.5,0.8,0.1,0.1,-9.4,433
28-feb-2015,0,11.8,0,4.6,0,3.4,0,4.7,991.7,12.8,0,29,0,220,0,44,6.668,0.8,1.1,0.0,-3.8,-10.0,209
01-mar-2015,0,6.9,0,0.3,0,1.0,0,11.8,991.0,10.2,0,22,0,270,0,39,4.904,0.9,1.2,0.0,-10.0,-10.0,533
02-mar-2015,0,5.9,0,-0.4,0,-1.8,0,6.6,997.8,11.3,0,22,0,270,0,35,3.617,1.0,1.4,0.0,-5.6,-10.0,752
03-mar-2015,0,6.7,0,-0.7,0,-4.4,0,6.9,1010.4,9.0,0,23,0,260,0,41,3.087,0.8,1.1,0.0,-6.1,-10.0,593
04-mar-2015,0,9.2,0,0.8,0,-2.8,0,0.0,1024.2,8.0,0,13,0,250,0,20,3.988,0.9,1.4,0.9,0.9,-8.6,757
05-mar-2015,0,10.7,0,6.5,0,5.5,0,0.1,1027.3,11.5,0,19,0,220,0,28,6.423,1.2,1.6,2.0,2.0,-7.0,416
06-mar-2015,0,12.4,0,7.8,0,6.6,0,0.0,1016.5,12.2,0,20,0,210,0,32,7.362,1.5,2.1,3.5,3.5,-5.1,739
07-mar-2015,0,13.2,0,8.1,0,8.1,0,12.7,1006.1,15.3,0,21,0,210,0,34,8.818,0.8,1.2,0.0,-8.4,-10.0,171
08-mar-2015,0,10.1,0,0.7,0,2.7,0,3.8,1013.1,7.8,0,18,0,260,0,26,7.898,1.0,1.5,0.0,-2.8,-10.0,1137
09-mar-2015,0,11.6,0,2.8,0,-5.7,0,5.6,1010.2,14.4,0,26,0,230,0,44,6.755,1.0,1.6,0.0,-4.6,-10.0,723
10-mar-2015,0,10.5,0,0.2,0,-4.8,0,0.0,1020.8,6.2,0,12,0,150,0,18,6.469,1.2,1.7,1.2,1.2,-8.3,1164
11-mar-2015,0,10.9,0,1.1,0,0.6,0,7.4,1011.3,10.4,0,20,0,150,0,42,7.040,0.8,1.4,0.0,-5.4,-10.0,939
12-mar-2015,0,11.8,0,0.5,0,-5.2,0,13.8,1010.8,9.4,0,17,0,160,0,29,6.485,0.7,1.0,0.0,-10.0,-10.0,269
13-mar-2015,0,10.3,0,-4.1,0,-9.0,0,0.0,1022.9,2.2,0,6,0,290,0,9,5.796,1.1,1.7,1.1,1.1,-8.4,1446
14-mar-2015,0,10.9,0,-3.1,0,-8.6,0,0.0,1028.3,5.9,0,10,0,90,0,15,5.649,1.3,1.9,2.4,2.4,-6.7,1350
15-mar-2015,0,7.2,0,-0.4,0,-3.0,0,0.0,1025.8,5.1,0,11,0,100,0,17,5.454,1.0,1.4,3.3,3.3,-5.4,732
16-mar-2015,0,7.8,0,0.5,0,-2.9,0,0.0,1019.4,5.6,0,8,0,100,0,12,5.380,0.7,1.0,4.1,4.1,-4.4,393
17-mar-2015,0,11.6,0,1.0,0,-0.5,0,0.0,1021.4,4.3,0,9,0,100,0,12,6.996,1.3,1.9,5.3,5.3,-2.8,1287
18-mar-2015,0,13.6,0,-0.9,0,-6.8,0,0.0,1028.6,2.8,0,5,0,110,0,7,7.049,1.4,2.0,6.7,6.7,-1.3,1436
19-mar-2015,0,12.9,0,-1.2,0,-6.2,0,0.0,1030.1,3.4,0,8,0,250,0,11,7.165,1.3,1.8,7.8,7.8,0.0,1257
20-mar-2015,0,12.9,0,5.7,0,-1.1,0,0.0,1026.3,6.2,0,13,0,350,0,19,9.028,1.2,1.8,9.0,9.0,1.3,1015
21-mar-2015,0,12.2,0,0.5,0,2.8,0,0.0,1025.8,3.8,0,7,0,70,0,12,9.423,1.4,2.0,10.2,10.2,2.6,1381
22-mar-2015,0,10.9,0,-1.9,0,-6.1,0,0.1,1018.3,7.6,0,17,0,240,0,25,7.394,1.1,1.7,11.2,11.2,3.7,1086
23-mar-2015,0,10.8,0,1.8,0,1.9,0,2.3,1012.3,7.9,0,16,0,310,0,28,8.225,1.2,1.9,10.0,10.0,2.6,1289
24-mar-2015,0,9.9,0,0.1,0,-4.3,0,2.7,1010.9,7.7,0,18,0,310,0,28,6.682,1.4,2.1,8.6,8.6,1.3,1343
25-mar-2015,0,9.2,0,-3.1,0,-7.5,0,9.8,1001.9,7.0,0,15,0,150,0,27,5.176,0.5,0.8,0.0,-0.7,-7.9,510
26-mar-2015,0,10.9,0,1.5,0,3.5,0,0.5,1002.5,10.0,0,20,0,310,0,30,7.760,1.2,2.0,0.7,0.7,-6.8,1375
27-mar-2015,0,12.7,0,3.6,0,-3.4,0,3.1,1008.3,4.9,0,11,0,190,0,18,8.327,1.3,1.8,0.0,-1.1,-8.3,984
28-mar-2015,0,11.5,0,7.8,0,8.3,0,8.4,999.5,16.8,0,25,0,240,0,39,9.702,1.1,1.8,0.0,-7.3,-10.0,669
29-mar-2015,0,9.9,0,4.4,0,5.2,0,17.0,993.7,10.4,0,21,0,260,0,36,7.988,1.0,1.5,0.0,-10.0,-10.0,794
30-mar-2015,0,10.7,0,4.1,0,0.6,0,15.3,997.2,13.4,0,28,0,240,0,44,7.192,0.9,1.3,0.0,-10.0,-10.0,243
31-mar-2015,0,9.4,0,3.3,0,3.0,0,2.0,1007.6,15.2,0,26,0,280,0,40,7.466,1.6,2.6,0.0,-0.4,-9.9,1236
01-apr-2015,0,10.1,0,2.3,0,-1.0,0,1.4,1017.8,10.3,0,19,0,240,0,28,6.836,0.7,1.2,0.0,-0.7,-10.0,548
02-apr-2015,0,11.5,0,9.2,0,8.6,0,11.0,1012.4,8.6,0,14,0,230,0,20,9.497,0.8,1.2,0.0,-10.0,-10.0,514
03-apr-2015,0,11.9,0,4.7,0,6.6,0,4.6,1015.9,11.7,0,19,0,320,0,28,9.455,1.2,1.9,0.0,-3.4,-10.0,1011
04-apr-2015,0,16.0,0,2.5,0,-1.2,0,0.1,1022.0,2.7,0,7,0,340,0,9,9.798,1.4,2.0,1.3,1.3,-8.2,1000
05-apr-2015,0,15.9,0,2.3,0,-1.2,0,0.0,1023.2,4.0,0,9,0,120,0,13,10.390,1.7,2.3,3.0,3.0,-6.1,1268
06-apr-2015,0,17.0,0,1.0,0,-3.1,0,0.0,1028.8,2.9,0,7,0,320,0,11,10.878,2.2,3.2,5.2,5.2,-3.5,1953
07-apr-2015,0,16.7,0,1.7,0,-2.3,0,0.0,1030.8,3.2,0,8,0,260,0,13,11.200,2.3,3.2,7.4,7.4,-1.1,2030
08-apr-2015,0,17.7,0,2.0,0,-1.4,0,0.0,1025.3,4.3,0,11,0,190,0,17,11.235,2.5,3.5,9.7,9.7,1.5,2030
09-apr-2015,0,18.2,0,1.4,0,-3.1,0,0.0,1017.7,4.0,0,9,0,210,0,14,10.913,2.6,3.5,12.0,12.0,4.0,1923
10-apr-2015,0,17.0,0,1.6,0,-3.6,0,5.9,1006.6,7.3,0,16,0,290,0,26,10.485,2.5,3.5,8.3,8.3,0.6,1775
11-apr-2015,0,9.4,0,2.7,0,0.4,0,4.6,1009.2,10.8,0,19,0,240,0,34,8.745,1.9,2.9,5.4,5.4,-2.1,1606
12-apr-2015,0,10.5,0,0.4,0,2.6,0,16.9,1014.4,6.7,0,14,0,350,0,22,8.616,1.6,2.4,0.0,-10.0,-10.0,1413
13-apr-2015,0,14.7,0,0.5,0,-3.5,0,1.9,1019.8,10.2,0,19,0,230,0,29,9.106,1.4,2.0,0.0,-0.5,-10.0,771
14-apr-2015,0,14.0,0,8.5,0,9.1,0,0.0,1015.3,11.6,0,16,0,240,0,26,10.905,1.9,2.9,1.9,1.9,-7.6,1191
15-apr-2015,0,13.0,0,5.0,0,6.8,0,3.4,1012.7,5.6,0,10,0,250,0,15,11.257,1.8,2.6,0.3,0.3,-8.8,1379
16-apr-2015,0,15.6,0,3.3,0,1.6,0,0.0,1011.5,5.0,0,8,0,70,0,13,11.835,2.7,3.7,3.0,3.0,-5.7,2120
17-apr-2015,0,14.7,0,1.7,0,-1.1,0,0.0,1016.4,6.5,0,12,0,60,0,18,11.265,2.3,3.4,5.2,5.2,-3.1,1955
18-apr-2015,0,15.3,0,3.8,0,1.7,0,0.0,1022.3,9.8,0,17,0,80,0,23,11.452,3.1,4.6,8.2,8.2,0.2,2280
19-apr-2015,0,14.4,0,2.0,0,-1.5,0,0.0,1022.0,7.3,0,13,0,80,0,19,11.057,2.4,3.6,10.4,10.4,2.6,2087
20-apr-2015,0,15.6,0,2.6,0,-2.0,0,0.0,1025.7,3.4,0,7,0,140,0,14,12.097,2.4,3.4,12.6,12.6,5.0,1940
21-apr-2015,0,17.8,0,0.7,0,-1.8,0,0.0,1030.7,5.0,0,10,0,70,0,16,12.462,2.9,4.0,15.1,15.1,7.9,2291
22-apr-2015,0,19.1,0,3.6,0,-0.3,0,0.0,1024.9,7.1,0,12,0,90,0,19,12.818,3.1,4.3,17.8,17.8,10.9,2161
23-apr-2015,0,18.9,0,2.0,0,-2.1,0,0.0,1013.7,4.9,0,8,0,80,0,13,13.677,2.9,4.1,20.2,20.2,13.8,2250
24-apr-2015,0,14.9,0,5.9,0,0.0,0,5.5,1002.1,6.4,0,13,0,250,0,19,12.583,1.5,2.2,16.0,16.0,9.8,1028
25-apr-2015,0,11.5,0,2.5,0,6.6,0,2.9,1001.7,7.7,0,14,0,20,0,21,11.667,1.5,2.3,14.4,14.4,8.4,1293
26-apr-2015,0,10.7,0,-1.8,0,-5.3,0,0.0,1008.7,5.5,0,14,0,290,0,24,9.560,2.0,2.9,16.1,16.1,10.4,1780
27-apr-2015,0,8.8,0,-1.3,0,-5.4,0,2.3,1007.6,8.0,0,20,0,290,0,31,8.650,1.6,2.6,15.2,15.2,9.8,1682
28-apr-2015,0,9.3,0,1.4,0,-1.5,0,12.1,1006.7,8.4,0,20,0,220,0,32,7.884,1.4,2.2,4.4,4.4,-0.9,1070
29-apr-2015,0,10.6,0,2.2,0,-1.2,0,2.2,1004.6,10.1,0,22,0,260,0,33,8.622,2.0,3.3,4.1,4.1,-1.1,1941
30-apr-2015,0,14.3,0,0.3,0,-4.2,0,0.0,1007.3,4.6,0,8,0,50,0,19,9.986,2.4,3.4,6.4,6.4,1.4,1915
01-may-2015,0,12.7,0,2.7,0,0.2,0,0.7,1004.4,9.6,0,15,0,110,0,22,9.455,2.0,3.0,7.6,7.6,2.7,1257
02-may-2015,0,11.8,0,5.3,0,4.3,0,19.0,994.9,11.4,0,18,0,80,0,26,9.340,0.9,1.5,0.0,-10.0,-10.0,603
03-may-2015,0,15.7,0,8.9,0,7.4,0,11.2,986.7,8.6,0,18,0,230,0,27,12.010,1.9,2.8,0.0,-9.3,-10.0,1202
04-may-2015,0,13.4,0,6.3,0,3.6,0,4.4,988.8,7.2,0,14,0,250,0,23,11.118,1.8,2.6,0.0,-2.6,-10.0,1189
05-may-2015,0,11.3,0,6.3,0,6.7,0,17.9,983.1,9.3,0,20,0,240,0,30,11.025,2.2,3.4,0.0,-10.0,-10.0,1757
06-may-2015,0,13.0,0,6.8,0,4.6,0,4.3,995.2,10.2,0,21,0,300,0,29,10.778,1.8,2.8,0.0,-2.5,-10.0,1228
07-may-2015,0,14.2,0,3.3,0,0.0,0,0.1,1008.8,3.0,0,8,0,150,0,12,13.045,2.8,3.9,2.7,2.7,-6.8,2328
08-may-2015,0,8.8,0,3.7,0,1.5,0,7.7,1004.9,5.7,0,14,0,40,0,22,10.185,0.9,1.3,0.0,-4.1,-10.0,530
09-may-2015,0,14.6,0,5.9,0,5.0,0,1.3,1008.0,4.6,0,12,0,150,0,20,11.927,2.1,2.9,0.8,0.8,-8.7,1422
10-may-2015,0,14.7,0,11.0,0,9.8,0,7.6,1005.2,10.8,0,16,0,190,0,25,12.555,1.5,2.1,0.0,-5.4,-10.0,710
11-may-2015,0,14.2,0,7.9,0,7.2,0,7.2,1003.3,14.9,0,23,0,220,0,43,11.940,2.7,4.3,0.0,-4.5,-10.0,1929
12-may-2015,0,13.2,0,2.9,0,5.0,0,2.0,1011.2,11.5,0,21,0,250,0,37,11.380,2.1,3.4,0.1,0.1,-9.4,1814
13-may-2015,0,16.5,0,1.8,0,-0.6,0,0.0,1010.1,7.0,0,14,0,100,0,21,12.392,3.1,4.6,3.2,3.2,-5.8,2507
14-may-2015,0,13.1,0,6.2,0,7.5,0,2.6,1006.1,9.5,0,17,0,80,0,25,11.923,1.7,2.4,2.2,2.2,-6.4,887
15-may-2015,0,12.9,0,8.1,0,2.7,0,5.0,1014.5,8.2,0,16,0,220,0,25,11.517,0.9,1.4,0.0,-1.8,-10.0,485
16-may-2015,0,12.1,0,6.9,0,3.8,0,0.2,1020.1,10.7,0,16,0,250,0,28,11.185,2.5,3.9,2.3,2.3,-7.2,1810
17-may-2015,0,11.5,0,7.8,0,6.9,0,7.1,1013.1,10.6,0,16,0,250,0,25,11.285,1.5,2.4,0.0,-3.3,-10.0,1043
18-may-2015,0,11.3,0,6.0,0,5.5,0,7.4,1000.2,10.5,0,19,0,280,0,30,10.903,2.1,3.4,0.0,-5.3,-10.0,1807
19-may-2015,0,12.7,0,4.9,0,2.8,0,3.4,1004.9,10.7,0,21,0,300,0,33,11.227,2.6,4.2,0.0,-0.8,-10.0,2151
20-may-2015,0,13.4,0,3.0,0,1.4,0,0.0,1015.3,7.5,0,15,0,220,0,23,11.667,2.2,3.4,2.2,2.2,-7.3,1880
21-may-2015,0,12.9,0,8.7,0,5.0,0,0.7,1020.4,8.9,0,14,0,230,0,21,12.202,1.6,2.4,3.1,3.1,-6.0,1078
22-may-2015,0,16.3,0,8.1,0,11.1,0,0.3,1022.2,8.1,0,12,0,230,0,19,13.972,2.1,3.1,4.9,4.9,-3.9,1524
23-may-2015,0,16.5,0,5.3,0,3.6,0,1.4,1020.0,6.6,0,13,0,230,0,19,14.417,2.1,3.2,5.5,5.5,-2.9,1653
24-may-2015,0,15.0,0,8.6,0,9.5,0,0.2,1016.9,7.4,0,12,0,310,0,18,15.275,2.7,4.1,7.9,7.9,-0.3,2117
25-may-2015,0,16.4,0,8.9,0,9.6,0,0.0,1018.3,7.8,0,12,0,320,0,17,15.227,2.6,3.7,10.3,10.3,2.3,1753
26-may-2015,0,15.8,0,8.7,0,10.5,0,0.0,1023.0,6.5,0,12,0,320,0,18,16.870,3.4,4.9,13.4,13.4,5.8,2607
27-may-2015,0,13.8,0,7.2,0,9.0,0,6.1,1017.2,8.4,0,16,0,240,0,30,13.693,1.6,2.4,8.7,8.7,1.3,1030
28-may-2015,0,13.6,0,6.0,0,4.2,0,4.1,1007.5,8.8,0,16,0,280,0,25,12.800,2.8,4.1,7.2,7.2,-0.0,1999
29-may-2015,0,13.8,0,3.4,0,7.1,0,3.5,1005.2,8.4,0,17,0,320,0,25,13.962,3.0,4.7,6.5,6.5,-0.5,2640
30-may-2015,0,13.6,0,2.0,0,1.2,0,10.4,1001.7,6.4,0,15,0,210,0,23,12.260,1.3,2.0,0.0,-2.7,-9.6,1020
31-may-2015,0,12.0,0,5.4,0,6.1,0,2.2,1000.8,10.3,0,18,0,250,0,30,12.432,2.4,4.0,0.2,0.2,-8.9,2118
01-jun-2015,0,10.7,0,5.6,0,4.0,0,9.2,994.4,11.5,0,20,0,200,0,33,10.575,1.1,1.8,0.0,-7.9,-10.0,726
02-jun-2015,0,13.4,0,7.2,0,6.0,0,1.8,996.9,11.4,0,21,0,250,0,35,11.750,2.7,4.3,0.9,0.9,-8.6,2177
03-jun-2015,0,15.5,0,6.8,0,4.3,0,0.0,1012.5,6.3,0,11,0,250,0,17,13.488,3.3,4.8,4.1,4.1,-4.9,2555
04-jun-2015,0,16.4,0,8.9,0,8.9,0,1.8,1012.9,5.5,0,11,0,190,0,18,13.785,2.3,3.0,4.5,4.5,-4.2,1158
05-jun-2015,0,13.6,0,7.8,0,8.6,0,7.4,1006.5,13.5,0,22,0,240,0,38,13.302,2.7,4.6,0.0,-0.3,-8.7,2272
06-jun-2015,0,14.4,0,7.0,0,6.6,0,3.7,1016.7,13.3,0,22,0,230,0,35,12.847,2.8,4.5,0.0,-0.9,-9.2,2148
07-jun-2015,0,15.2,0,2.8,0,1.7,0,0.0,1029.7,5.3,0,13,0,320,0,17,13.382,2.8,4.0,2.8,2.8,-5.9,2196
08-jun-2015,0,16.1,0,2.8,0,2.2,0,0.0,1033.6,5.6,0,10,0,340,0,14,13.960,3.1,4.3,5.8,5.8,-2.6,2289
09-jun-2015,0,18.6,0,2.4,0,2.3,0,0.0,1031.5,4.2,0,8,0,330,0,14,15.668,3.8,5.2,9.4,9.4,1.3,2936
10-jun-2015,0,19.8,0,4.8,0,4.4,0,0.0,1025.5,4.7,0,8,0,40,0,13,16.395,3.4,4.7,12.5,12.5,4.8,2405
11-jun-2015,0,19.2,0,5.8,0,4.8,0,0.0,1016.0,5.9,0,11,0,90,0,16,16.290,3.3,4.5,15.4,15.4,8.0,2128
12-jun-2015,0,17.1,0,10.9,0,12.7,0,0.0,1008.7,6.4,0,10,0,350,0,15,15.945,2.1,2.8,17.2,17.2,10.1,1017
13-jun-2015,0,14.9,0,5.4,0,10.9,0,0.0,1009.2,7.1,0,12,0,350,0,20,15.142,2.2,3.2,19.0,19.0,12.3,1490
14-jun-2015,0,16.7,0,4.4,0,3.8,0,0.0,1013.3,5.2,0,9,0,10,0,16,15.653,3.4,4.8,21.8,21.8,15.6,2529
15-jun-2015,0,17.6,0,7.1,0,6.8,0,0.0,1016.8,4.8,0,10,0,260,0,17,16.985,3.3,4.6,24.5,24.5,18.8,2381
16-jun-2015,0,17.5,0,11.7,0,11.0,0,2.1,1018.2,7.2,0,13,0,240,0,20,15.948,1.5,2.0,23.6,23.6,18.0,650
17-jun-2015,0,16.3,0,9.1,0,13.7,0,2.8,1018.2,8.7,0,15,0,250,0,23,15.658,1.6,2.4,22.1,22.1,16.7,939
18-jun-2015,0,15.0,0,5.1,0,4.4,0,0.0,1020.6,7.6,0,17,0,240,0,23,15.535,3.1,4.8,24.6,24.6,19.6,2702
19-jun-2015,0,15.6,0,6.9,0,5.1,0,0.1,1019.8,7.0,0,12,0,250,0,19,14.887,1.6,2.4,25.7,25.7,21.0,1177
20-jun-2015,0,15.7,0,11.1,0,13.8,0,1.4,1016.0,9.2,0,15,0,250,0,22,15.792,2.2,3.5,26.0,26.0,21.6,1658
21-jun-2015,0,14.0,0,9.1,0,9.9,0,0.5,1011.5,8.5,0,15,0,250,0,24,14.830,2.3,3.4,27.3,27.3,23.1,1505
22-jun-2015,0,17.0,0,7.4,0,6.0,0,0.5, ,6.8,0,12,0,310,0,17,15.548,3.1,4.4,29.1,29.1,25.3,2158
23-jun-2015,0,19.6,0,4.7,0,0.7,0,0.0, ,3.5,0,8,0,250,0,14,16.425,3.3,4.5,31.6,31.6,28.1,2330
24-jun-2015,0,17.7,0,12.7,0,12.8,0,1.3,1012.7,4.5,0,9,0,210,0,15,17.298,2.5,3.4,32.1,32.1,28.9,1524
25-jun-2015,0,18.4,0,12.1,0,11.3,0,2.2,1009.1,6.8,0,13,0,180,0,25,16.257,1.7,2.3,31.1,31.1,28.1,711
26-jun-2015,0,17.3,0,12.7,0,13.8,0,0.9,1006.8,9.5,0,15,0,250,0,24,17.038,3.3,5.0,32.5,32.5,29.9,2488
27-jun-2015,0,18.1,0,12.4,0,11.5,0,3.4,1007.6,8.2,0,13,0,200,0,22,16.270,1.9,2.6,30.5,30.5,28.0,1000
28-jun-2015,0,17.1,0,13.1,0,12.4,0,5.4,1008.3,12.0,0,19,0,240,0,28,16.620,3.4,5.3,27.5,27.5,25.4,2437
29-jun-2015,0,19.4,0,12.5,0,12.2,0,0.4,1010.5,7.7,0,14,0,160,0,21,16.648,2.3,3.2,28.9,28.9,27.0,1255
30-jun-2015,0,22.8,0,11.7,0,13.7,0,0.0,1006.7,7.2,0,13,0,150,0,21,17.507,2.8,3.7,30.9,30.9,29.3,1432
01-jul-2015,0,19.8,0,11.7,0,8.0,0,2.5,1004.5,3.0,0,9,0,240,0,14,17.840,2.2,2.9,30.0,30.0,28.6,1268
02-jul-2015,0,18.5,0,11.4,0,8.9,0,8.8,1010.6,4.2,0,9,0,220,0,16,17.382,2.4,3.2,23.0,23.0,21.7,1459
03-jul-2015,0,21.3,0,11.8,0,9.4,0,0.1,1010.1,9.0,0,16,0,150,0,25,17.280,3.5,4.9,25.6,25.6,24.7,2051
04-jul-2015,0,18.6,0,10.7,0,13.8,0,1.4,1005.2,8.4,0,16,0,230,0,24,16.958,2.4,3.5,26.1,26.1,25.4,1511
05-jul-2015,0,17.8,0,8.8,0,5.5,0,0.0,1008.0,6.0,0,12,0,240,0,19,16.800,3.3,4.6,28.6,28.6,28.2,2378
06-jul-2015,0,20.7,0,9.1,0,4.5,0,9.8,1003.2,7.6,0,15,0,220,0,24,16.290,1.7,2.5,20.1,20.1,19.8,1060
07-jul-2015,0,14.5,0,12.5,0,11.7,0,9.7,999.6,11.3,0,19,0,240,0,29,15.360,1.3,2.1,11.5,11.5,11.3,757
08-jul-2015,0,16.6,0,8.1,0,11.8,0,0.0,1010.2,9.3,0,17,0,320,0,22,15.450,2.4,3.6,13.6,13.6,13.7,1641
09-jul-2015,0,17.2,0,8.6,0,4.5,0,2.1,1015.7,5.1,0,9,0,200,0,14,15.722,1.6,2.2,12.9,12.9,13.1,1019
10-jul-2015,0,19.2,0,12.4,0,11.9,0,2.5,1009.2,8.1,0,14,0,190,0,23,16.237,2.1,2.8,12.2,12.2,12.6,1034
11-jul-2015,0,15.3,0,12.5,0,11.1,0,11.2,1006.4,10.2,0,16,0,230,0,25,15.035,1.0,1.5,1.9,1.9,2.4,484
12-jul-2015,0,16.2,0,11.8,0,11.3,0,1.4,1008.1,6.1,0,12,0,230,0,22,15.615,2.1,2.9,2.6,2.6,3.0,1310
13-jul-2015,0,17.7,0,11.1,0,13.0,0,9.3,1007.3,6.9,0,12,0,320,0,20,16.333,2.1,2.9,0.0,-4.7,-4.2,1245
14-jul-2015,0,17.7,0,10.3,0,10.0,0,2.6,1013.9,4.2,0,8,0,10,0,13,16.897,3.0,4.1,0.4,0.4,-3.5,1953
15-jul-2015,0,19.3,0,8.5,0,7.0,0,0.0,1015.7,3.3,0,7,0,270,0,11,17.555,3.6,4.8,4.0,4.0,0.2,2444
16-jul-2015,0,17.3,0,11.4,0,9.5,0,4.4,1003.7,9.0,0,18,0,150,0,27,16.110,1.5,2.1,1.1,1.1,-2.6,665
17-jul-2015,0,15.6,0,11.6,0,11.2,0,2.7,1000.1,14.8,0,21,0,250,0,36,15.512,2.6,4.4,1.0,1.0,-2.6,2057
18-jul-2015,0,15.8,0,9.3,0,10.2,0,20.8,1004.4,9.0,0,16,0,230,0,25,14.083,1.2,1.6,0.0,-10.0,-10.0,456
19-jul-2015,0,16.2,0,8.8,0,6.1,0,1.4,1004.0,5.7,0,11,0,250,0,17,14.325,2.2,3.1,0.8,0.8,-8.7,1418
20-jul-2015,0,18.3,0,11.0,0,10.7,0,7.6,999.0,10.9,0,18,0,240,0,30,15.703,2.3,3.5,0.0,-4.5,-10.0,1551
21-jul-2015,0,15.8,0,11.7,0,12.3,0,3.0,1003.0,7.4,0,17,0,310,0,25,15.360,1.9,2.7,0.0,-1.1,-10.0,1124
22-jul-2015,0,16.3,0,10.3,0,9.5,0,1.1,1009.6,7.0,0,14,0,240,0,21,15.650,3.2,4.6,2.1,2.1,-7.4,2287
23-jul-2015,0,16.7,0,8.3,0,5.6,0,0.0,1010.7,5.9,0,12,0,230,0,19,16.312,3.3,4.6,5.3,5.3,-3.7,2445
24-jul-2015,0,16.8,0,4.4,0,0.0,0,0.3,1010.5,6.1,0,14,0,320,0,19,15.548,2.5,3.6,7.4,7.4,-1.3,1797
25-jul-2015,0,16.8,0,4.6,0,-0.3,0,0.4,1007.8,3.8,0,9,0,130,0,14,15.775,2.6,3.5,9.4,9.4,0.9,1843
26-jul-2015,0,16.9,0,11.2,0,10.2,0,21.3,995.0,8.7,0,12,0,110,0,21,15.583,1.7,2.4,0.0,-10.0,-10.0,930
27-jul-2015,0,16.6,0,11.6,0,11.8,0,3.2,995.8,10.6,0,21,0,280,0,30,15.100,1.8,2.4,0.0,-1.4,-10.0,741
28-jul-2015,0,15.7,0,9.0,0,8.6,0,1.2,1004.7,7.9,0,14,0,280,0,23,14.852,2.6,3.9,1.4,1.4,-8.1,1894
29-jul-2015,0,16.8,0,7.6,0,3.3,0,0.3,1012.1,8.1,0,16,0,320,0,23,15.137,3.0,4.4,4.1,4.1,-5.0,2208
30-jul-2015,0,16.2,0,7.3,0,2.5,0,0.3,1015.7,6.3,0,12,0,230,0,19,15.462,2.5,3.6,6.2,6.2,-2.5,1844
31-jul-2015,0,14.9,0,9.4,0,9.9,0,8.8,1010.5,7.8,0,14,0,210,0,21,14.725,1.7,2.5,0.0,-1.0,-9.5,1113
01-aug-2015,0,16.5,0,7.8,0,5.9,0,0.7,1007.4,7.7,0,16,0,250,0,26,14.837,2.8,4.1,2.1,2.1,-7.0,2127
02-aug-2015,0,17.8,0,11.3,0,10.7,0,6.9,999.3,9.2,0,19,0,150,0,29,14.927,1.4,1.9,0.0,-3.4,-10.0,621
03-aug-2015,0,17.9,0,11.7,0,11.3,0,15.9,993.5,13.7,0,21,0,200,0,33,15.193,2.8,4.3,0.0,-10.0,-10.0,1739
04-aug-2015,0,16.5,0,11.8,0,11.1,0,6.3,996.9,14.5,0,20,0,240,0,34,14.888,2.3,3.8,0.0,-4.0,-10.0,1603
05-aug-2015,0,17.3,0,8.1,0,10.2,0,14.2,999.0,5.9,0,13,0,310,0,17,14.778,1.1,1.6,0.0,-10.0,-10.0,666
06-aug-2015,0,16.8,0,7.0,0,2.4,0,0.0,1007.0,4.5,0,11,0,280,0,17,15.427,2.8,3.9,2.8,2.8,-6.7,2149
07-aug-2015,0,17.5,0,5.5,0,1.9,0,0.0,1015.0,4.1,0,11,0,250,0,16,15.827,3.2,4.5,5.9,5.9,-3.2,2597
08-aug-2015,0,16.2,0,7.4,0,3.9,0,8.2,1014.8,8.4,0,14,0,200,0,23,14.415,1.4,2.1,0.0,-1.0,-9.8,964
09-aug-2015,0,16.9,0,13.3,0,13.1,0,2.6,1009.3,7.8,0,12,0,220,0,19,15.403,1.7,2.3,0.0,-0.9,-10.0,906
10-aug-2015,0,16.2,0,11.3,0,11.6,0,5.3,1009.0,8.3,0,15,0,230,0,29,15.740,2.4,3.6,0.0,-2.9,-10.0,1775
11-aug-2015,0,16.2,0,9.4,0,7.2,0,0.1,1016.8,4.4,0,10,0,270,0,15,15.380,2.0,2.8,1.9,1.9,-7.6,1274
12-aug-2015,0,16.9,0,6.5,0,10.9,0,0.0,1019.8,3.2,0,6,0,200,0,9,15.637,2.0,2.6,3.9,3.9,-5.2,1245
13-aug-2015,0,18.0,0,4.9,0,3.1,0,0.1,1013.6,3.6,0,10,0,240,0,15,15.958,2.9,4.0,6.6,6.6,-2.2,2393
14-aug-2015,0,16.1,0,9.7,0,9.8,0,1.5,1007.3,6.1,0,14,0,280,0,20,15.960,2.1,3.0,7.1,7.1,-1.4,1448
15-aug-2015,0,16.1,0,9.1,0,6.8,0,0.0,1008.2,6.0,0,12,0,250,0,20,15.198,2.5,3.4,9.4,9.4,1.1,1694
16-aug-2015,0,17.5,0,9.4,0,6.2,0,1.8,1010.8,4.0,0,8,0,170,0,13,15.642,1.8,2.5,9.2,9.2,1.1,1173
17-aug-2015,0,20.6,0,12.2,0,11.2,0,1.3,1013.1,3.2,0,9,0,210,0,14,17.147,2.0,2.7,9.8,9.8,1.9,1151
18-aug-2015,0,19.6,0,7.4,0,5.2,0,0.1,1009.2,3.7,0,9,0,220,0,14,16.670,2.3,3.1,11.8,11.8,4.1,1579
19-aug-2015,0,16.8,0,12.6,0,12.3,0,4.1,1004.5,7.1,0,12,0,250,0,21,16.760,1.5,2.1,9.0,9.0,1.4,960
20-aug-2015,0,20.9,0,12.9,0,11.6,0,1.1,1005.1,8.1,0,14,0,220,0,24,16.730,2.0,2.8,9.7,9.7,2.3,1152
21-aug-2015,0,17.8,0,12.0,0,12.6,0,2.9,1006.0,8.1,0,14,0,220,0,22,16.392,1.9,2.8,8.6,8.6,1.4,1242
22-aug-2015,0,18.2,0,10.3,0,8.2,0,7.2,1004.6,3.9,0,7,0,260,0,13,16.347,2.0,2.7,3.2,3.2,-3.8,1288
23-aug-2015,0,15.9,0,11.7,0,11.9,0,9.6,997.5,6.6,0,11,0,290,0,15,15.600,1.3,1.8,0.0,-5.0,-10.0,694
24-aug-2015,0,15.6,0,9.9,0,8.9,0,0.1,996.9,6.9,0,13,0,240,0,22,15.215,2.5,3.6,2.4,2.4,-7.1,1853
25-aug-2015,0,16.3,0,6.6,0,1.9,0,6.3,995.1,6.1,0,16,0,230,0,24,14.113,1.2,1.6,0.0,-2.8,-10.0,693
26-aug-2015,0,17.2,0,10.2,0,5.0,0,3.8,990.8,7.9,0,17,0,250,0,29,14.592,2.0,2.8,0.0,-1.8,-10.0,1268
27-aug-2015,0,16.3,0,10.0,0,9.0,0,5.0,996.9,8.9,0,16,0,230,0,25,14.435,2.0,3.1,0.0,-3.0,-10.0,1593
28-aug-2015,0,16.8,0,10.1,0,8.3,0,6.3,1004.0,9.7,0,17,0,220,0,29,14.385,1.8,2.6,0.0,-4.5,-10.0,1159
29-aug-2015,0,17.1,0,11.8,0,10.3,0,2.6,1010.2,6.8,0,11,0,230,0,20,15.132,2.1,3.0,0.0,-0.5,-10.0,1475
30-aug-2015,0,16.5,0,10.8,0,7.0,0,0.0,1014.2,3.4,0,8,0,220,0,12,15.247,1.5,2.0,1.5,1.5,-8.0,830
31-aug-2015,0,17.4,0,8.1,0,8.5,0,0.6,1015.9,4.3,0,12,0,330,0,15,15.660,1.9,2.6,2.8,2.8,-6.2,1347
01-sep-2015,0,15.9,0,7.7,0,5.4,0,0.5,1019.0,7.4,0,14,0,330,0,22,14.425,2.1,3.0,4.3,4.3,-4.3,1540
02-sep-2015,0,15.1,0,6.3,0,3.2,0,0.3,1018.7,6.5,0,14,0,300,0,22,13.830,1.5,2.2,5.5,5.5,-2.9,1088
03-sep-2015,0,14.5,0,8.9,0,8.4,0,0.1,1018.0,8.0,0,15,0,340,0,23,13.807,1.5,2.1,6.8,6.8,-1.4,946
04-sep-2015,0,16.7,0,10.2,0,9.0,0,0.3,1019.5,8.7,0,13,0,330,0,20,14.382,1.7,2.4,8.2,8.2,0.2,1012
05-sep-2015,0,16.3,0,6.6,0,5.6,0,0.0,1023.2,6.1,0,10,0,20,0,16,14.733,2.0,2.9,10.1,10.1,2.2,1554
06-sep-2015,0,14.5,0,4.1,0,0.9,0,0.0,1027.1,2.4,0,6,0,340,0,8,13.650,1.0,1.3,11.0,11.0,3.2,570
07-sep-2015,0,14.1,0,10.0,0,9.9,0,0.0,1026.8,3.1,0,7,0,100,0,10,14.535,1.4,1.8,12.2,12.2,4.6,762
08-sep-2015,0,20.2,0,10.6,0,10.4,0,0.0,1020.8,6.3,0,13,0,140,0,19,15.592,2.7,3.7,14.6,14.6,7.3,1883
09-sep-2015,0,17.6,0,11.2,0,7.3,0,0.0,1014.4,8.6,0,13,0,120,0,21,15.085,1.8,2.5,16.2,16.2,9.1,1034
10-sep-2015,0,19.6,0,10.0,0,7.6,0,0.3,1009.8,8.7,0,13,0,130,0,23,14.995,2.1,2.9,17.7,17.7,10.9,1300
11-sep-2015,0,15.6,0,12.1,0,13.0,0,35.5,1000.2,8.2,0,19,0,280,0,27,14.983,0.7,1.0,0.0,-10.0,-10.0,298
12-sep-2015,0,14.9,0,8.9,0,7.4,0,1.3,997.2,7.9,0,15,0,240,0,22,14.305,1.8,2.7,0.5,0.5,-9.0,1570
13-sep-2015,0,14.3,0,7.2,0,4.8,0,6.9,994.7,5.6,0,10,0,100,0,14,13.715,0.9,1.3,0.0,-5.5,-10.0,583
14-sep-2015,0,14.3,0,9.4,0,9.1,0,22.8,990.9,4.4,0,9,0,290,0,12,13.488,0.9,1.2,0.0,-10.0,-10.0,459
15-sep-2015,0,15.7,0,7.6,0,5.9,0,0.5,992.1,4.6,0,11,0,310,0,15,13.420,1.4,1.9,0.9,0.9,-8.6,993
16-sep-2015,0,15.8,0,7.8,0,4.1,0,0.0,989.4,3.5,0,9,0,290,0,13,14.125,1.7,2.3,2.5,2.5,-6.5,1355
17-sep-2015,0,16.5,0,7.8,0,3.8,0,0.6,995.8,5.1,0,10,0,310,0,15,14.337,1.4,2.0,3.3,3.3,-5.4,1121
18-sep-2015,0,16.7,0,10.7,0,9.4,0,1.2,1009.6,5.2,0,10,0,340,0,14,14.648,1.3,1.8,3.4,3.4,-5.0,778
19-sep-2015,0,15.7,0,10.9,0,10.7,0,0.0,1018.7,3.6,0,9,0,210,0,14,14.658,1.2,1.6,4.6,4.6,-3.5,637
20-sep-2015,0,15.1,0,10.7,0,9.4,0,12.5,1013.6,6.0,0,11,0,180,0,17,14.113,0.7,1.0,0.0,-7.2,-10.0,290
21-sep-2015,0,15.6,0,8.8,0,6.8,0,5.8,1004.2,6.3,0,13,0,260,0,21,13.778,1.3,1.8,0.0,-4.5,-10.0,851
22-sep-2015,0,15.7,0,6.7,0,3.9,0,0.2,1003.8,6.4,0,13,0,330,0,20,13.270,1.6,2.3,1.4,1.4,-8.1,1312
23-sep-2015,0,15.4,0,8.6,0,4.0,0,3.1,1004.3,8.5,0,14,0,240,0,23,13.493,1.2,1.8,0.0,-0.5,-9.6,950
24-sep-2015,0,14.3,0,8.4,0,5.0,0,0.9,1008.0,8.0,0,16,0,260,0,29,12.602,1.5,2.0,0.6,0.6,-8.5,867
25-sep-2015,0,15.2,0,5.3,0,2.4,0,0.0,1017.1,3.8,0,10,0,230,0,17,12.505,1.1,1.5,1.6,1.6,-7.0,802
26-sep-2015,0,15.7,0,8.8,0,9.9,0,0.0,1021.5,4.5,0,10,0,160,0,16,13.363,1.1,1.4,2.7,2.7,-5.6,527
27-sep-2015,0,17.1,0,7.5,0,5.9,0,0.0,1025.4,6.0,0,12,0,160,0,20,13.047,1.5,2.1,4.1,4.1,-3.9,1171
28-sep-2015,0,18.3,0,7.8,0,6.0,0,0.2,1026.4,7.4,0,14,0,160,0,20,13.033,1.7,2.4,5.6,5.6,-2.2,1254
29-sep-2015,0,17.7,0,6.2,0,3.7,0,0.2,1029.0,5.3,0,9,0,110,0,14,13.255,1.5,2.1,6.8,6.8,-0.8,1381
30-sep-2015,0,17.1,0,7.3,0,1.8,0,0.1,1029.4,5.5,0,10,0,60,0,13,13.203,1.3,1.7,7.9,7.9,0.4,854
01-oct-2015,0,16.2,0,4.9,0,2.1,0,0.2,1027.8,4.0,0,8,0,80,0,12,13.328,1.2,1.6,8.8,8.8,1.4,1064
02-oct-2015,0,12.3,0,5.3,0,1.4,0,0.3,1021.2,2.3,0,5,0,80,0,7,12.395,0.6,0.9,9.1,9.1,1.8,359
03-oct-2015,0,10.9,0,2.9,0,8.7,0,0.0,1012.7,3.0,0,7,0,70,0,10,12.215,0.7,0.9,9.7,9.7,2.4,399
04-oct-2015,0,14.3,0,4.1,0,-1.5,0,0.0,1002.2,7.4,0,15,0,110,0,21,11.300,0.9,1.3,10.5,10.5,3.4,650
05-oct-2015,0,15.4,0,11.2,0,8.1,0,13.9,990.4,5.8,0,12,0,80,0,17,12.565,0.6,0.9,0.0,-2.8,-9.9,369
06-oct-2015,0,17.4,0,6.3,0,8.5,0,1.5,993.5,5.9,0,20,0,310,0,27,13.337,0.9,1.2,0.0,-0.6,-10.0,612
07-oct-2015,0,14.6,0,3.2,0,0.5,0,0.1,1006.8,4.2,0,11,0,230,0,16,11.767,1.0,1.4,0.9,0.9,-8.6,950
08-oct-2015,0,15.8,0,4.3,0,1.0,0,0.2,1012.8,3.7,0,10,0,210,0,14,11.653,0.9,1.3,1.6,1.6,-7.5,968
09-oct-2015,0,16.3,0,9.5,0,6.3,0,0.8,1014.2,5.3,0,10,0,150,0,17,12.712,0.9,1.3,1.7,1.7,-7.0,650
10-oct-2015,0,15.1,0,9.9,0,9.7,0,0.1,1014.2,4.9,0,8,0,90,0,12,12.708,0.9,1.2,2.5,2.5,-5.8,453
11-oct-2015,0,16.2,0,8.2,0,8.0,0,0.0,1015.2,3.5,0,7,0,330,0,9,12.658,0.9,1.3,3.4,3.4,-4.6,719
12-oct-2015,0,13.7,0,1.9,0,2.1,0,0.0,1020.8,4.7,0,8,0,0,0,14,12.253,0.7,1.1,4.1,4.1,-3.7,983
13-oct-2015,0,13.6,0,0.0,0,-0.6,0,0.0,1023.2,3.2,0,9,0,110,0,13,10.733,0.8,1.2,4.9,4.9,-2.7,1096
14-oct-2015,0,13.8,0,1.8,0,-0.8,0,0.0,1020.8,3.4,0,6,0,170,0,11,10.235,0.7,1.1,5.6,5.6,-1.8,729
15-oct-2015,0,13.8,0,5.7,0,6.5,0,0.0,1020.3,4.0,0,8,0,110,0,11,11.262,0.9,1.3,6.4,6.4,-0.8,666
16-oct-2015,0,13.7,0,2.2,0,0.8,0,0.0, ,4.3,0,9,0,60,0,13,10.358,0.7,1.0,7.1,7.1,-0.1,910
17-oct-2015,0,12.6,0,3.9,0,1.2,0,0.0, ,4.3,0,8,0,70,0,11,10.355,0.6,0.9,7.7,7.7,0.6,367
18-oct-2015,0,11.4,0,7.6,0,3.6,0,0.0, ,3.3,0,6,0,80,0,9,10.600,0.7,0.9,8.3,8.3,1.3,302
19-oct-2015,0,13.4,0,4.0,0,6.7,0,0.1, ,2.6,0,6,0,250,0,10,11.132,0.6,0.8,8.8,8.8,1.7,548
20-oct-2015,0,13.3,0,3.7,0,-0.3,0,6.3,1019.4,6.7,0,17,0,230,0,27,10.217,0.4,0.6,2.8,2.8,-4.2,279
21-oct-2015,0,13.7,0,11.6,0,11.1,0,2.5,1009.9,12.9,0,20,0,240,0,36,12.333,0.9,1.2,1.2,1.2,-5.5,210
22-oct-2015,0,13.4,0,8.8,0,6.8,0,0.4,1011.3,7.2,0,18,0,260,0,32,11.425,1.1,1.4,1.9,1.9,-4.5,512
23-oct-2015,0,14.2,0,9.1,0,6.8,0,9.3,1006.9,8.2,0,14,0,210,0,22,11.253,0.6,0.8,0.0,-6.7,-10.0,173
24-oct-2015,0,11.7,0,5.5,0,2.3,0,8.7,1008.4,6.9,0,15,0,280,0,24,10.717,0.5,0.8,0.0,-8.2,-10.0,761
25-oct-2015,0,12.0,0,5.4,0,1.6,0,0.1,1009.0,8.3,0,17,0,150,0,25,9.595,0.7,1.0,0.6,0.6,-8.9,436
26-oct-2015,0,14.5,0,10.6,0,8.1,0,2.5,997.3,10.4,0,15,0,120,0,28,10.965,1.0,1.2,0.0,-0.9,-9.9,144
27-oct-2015,0,12.8,0,6.6,0,7.8,0,5.2,997.8,6.2,0,10,0,110,0,15,11.085,0.4,0.6,0.0,-4.8,-10.0,207
28-oct-2015,0,14.6,0,6.4,0,2.9,0,1.9,993.2,9.2,0,14,0,160,0,22,10.493,0.8,1.0,0.0,-1.1,-10.0,600
29-oct-2015,0,13.2,0,8.5,0,4.1,0,3.3,994.3,7.4,0,17,0,210,0,27,10.825,0.7,0.9,0.0,-2.6,-10.0,607
30-oct-2015,0,16.4,0,8.6,0,6.7,0,9.2,1000.6,9.4,0,18,0,140,0,28,11.078,0.8,1.0,0.0,-8.4,-10.0,245
31-oct-2015,0,15.5,0,3.5,0,10.1,0,0.0,1011.3,5.4,0,12,0,210,0,19,12.110,0.5,0.7,0.5,0.5,-9.0,573
01-nov-2015,0,16.3,0,2.3,0,-0.1,0,0.2,1020.5,2.4,0,6,0,180,0,9,9.830,0.4,0.6,0.7,0.7,-8.3,451
02-nov-2015,0,16.3,0,6.1,0,3.4,0,0.3,1014.2,4.3,0,9,0,170,0,15,11.648,0.4,0.6,0.8,0.8,-7.8,676
03-nov-2015,0,13.5,0,5.4,0,2.1,0,0.2,1008.6,3.2,0,7,0,80,0,10,10.663,0.4,0.6,1.0,1.0,-7.2,283
04-nov-2015,0,11.9,0,3.7,0,2.9,0,0.1,1005.7,3.2,0,7,0,100,0,10,10.420,0.3,0.4,1.2,1.2,-6.6,379
05-nov-2015,0,14.9,0,8.7,0,2.6,0,7.7,999.4,5.9,0,9,0,220,0,15,11.005,0.6,0.7,0.0,-5.9,-10.0,261
06-nov-2015,0,14.2,0,8.6,0,8.6,0,0.1,1000.0,8.3,0,15,0,230,0,26,11.502,0.5,0.6,0.4,0.4,-9.1,445
07-nov-2015,0,13.1,0,7.5,0,3.3,0,5.3,1006.5,5.9,0,14,0,240,0,21,10.783,0.4,0.6,0.0,-4.5,-10.0,442
08-nov-2015,0,14.6,0,6.6,0,2.4,0,2.4,1004.5,10.8,0,19,0,170,0,34,10.285,0.8,1.0,0.0,-1.6,-10.0,266
09-nov-2015,0,15.7,0,8.0,0,3.7,0,14.0,1003.7,16.4,0,24,0,220,0,40,11.037,1.0,1.3,0.0,-10.0,-10.0,49
10-nov-2015,0,15.2,0,11.7,0,11.5,0,9.6,1007.2,13.6,0,21,0,220,0,33,12.815,0.6,0.8,0.0,-9.0,-10.0,61
11-nov-2015,0,12.8,0,7.9,0,9.1,0,16.3,1008.1,8.1,0,19,0,230,0,33,11.432,0.5,0.6,0.0,-10.0,-10.0,314
12-nov-2015,0,14.4,0,4.9,0,3.7,0,14.8,1002.4,12.2,0,28,0,220,0,46,9.733,0.9,1.1,0.0,-10.0,-10.0,299
13-nov-2015,0,9.7,0,4.0,0,0.3,0,7.0,1010.3,11.3,0,21,0,260,0,42,7.644,1.0,1.2,0.0,-6.0,-10.0,403
14-nov-2015,0,14.3,0,6.7,0,2.0,0,32.8,1007.7,13.0,0,25,0,230,0,42,8.920,0.8,1.1,0.0,-10.0,-10.0,58
15-nov-2015,0,14.8,0,9.0,0,7.0,0,14.4,993.2,18.5,0,25,0,220,0,42,12.245,0.8,1.1,0.0,-10.0,-10.0,49
16-nov-2015,0,9.1,0,6.3,0,2.5,0,2.3,998.3,7.4,0,15,0,250,0,28,9.243,0.8,1.0,0.0,-1.5,-10.0,151
17-nov-2015,0,13.3,0,5.4,0,1.5,0,6.1,990.0,11.0,0,32,0,270,0,49,8.875,0.5,0.7,0.0,-5.6,-10.0,92
18-nov-2015,0,12.3,0,8.2,0,4.0,0,15.2,997.5,14.5,0,24,0,240,0,39,9.420,0.6,0.7,0.0,-10.0,-10.0,296
19-nov-2015,0,9.7,0,5.3,0,4.9,0,0.1,1007.0,7.5,0,14,0,270,0,24,8.420,0.7,0.9,0.6,0.6,-8.9,183
20-nov-2015,0,8.2,0,1.4,0,0.7,0,1.7,1008.2,9.9,0,18,0,300,0,30,6.453,0.6,0.7,0.0,-0.5,-9.6,310
21-nov-2015,0,7.1,0,1.7,0,-1.4,0,1.9,1014.1,6.8,0,17,0,320,0,25,5.649,0.5,0.6,0.0,-1.4,-10.0,235
22-nov-2015,0,9.5,0,-0.5,0,-2.0,0,0.1,1015.5,4.8,0,10,0,320,0,14,5.711,0.2,0.3,0.1,0.1,-9.4,418
23-nov-2015,0,11.5,0,-1.1,0,-3.4,0,5.0,1015.2,6.1,0,15,0,310,0,21,6.396,0.3,0.4,0.0,-4.7,-10.0,59
24-nov-2015,0,9.8,0,7.2,0,0.9,0,2.8,1009.9,8.8,0,15,0,280,0,25,7.858,0.6,0.7,0.0,-2.2,-10.0,121
25-nov-2015,0,12.9,0,7.7,0,7.8,0,1.1,1014.2,8.1,0,20,0,310,0,30,9.042,0.5,0.5,0.0,-0.6,-10.0,376
26-nov-2015,0,12.2,0,10.3,0,2.3,0,1.0,1013.9,7.5,0,12,0,230,0,20,9.892,0.4,0.5,0.0,-0.6,-10.0,151
27-nov-2015,0,11.0,0,2.4,0,8.7,0,8.0,1003.6,10.4,0,22,0,310,0,34,8.845,0.5,0.6,0.0,-7.5,-10.0,140
28-nov-2015,0,9.6,0,3.5,0,-1.3,0,13.4,1001.4,14.3,0,21,0,230,0,35,6.936,0.8,1.1,0.0,-10.0,-10.0,138
29-nov-2015,0,11.5,0,4.6,0,4.2,0,9.6,1000.6,14.4,0,28,0,240,0,46,7.738,1.0,1.3,0.0,-8.6,-10.0,131
30-nov-2015,0,12.2,0,5.0,0,1.9,0,22.8,1004.2,8.7,0,24,0,240,0,37,7.918,0.4,0.6,0.0,-10.0,-10.0,100
01-dec-2015,0,14.0,0,5.9,0,3.8,0,3.5,1005.8,15.7,0,23,0,220,0,36,9.710,0.6,0.8,0.0,-2.9,-10.0,105
02-dec-2015,0,12.7,0,4.5,0,7.1,0,4.4,1007.3,7.4,0,18,0,190,0,30,9.495,0.2,0.3,0.0,-4.2,-10.0,240
03-dec-2015,0,9.1,0,2.8,0,1.0,0,9.1,1009.0,4.5,0,15,0,230,0,26,6.767,0.5,0.7,0.0,-8.6,-10.0,40
04-dec-2015,0,12.5,0,7.1,0,-1.5,0,14.8,1006.5,17.3,0,27,0,210,0,44,7.856,0.9,1.1,0.0,-10.0,-10.0,115
05-dec-2015,0,12.8,0,10.9,0,8.3,0,43.3,995.6,21.2,0,26,0,210,0,43,10.158,0.7,1.1,0.0,-10.0,-10.0,18
06-dec-2015,0,12.9,0,3.2,0,-0.5,0,3.6,1000.4,7.8,0,27,0,220,0,40,8.660,0.3,0.4,0.0,-3.3,-10.0,175
07-dec-2015,0,14.1,0,6.3,0,-0.4,0,2.7,1001.8,12.2,0,18,0,150,0,30,9.215,0.7,0.8,0.0,-2.0,-10.0,93
08-dec-2015,0,10.9,0,4.3,0,2.6,0,3.0,1007.3,10.5,0,17,0,200,0,29,7.748,0.7,0.8,0.0,-2.3,-10.0,188
09-dec-2015,0,11.8,0,5.7,0,0.1,0,15.8,1012.0,14.6,0,22,0,230,0,34,7.873,0.8,1.1,0.0,-10.0,-10.0,45
10-dec-2015,0,8.8,0,3.5,0,-0.0,0,7.3,1011.3,8.5,0,17,0,250,0,28,6.712,0.6,0.8,0.0,-6.7,-10.0,129
11-dec-2015,0,8.7,0,3.3,0,-0.5,0,2.5,1013.8,7.7,0,18,0,260,0,29,5.657,0.4,0.5,0.0,-2.1,-10.0,316
12-dec-2015,0,5.0,0,0.6,0,0.3,0,22.6,1008.1,7.4,0,17,0,70,0,26,4.881,0.3,0.4,0.0,-10.0,-10.0,89
13-dec-2015,0,10.6,0,1.0,0,-1.2,0,4.3,1008.0,7.5,0,12,0,90,0,17,4.923,0.4,0.5,0.0,-3.9,-10.0,67
14-dec-2015,0,10.7,0,7.3,0,3.1,0,4.0,1001.9,9.4,0,15,0,100,0,22,7.473,0.4,0.5,0.0,-3.6,-10.0,70
15-dec-2015,0,12.3,0,9.2,0,5.9,0,1.6,997.0,10.1,0,15,0,120,0,25,8.430,0.5,0.6,0.0,-1.1,-10.0,57
16-dec-2015,0,14.4,0,11.0,0,8.2,0,0.6,1000.4,9.5,0,16,0,250,0,26,10.205,0.5,0.6,0.0,-0.1,-9.6,96
17-dec-2015,0,14.2,0,11.1,0,7.4,0,9.2,999.1,11.9,0,18,0,220,0,28,10.628,0.6,0.6,0.0,-8.6,-10.0,166
18-dec-2015,0,14.8,0,10.7,0,7.7,0,5.6,997.5,10.6,0,15,0,170,0,26,10.477,0.6,0.7,0.0,-5.0,-10.0,83
19-dec-2015,0,14.8,0,7.7,0,9.6,0,2.8,989.7,10.5,0,20,0,210,0,40,10.727,0.5,0.6,0.0,-2.3,-10.0,147
20-dec-2015,0,9.4,0,5.2,0,2.7,0,7.5,994.5,9.8,0,17,0,200,0,31,7.852,0.4,0.5,0.0,-7.1,-10.0,158
21-dec-2015,0,11.0,0,4.8,0,1.3,0,5.1,996.8,11.0,0,18,0,230,0,28,7.186,0.4,0.4,0.0,-4.7,-10.0,224
22-dec-2015,0,13.9,0,5.0,0,3.5,0,18.4,993.2,13.1,0,22,0,220,0,37,8.460,0.4,0.4,0.0,-10.0,-10.0,218
23-dec-2015,0,11.3,0,4.6,0,1.2,0,15.6,996.6,13.4,0,20,0,240,0,37,6.718,0.7,0.7,0.0,-10.0,-10.0,246
24-dec-2015,0,7.6,0,2.4,0,1.4,0,11.7,997.6,10.2,0,23,0,210,0,43,5.555,0.4,0.5,0.0,-10.0,-10.0,133
25-dec-2015,0,4.1,0,2.2,0,-0.4,0,22.8,1003.6,6.3,0,13,0,60,0,20,4.316,0.3,0.5,0.0,-10.0,-10.0,36
26-dec-2015,0,5.0,0,1.6,0,3.2,0,1.9,1002.8,3.0,0,6,0,330,0,9,5.144,0.3,0.3,0.0,-1.6,-10.0,54
27-dec-2015,0,13.4,0,1.0,0,-1.2,0,0.1,1003.7,7.8,0,17,0,150,0,28,5.271,0.5,0.6,0.4,0.4,-9.1,121
28-dec-2015,0,14.2,0,6.9,0,-0.5,0,20.5,994.7,11.1,0,24,0,150,0,38,8.380,1.1,1.4,0.0,-10.0,-10.0,36
29-dec-2015,0,12.8,0,5.3,0,0.1,0,14.1,990.9,13.1,0,24,0,160,0,41,7.268,0.5,0.7,0.0,-10.0,-10.0,59
30-dec-2015,0,10.1,0,3.4,0,2.1,0,10.7,985.3,8.2,0,25,0,300,0,35,7.615,0.4,0.5,0.0,-10.0,-10.0,136
31-dec-2015,0,5.3,0,-0.6,0,-1.1,0,10.3,999.5,7.6,0,20,0,270,0,35,4.484,0.3,0.4,0.0,-10.0,-10.0,124
01-jan-2016,0,9.1,0,0.7,0,-2.8,0,2.6,997.4,10.1,0,18,0,110,0,30,4.042,0.5,0.7,0.0,-2.1,-10.0,61
02-jan-2016,0,8.3,0,4.0,0,0.5,0,2.1,991.5,7.4,0,14,0,310,0,19,6.712,0.4,0.5,0.0,-1.7,-10.0,100
03-jan-2016,0,9.4,0,4.1,0,1.5,0,5.3,978.8,7.9,0,18,0,110,0,25,6.224,0.4,0.5,0.0,-4.9,-10.0,214
04-jan-2016,0,8.2,0,5.4,0,2.4,0,2.2,971.1,4.1,0,7,0,0,0,11,6.759,0.1,0.2,0.0,-2.1,-10.0,211
05-jan-2016,0,7.7,0,1.3,0,2.6,0,0.3,982.8,6.7,0,12,0,340,0,17,6.562,0.3,0.4,0.0,-0.0,-9.5,155
06-jan-2016,0,8.2,0,-1.4,0,-3.2,0,9.4,980.3,6.2,0,17,0,290,0,26,4.468,0.2,0.3,0.0,-9.2,-10.0,134
07-jan-2016,0,6.8,0,2.4,0,-0.1,0,13.3,979.1,7.0,0,17,0,300,0,24,4.698,0.3,0.4,0.0,-10.0,-10.0,198
08-jan-2016,0,6.1,0,-0.1,0,-0.7,0,7.3,985.7,3.9,0,9,0,220,0,15,3.793,0.1,0.2,0.0,-7.2,-10.0,250
09-jan-2016,0,5.9,0,-0.0,0,-1.6,0,2.7,978.3,4.8,0,10,0,100,0,15,3.365,0.1,0.2,0.0,-2.6,-10.0,276
10-jan-2016,0,6.3,0,-0.1,0,-1.1,0,7.9,973.6,4.7,0,15,0,220,0,24,3.501,0.1,0.2,0.0,-7.8,-10.0,268
11-jan-2016,0,6.4,0,0.6,0,-1.0,0,0.3,982.8,7.6,0,16,0,330,0,26,3.542,0.4,0.5,0.1,0.1,-9.4,184
12-jan-2016,0,6.3,0,-1.0,0,-1.0,0,0.1,1001.8,9.8,0,17,0,300,0,30,2.831,0.5,0.6,0.5,0.5,-8.6,359
13-jan-2016,0,3.5,0,-0.7,0,-4.6,0,11.0,1005.1,5.4,0,12,0,190,0,18,2.309,0.3,0.4,0.0,-10.0,-10.0,87
14-jan-2016,0,4.6,0,-1.6,0,-4.1,0,0.5,1010.1,6.3,0,14,0,310,0,21,1.474,0.3,0.4,0.0,-0.2,-9.7,234
15-jan-2016,0,6.4,0,-3.3,0,-3.6,0,0.1,1022.5,4.6,0,12,0,290,0,20,1.467,0.2,0.4,0.1,0.1,-9.1,335
16-jan-2016,0,6.1,0,-3.7,0,-5.6,0,0.5,1023.0,3.1,0,7,0,240,0,11,1.871,0.2,0.3,0.0,-0.2,-8.9,150
17-jan-2016,0,8.4,0,1.2,0,-0.9,0,2.9,1010.3,7.6,0,14,0,140,0,25,3.643,0.4,0.5,0.0,-2.5,-10.0,67
18-jan-2016,0,7.9,0,5.6,0,3.8,0,2.4,1004.2,4.3,0,9,0,110,0,13,5.641,0.4,0.5,0.0,-2.0,-10.0,122
19-jan-2016,0,9.0,0,5.3,0,4.4,0,0.8,1009.2,3.2,0,6,0,120,0,10,6.158,0.2,0.4,0.0,-0.6,-10.0,270
20-jan-2016,0,7.3,0,0.8,0,-0.6,0,1.0,1006.8,9.3,0,16,0,110,0,23,4.740,0.3,0.5,0.0,-0.7,-10.0,267
21-jan-2016,0,13.2,0,7.3,0,-0.1,0,3.9,998.1,11.0,0,18,0,150,0,27,7.597,0.6,0.8,0.0,-3.3,-10.0,133
22-jan-2016,0,13.3,0,8.8,0,6.3,0,2.7,1002.7,13.4,0,22,0,220,0,37,8.765,0.7,0.8,0.0,-2.0,-10.0,395
23-jan-2016,0,12.3,0,6.5,0,1.0,0,1.8,1010.9,8.0,0,14,0,180,0,24,7.266,0.6,0.7,0.0,-1.2,-10.0,69
24-jan-2016,0,14.1,0,12.2,0,4.9,0,0.2,1005.9,10.5,0,15,0,190,0,26,10.003,0.8,1.0,0.6,0.6,-8.9,110
25-jan-2016,0,13.5,0,5.7,0,9.2,0,4.6,1002.0,11.3,0,16,0,180,0,31,9.360,0.7,0.8,0.0,-3.3,-10.0,321
26-jan-2016,0,12.5,0,7.8,0,0.4,0,29.1,994.9,14.6,0,26,0,240,0,43,8.863,0.5,0.7,0.0,-10.0,-10.0,288
27-jan-2016,0,12.0,0,3.5,0,3.8,0,4.5,997.8,9.5,0,19,0,270,0,30,7.510,0.6,0.7,0.0,-3.9,-10.0,391
28-jan-2016,0,10.8,0,4.7,0,-0.4,0,9.0,1007.2,16.0,0,24,0,230,0,39,6.568,0.7,1.0,0.0,-8.3,-10.0,132
29-jan-2016,0,11.2,0,4.2,0,4.1,0,4.2,1001.7,16.5,0,29,0,230,0,47,7.484,0.9,1.2,0.0,-3.3,-10.0,237
30-jan-2016,0,4.9,0,0.8,0,-0.8,0,4.1,1002.7,9.4,0,21,0,280,0,40,4.341,0.7,0.9,0.0,-3.4,-10.0,266
31-jan-2016,0,11.3,0,3.8,0,-0.0,0,8.4,998.3,15.5,0,24,0,240,0,36,7.094,0.5,0.7,0.0,-7.9,-10.0,111
01-feb-2016,0,11.7,0,4.2,0,6.4,0,3.0,1001.7,21.3,0,29,0,250,0,47,7.997,1.1,1.5,0.0,-1.9,-10.0,437
02-feb-2016,0,7.3,0,1.6,0,1.0,0,2.3,1009.9,10.7,0,20,0,260,0,39,5.131,0.7,1.0,0.0,-1.6,-10.0,411
03-feb-2016,0,9.9,0,2.9,0,-0.6,0,2.3,1018.4,9.2,0,14,0,270,0,24,4.767,0.5,0.7,0.0,-1.8,-10.0,378
04-feb-2016,0,10.3,0,8.7,0,4.0,0,1.4,1016.5,10.5,0,15,0,230,0,23,8.080,0.5,0.7,0.0,-0.9,-10.0,86
05-feb-2016,0,9.1,0,2.9,0,6.7,0,8.6,1002.5,8.8,0,18,0,190,0,28,7.127,0.5,0.7,0.0,-8.1,-10.0,180
06-feb-2016,0,9.2,0,2.9,0,-0.1,0,4.3,980.9,12.6,0,22,0,230,0,38,5.559,0.7,0.9,0.0,-3.6,-10.0,239
07-feb-2016,0,9.1,0,2.3,0,-0.1,0,11.0,972.8,13.7,0,24,0,230,0,43,4.843,0.7,0.9,0.0,-10.0,-10.0,166
08-feb-2016,0,7.4,0,3.0,0,3.3,0,14.0,973.0,15.3,0,23,0,230,0,41,5.616,0.7,1.0,0.0,-10.0,-10.0,222
09-feb-2016,0,6.1,0,1.9,0,-0.7,0,5.5,984.6,11.2,0,22,0,280,0,33,4.094,0.7,1.0,0.0,-4.8,-10.0,153
10-feb-2016,0,9.2,0,-3.0,0,-3.5,0,0.3,994.0,2.6,0,8,0,250,0,11,4.398,0.4,0.6,0.1,0.1,-9.4,715
11-feb-2016,0,6.7,0,-0.6,0,-2.2,0,1.0,993.3,3.8,0,6,0,70,0,8,4.270,0.3,0.5,0.0,-0.6,-9.6,573
12-feb-2016,0,5.2,0,-0.2,0,-2.0,0,2.6,984.7,6.1,0,9,0,80,0,14,3.703,0.3,0.5,0.0,-2.3,-10.0,257
13-feb-2016,0,5.5,0,3.0,0,1.7,0,10.5,981.3,9.2,0,13,0,90,0,18,4.885,0.5,0.7,0.0,-10.0,-10.0,142
14-feb-2016,0,7.0,0,-1.9,0,0.5,0,0.3,1001.6,7.2,0,11,0,50,0,18,4.333,0.7,0.9,0.4,0.4,-9.1,585
15-feb-2016,0,7.4,0,-4.4,0,-6.2,0,0.0,1023.8,4.3,0,10,0,180,0,18,3.374,0.6,0.8,0.9,0.9,-8.1,760
16-feb-2016,0,9.5,0,2.1,0,-3.0,0,26.7,1016.5,10.9,0,20,0,190,0,31,5.556,0.5,0.7,0.0,-10.0,-10.0,108
17-feb-2016,0,7.6,0,0.6,0,0.1,0,3.7,1008.1,4.6,0,12,0,280,0,18,5.209,0.7,1.0,0.0,-3.0,-10.0,751
18-feb-2016,0,8.1,0,-1.2,0,-3.4,0,0.8,1008.5,5.3,0,13,0,240,0,22,3.857,0.6,0.8,0.0,-0.2,-9.7,754
19-feb-2016,0,9.3,0,3.5,0,-1.6,0,1.5,1004.2,10.8,0,17,0,240,0,26,5.776,0.4,0.6,0.0,-1.1,-10.0,269
20-feb-2016,0,8.9,0,6.0,0,3.8,0,6.3,1001.4,9.9,0,16,0,250,0,26,6.567,0.6,0.8,0.0,-5.7,-10.0,190
21-feb-2016,0,10.7,0,4.8,0,6.6,0,6.8,1001.9,14.3,0,22,0,240,0,37,8.142,0.5,0.7,0.0,-6.3,-10.0,131
22-feb-2016,0,9.0,0,-0.9,0,-2.1,0,0.0,1007.9,5.0,0,13,0,280,0,19,5.755,0.7,1.0,0.7,0.7,-8.8,743
23-feb-2016,0,8.2,0,-2.5,0,-4.0,0,0.2,1014.7,4.3,0,9,0,50,0,13,4.455,0.7,1.0,1.2,1.2,-7.9,955
24-feb-2016,0,8.3,0,-5.1,0,-9.7,0,0.1,1016.1,3.4,0,11,0,320,0,18,3.806,0.6,1.0,1.7,1.7,-7.0,870
25-feb-2016,0,6.5,0,-4.4,0,-8.6,0,0.0,1009.3,3.6,0,8,0,190,0,13,3.588,0.5,0.8,2.2,2.2,-6.1,556
26-feb-2016,0,6.1,0,2.7,0,-0.0,0,5.2,1000.9,4.0,0,10,0,150,0,17,4.949,0.6,0.8,0.0,-2.4,-10.0,365
27-feb-2016,0,6.8,0,1.5,0,1.3,0,0.0,1008.9,4.4,0,8,0,50,0,12,5.125,0.7,1.0,0.7,0.7,-8.8,544
28-feb-2016,0,7.6,0,-2.7,0,-5.5,0,0.0,1018.7,4.1,0,8,0,100,0,11,4.360,0.7,1.0,1.4,1.4,-7.7,767
29-feb-2016,0,11.0,0,3.8,0,-0.0,0,11.4,1012.0,10.7,0,20,0,230,0,31,5.649,0.8,1.1,0.0,-9.2,-10.0,144
01-mar-2016,0,10.6,0,2.2,0,4.7,0,12.2,999.7,13.6,0,22,0,260,0,41,7.956,0.7,1.1,0.0,-10.0,-10.0,602
02-mar-2016,0,9.2,0,1.5,0,-0.7,0,3.7,999.6,17.0,0,32,0,270,0,48,5.362,1.1,1.7,0.0,-2.6,-10.0,790
03-mar-2016,0,7.9,0,1.0,0,0.4,0,2.0,999.2,7.4,0,20,0,300,0,31,5.274,0.7,1.0,0.0,-1.3,-10.0,422
04-mar-2016,0,8.7,0,-1.0,0,-5.5,0,0.1,995.9,9.7,0,19,0,0,0,35,4.483,1.0,1.5,0.9,0.9,-8.6,848
05-mar-2016,0,7.8,0,-0.4,0,-1.4,0,1.4,1006.5,8.9,0,16,0,340,0,26,4.516,0.8,1.3,0.4,0.4,-8.7,932
06-mar-2016,0,5.3,0,-2.1,0,-6.4,0,9.0,1005.4,3.0,0,11,0,300,0,17,3.533,0.5,0.7,0.0,-8.2,-10.0,314
07-mar-2016,0,8.7,0,2.8,0,1.0,0,0.8,1008.6,8.3,0,17,0,350,0,27,5.948,1.0,1.5,0.2,0.2,-9.3,954
08-mar-2016,0,8.5,0,3.7,0,-0.2,0,7.3,1002.0,7.3,0,14,0,290,0,21,6.273,0.7,1.0,0.0,-6.4,-10.0,400
09-mar-2016,0,9.6,0,1.8,0,-0.6,0,0.2,1005.3,11.2,0,20,0,310,0,28,5.787,1.3,2.0,1.1,1.1,-8.4,1224
10-mar-2016,0,10.8,0,3.5,0,-0.7,0,0.0,1016.6,3.4,0,7,0,190,0,12,7.048,0.8,1.0,1.9,1.9,-7.2,547
11-mar-2016,0,13.6,0,8.6,0,6.8,0,0.4,1018.2,6.8,0,12,0,200,0,17,8.660,1.0,1.3,2.5,2.5,-6.2,406
12-mar-2016,0,12.3,0,8.5,0,5.6,0,0.0,1021.0,6.6,0,12,0,190,0,18,8.875,1.1,1.4,3.6,3.6,-4.8,476
13-mar-2016,0,11.8,0,7.2,0,6.6,0,0.0,1026.7,4.4,0,10,0,160,0,15,8.935,1.1,1.4,4.6,4.6,-3.5,469
14-mar-2016,0,13.5,0,2.5,0,-0.9,0,0.0,1026.6,7.1,0,13,0,90,0,19,8.666,1.6,2.2,6.1,6.1,-1.8,1355
15-mar-2016,0,13.6,0,0.7,0,-6.2,0,0.0,1026.6,6.4,0,11,0,90,0,16,7.512,1.6,2.2,7.5,7.5,-0.1,1335
16-mar-2016,0,13.2,0,3.3,0,-1.9,0,0.0,1027.2,7.1,0,11,0,80,0,16,8.634,1.2,1.7,8.7,8.7,1.1,870
17-mar-2016,0,9.2,0,0.1,0,-4.7,0,0.0,1026.0,5.1,0,11,0,110,0,17,7.429,1.2,1.8,9.8,9.8,2.3,1273
18-mar-2016,0,12.7,0,-2.4,0,-6.1,0,0.0,1024.3,4.9,0,12,0,50,0,16,7.002,1.4,2.1,11.1,11.1,3.7,1467
19-mar-2016,0,9.9,0,1.4,0,2.1,0,0.0,1024.9,5.9,0,12,0,70,0,16,8.045,1.0,1.5,12.0,12.0,4.8,845
20-mar-2016,0,9.2,0,1.0,0,-4.2,0,0.0,1023.7,3.0,0,6,0,70,0,11,7.412,0.9,1.3,12.9,12.9,5.7,701
21-mar-2016,0,8.9,0,3.4,0,-4.3,0,0.0,1019.6,3.0,0,8,0,230,0,11,7.523,0.8,1.1,13.6,13.6,6.6,461
22-mar-2016,0,8.0,0,5.8,0,5.1,0,0.0,1014.3,3.1,0,6,0,170,0,10,7.712,0.9,1.3,14.4,14.4,7.5,420
23-mar-2016,0,11.6,0,5.2,0,3.4,0,0.1,1008.9,6.8,0,15,0,240,0,21,8.177,1.4,1.9,15.5,15.5,8.8,945
24-mar-2016,0,10.3,0,6.3,0,5.5,0,4.9,1003.0,8.1,0,14,0,300,0,21,8.000,1.0,1.4,11.5,11.5,4.9,573
25-mar-2016,0,13.2,0,3.6,0,-2.5,0,5.7,999.0,11.1,0,21,0,200,0,36,7.957,1.5,2.2,7.1,7.1,0.6,1038
26-mar-2016,0,9.8,0,4.5,0,5.6,0,14.9,983.7,9.9,0,24,0,220,0,36,7.761,1.1,1.6,0.0,-6.8,-10.0,600
27-mar-2016,0,9.0,0,-0.3,0,2.2,0,10.4,979.6,10.5,0,19,0,240,0,29,6.608,1.1,1.7,0.0,-9.3,-10.0,995
28-mar-2016,0,10.5,0,-1.6,0,-6.3,0,1.2,984.7,6.3,0,14,0,230,0,20,6.453,1.6,2.4,0.4,0.4,-9.1,1658
29-mar-2016,0,8.2,0,2.1,0,-0.9,0,3.5,992.2,7.3,0,15,0,210,0,24,6.491,1.2,1.8,0.0,-1.9,-10.0,1122
30-mar-2016,0,10.9,0,1.0,0,-2.5,0,1.5,1002.5,5.8,0,14,0,280,0,23,6.764,1.6,2.3,0.1,0.1,-9.4,1426
31-mar-2016,0,10.5,0,-1.4,0,-6.0,0,0.1,1010.1,5.7,0,12,0,180,0,20,6.831,1.6,2.3,1.6,1.6,-7.5,1515
01-apr-2016,0,10.4,0,4.3,0,0.1,0,8.3,1001.5,9.9,0,17,0,180,0,33,7.787,0.7,1.1,0.0,-6.0,-10.0,453
02-apr-2016,0,10.3,0,3.1,0,-1.2,0,0.7,998.5,5.2,0,11,0,90,0,16,7.448,1.0,1.5,0.3,0.3,-9.2,728
03-apr-2016,0,13.5,0,6.7,0,6.1,0,4.2,993.7,2.7,0,6,0,140,0,10,9.498,1.3,1.8,0.0,-2.5,-10.0,905
04-apr-2016,0,12.1,0,1.2,0,0.1,0,1.8,998.0,4.4,0,12,0,330,0,17,9.805,1.2,1.6,0.0,-0.6,-10.0,870
05-apr-2016,0,11.0,0,-0.9,0,-3.9,0,1.7,1002.1,7.1,0,15,0,240,0,24,8.470,1.4,2.2,0.0,-0.3,-9.8,1444
06-apr-2016,0,9.4,0,3.5,0,1.4,0,6.3,1002.4,12.0,0,23,0,280,0,38,7.786,1.6,2.5,0.0,-4.7,-10.0,1244
07-apr-2016,0,11.4,0,3.3,0,0.4,0,3.0,1009.5,9.8,0,18,0,320,0,25,7.736,1.4,2.1,0.0,-1.6,-10.0,1117
08-apr-2016,0,10.1,0,1.8,0,1.3,0,3.6,1005.0,7.4,0,19,0,290,0,25,7.765,1.1,1.7,0.0,-2.5,-10.0,850
09-apr-2016,0,8.9,0,-0.2,0,-1.1,0,3.2,995.8,4.7,0,12,0,300,0,18,7.965,1.8,2.7,0.0,-1.4,-10.0,1963
10-apr-2016,0,10.5,0,-0.8,0,-3.4,0,1.4,996.4,14.4,0,23,0,70,0,37,5.805,1.4,2.1,0.0,0.0,-9.5,597
11-apr-2016,0,9.7,0,6.1,0,4.3,0,3.9,1001.0,9.5,0,18,0,80,0,28,7.416,1.0,1.4,0.0,-2.9,-10.0,351
12-apr-2016,0,13.1,0,4.2,0,4.4,0,1.4,1000.7,3.3,0,6,0,10,0,9,9.477,1.5,2.1,0.1,0.1,-9.4,1056
13-apr-2016,0,14.8,0,1.3,0,-2.9,0,1.3,1002.6,5.9,0,10,0,110,0,14,9.505,2.0,2.8,0.8,0.8,-8.2,1571
14-apr-2016,0,12.0,0,5.3,0,6.7,0,0.1,1004.2,8.0,0,12,0,100,0,17,10.285,1.6,2.4,2.3,2.3,-6.3,1119
15-apr-2016,0,9.9,0,0.9,0,-2.0,0,1.3,1002.3,8.2,0,16,0,0,0,27,8.635,1.7,2.6,2.7,2.7,-5.6,1409
16-apr-2016,0,10.1,0,-0.6,0,-4.9,0,0.0,1007.8,7.5,0,14,0,0,0,21,7.671,2.0,3.0,4.6,4.6,-3.3,1783
17-apr-2016,0,9.9,0,0.2,0,-3.2,0,0.0,1012.8,6.8,0,14,0,250,0,20,8.059,1.4,2.1,6.0,6.0,-1.7,1194
18-apr-2016,0,11.7,0,7.2,0,6.0,0,0.1,1017.7,7.8,0,14,0,270,0,22,9.525,1.7,2.4,7.5,7.5,-0.0,989
19-apr-2016,0,14.3,0,5.8,0,4.3,0,0.0,1023.0,3.2,0,6,0,60,0,11,11.155,2.1,2.9,9.4,9.4,2.1,1505
20-apr-2016,0,17.2,0,1.3,0,-2.1,0,0.0,1022.8,6.8,0,10,0,90,0,16,11.430,2.9,4.1,12.1,12.1,4.9,2237
21-apr-2016,0,16.7,0,3.4,0,-0.5,0,0.0,1019.8,8.2,0,15,0,50,0,21,10.502,2.7,3.7,14.5,14.5,7.6,1582
22-apr-2016,0,15.7,0,5.7,0,4.0,0,0.0,1018.5,7.5,0,13,0,100,0,20,11.515,2.6,3.7,16.7,16.7,10.2,1847
23-apr-2016,0,12.8,0,1.4,0,-1.1,0,0.0,1021.2,7.6,0,13,0,340,0,20,11.517,2.6,3.9,19.0,19.0,12.9,2242
24-apr-2016,0,12.8,0,2.7,0,-1.1,0,0.0,1019.3,6.4,0,13,0,320,0,17,10.440,1.7,2.4,20.4,20.4,14.5,1172
25-apr-2016,0,13.2,0,3.9,0,5.8,0,0.1,1014.0,9.8,0,17,0,350,0,26,11.465,2.5,3.7,22.3,22.3,16.8,1835
26-apr-2016,0,9.7,0,0.8,0,1.4,0,0.4,1013.9,10.2,0,18,0,350,0,31,9.872,2.2,3.5,23.7,23.7,18.5,1991
27-apr-2016,0,9.8,0,0.1,0,-2.5,0,0.8,1013.2,7.9,0,14,0,300,0,20,8.849,1.9,3.0,24.4,24.4,19.4,1722
28-apr-2016,0,10.3,0,0.3,0,-3.3,0,2.4,1008.5,10.4,0,24,0,290,0,36,8.338,1.8,2.8,23.4,23.4,18.6,1344
29-apr-2016,0,11.5,0,0.9,0,-1.8,0,1.8,1010.2,8.7,0,17,0,310,0,24,8.055,2.2,3.3,23.3,23.3,18.8,1773
30-apr-2016,0,11.4,0,3.6,0,-0.9,0,1.4,1016.2,7.7,0,15,0,240,0,23,9.679,2.3,3.5,23.7,23.7,19.5,1988
01-may-2016,0,15.8,0,8.2,0,6.6,0,7.5,1011.0,11.2,0,17,0,220,0,27,10.913,1.7,2.4,17.5,17.5,13.6,741
02-may-2016,0,12.1,0,6.8,0,7.0,0,10.8,1011.3,12.5,0,20,0,270,0,33,11.177,2.2,3.6,8.5,8.5,4.8,1970
03-may-2016,0,12.4,0,6.3,0,3.5,0,0.3,1018.4,8.7,0,15,0,240,0,22,10.860,2.8,4.2,10.8,10.8,7.3,2216
04-may-2016,0,12.4,0,6.2,0,4.0,0,1.2,1014.1,9.7,0,18,0,190,0,28,10.225,1.3,1.9,10.8,10.8,7.4,550
05-may-2016,0,13.2,0,3.3,0,1.1,0,0.0,1011.8,7.3,0,14,0,230,0,20,11.328,2.6,3.9,13.1,13.1,10.0,2297
06-may-2016,0,15.3,0,0.1,0,-3.7,0,0.0,1009.2,5.1,0,10,0,20,0,18,11.985,2.8,4.0,15.6,15.6,12.8,2267
07-may-2016,0,11.8,0,5.9,0,5.4,0,7.9,1001.7,6.9,0,10,0,90,0,17,10.635,1.0,1.4,8.5,8.5,5.9,458
08-may-2016,0,20.4,0,11.5,0,10.0,0,0.0,998.4,8.0,0,15,0,70,0,22,13.512,2.7,3.7,11.0,11.0,8.6,1468
09-may-2016,0,20.1,0,12.9,0,10.9,0,0.0,1002.4,8.3,0,15,0,60,0,23,14.820,3.1,4.1,13.8,13.8,11.7,1587
10-may-2016,0,18.7,0,12.3,0,10.1,0,0.9,1002.7,9.1,0,16,0,60,0,24,14.315,2.2,2.9,14.8,14.8,12.9,891
11-may-2016,0,17.4,0,12.2,0,11.7,0,0.2,1001.5,8.6,0,13,0,70,0,20,14.292,1.8,2.5,16.2,16.2,14.5,844
12-may-2016,0,20.4,0,10.4,0,8.6,0,0.0,1004.2,7.3,0,14,0,50,0,21,14.765,2.7,3.7,18.5,18.5,17.1,1483
13-may-2016,0,22.2,0,9.6,0,6.0,0,0.0,1009.9,5.1,0,11,0,350,0,16,16.625,3.9,5.2,21.7,21.7,20.7,2428
14-may-2016,0,16.8,0,5.9,0,5.5,0,0.0,1016.3,6.3,0,11,0,70,0,16,16.465,3.5,5.1,24.6,24.6,23.8,2695
15-may-2016,0,17.7,0,2.6,0,0.1,0,0.0,1019.1,4.0,0,8,0,240,0,12,16.355,3.6,5.0,27.3,27.3,26.9,2812
16-may-2016,0,17.1,0,2.7,0,0.4,0,0.0,1016.2,4.0,0,9,0,240,0,14,16.382,3.4,4.7,29.9,29.9,29.7,2739
17-may-2016,0,16.8,0,6.4,0,2.8,0,1.5,1005.1,6.2,0,14,0,210,0,23,14.523,1.7,2.3,29.6,29.6,29.5,951
18-may-2016,0,15.2,0,6.9,0,4.8,0,1.4,1000.7,6.5,0,14,0,310,0,20,14.315,2.7,3.8,30.1,30.1,30.3,1893
19-may-2016,0,13.9,0,7.9,0,3.6,0,6.4,1002.9,9.7,0,17,0,230,0,26,13.065,1.5,2.3,24.8,24.8,25.1,1045
20-may-2016,0,13.1,0,9.1,0,6.9,0,11.6,999.4,7.0,0,12,0,210,0,21,12.670,1.1,1.6,14.1,14.1,14.5,628
21-may-2016,0,14.4,0,6.8,0,9.4,0,3.1,995.5,7.4,0,13,0,240,0,20,14.352,2.6,4.1,13.3,13.3,13.9,2339
22-may-2016,0,14.0,0,4.2,0,-0.5,0,2.5,1006.1,6.5,0,15,0,320,0,21,13.377,2.3,3.4,12.8,12.8,13.6,1755
23-may-2016,0,15.1,0,2.3,0,-2.2,0,0.0,1016.2,3.7,0,8,0,290,0,12,13.007,2.5,3.5,15.1,15.1,16.0,1849
24-may-2016,0,18.9,0,3.3,0,-0.5,0,0.0,1016.5,7.1,0,12,0,110,0,18,14.215,3.5,5.0,18.1,18.1,19.3,2473
25-may-2016,0,15.0,0,6.6,0,1.7,0,0.0,1015.7,7.3,0,13,0,70,0,22,14.882,3.2,4.7,20.8,20.8,22.2,2477
26-may-2016,0,14.0,0,5.3,0,2.2,0,0.0,1012.9,4.1,0,7,0,70,0,11,13.573,1.6,2.2,22.1,22.1,23.6,924
27-may-2016,0,19.0,0,9.9,0,9.5,0,0.3,1011.7,4.1,0,8,0,100,0,13,15.950,3.1,4.1,24.2,24.2,26.0,1858
28-may-2016,0,18.9,0,11.1,0,10.3,0,0.0,1010.5,4.2,0,8,0,10,0,13,16.530,2.7,3.5,26.3,26.3,28.2,1491
29-may-2016,0,20.9,0,7.3,0,3.3,0,1.1,1012.5,3.8,0,11,0,340,0,18,16.497,2.6,3.4,27.1,27.1,29.2,1473
30-may-2016,0,21.3,0,7.4,0,4.5,0,0.0,1018.0,5.7,0,12,0,330,0,18,17.945,3.9,5.4,30.1,30.1,32.4,2737
31-may-2016,0,21.1,0,5.6,0,1.8,0,0.0,1022.8,5.7,0,12,0,320,0,16,18.550,4.1,5.8,33.1,33.1,35.6,2962
01-jun-2016,0,22.7,0,4.3,0,-0.0,0,0.0,1023.6,4.2,0,7,0,70,0,13,19.115,4.1,5.6,36.0,36.0,38.6,2863
02-jun-2016,0,22.4,0,9.1,0,4.4,0,0.0,1019.5,5.4,0,10,0,340,0,16,19.950,3.9,5.3,38.6,38.6,41.4,2476
03-jun-2016,0,22.0,0,7.4,0,5.1,0,0.0,1013.6,4.4,0,7,0,120,0,11,20.220,4.4,5.9,41.4,41.4,44.4,2914
04-jun-2016,0,23.1,0,8.0,0,4.3,0,0.0,1013.3,3.0,0,7,0,110,0,11,21.115,4.0,5.4,43.9,43.9,47.1,2645
05-jun-2016,0,23.4,0,13.1,0,11.8,0,0.0,1014.2,5.2,0,12,0,150,0,21,21.890,4.2,5.5,46.4,46.4,49.7,2427
06-jun-2016,0,22.3,0,10.3,0,6.3,0,1.3,1014.6,3.6,0,10,0,130,0,14,20.112,3.0,3.9,46.8,46.8,50.1,1719
07-jun-2016,0,22.7,0,14.5,0,11.2,0,0.0,1018.1,3.8,0,7,0,320,0,13,21.132,3.7,4.8,48.9,48.9,52.3,2157
08-jun-2016,0,23.5,0,11.2,0,8.6,0,0.0,1018.9,4.9,0,10,0,80,0,16,22.347,4.0,5.4,51.2,51.2,54.7,2564
09-jun-2016,0,22.2,0,14.1,0,11.3,0,0.0,1013.8,4.1,0,7,0,140,0,11,21.900,3.2,4.1,52.9,52.9,56.4,1732
10-jun-2016,0,19.3,0,14.1,0,13.5,0,3.2,1007.7,2.9,0,7,0,260,0,10,19.770,2.2,2.9,50.8,50.8,54.4,1219
11-jun-2016,0,20.3,0,11.4,0,8.0,0,3.7,1002.6,3.8,0,10,0,200,0,15,19.605,2.6,3.4,48.5,48.5,52.2,1512
12-jun-2016,0,19.0,0,12.6,0,12.4,0,2.8,1000.7,6.4,0,13,0,220,0,22,19.002,3.3,4.5,47.6,47.6,51.3,2035
13-jun-2016,0,18.5,0,11.8,0,11.8,0,7.6,996.9,6.3,0,14,0,300,0,19,18.360,2.6,3.6,41.4,41.4,45.2,1691
14-jun-2016,0,18.0,0,12.2,0,11.0,0,9.0,992.8,8.2,0,15,0,310,0,21,17.765,2.6,3.7,34.1,34.1,37.9,1580
15-jun-2016,0,17.1,0,10.0,0,8.5,0,1.2,995.4,9.9,0,16,0,330,0,23,16.935,2.4,3.7,34.5,34.5,38.4,1656
16-jun-2016,0,16.5,0,10.4,0,10.6,0,0.0,1002.4,10.7,0,17,0,340,0,27,16.370,3.0,4.4,36.6,36.6,40.5,1829
17-jun-2016,0,15.8,0,9.6,0,8.2,0,0.0,1010.8,8.1,0,12,0,300,0,17,15.247,2.2,3.1,38.1,38.1,42.1,1127
18-jun-2016,0,16.2,0,9.4,0,7.6,0,4.0,1016.4,4.9,0,9,0,260,0,15,16.290,2.2,3.1,35.5,35.5,39.6,1493
19-jun-2016,0,17.1,0,13.2,0,13.7,0,26.1,1010.2,9.7,0,18,0,220,0,30,16.455,1.1,1.6,10.1,10.1,14.2,624
20-jun-2016,0,16.5,0,11.0,0,11.5,0,1.3,1006.3,8.4,0,13,0,230,0,21,16.993,2.9,4.4,11.5,11.5,15.7,2175
21-jun-2016,0,17.2,0,11.7,0,9.9,0,3.9,1007.3,7.9,0,12,0,200,0,20,16.153,2.1,2.9,9.4,9.4,13.8,1132
22-jun-2016,0,16.5,0,10.6,0,8.2,0,1.3,1009.1,6.9,0,11,0,260,0,19,16.503,2.8,4.1,10.7,10.7,15.2,1953
23-jun-2016,0,16.9,0,11.2,0,7.8,0,1.1,1009.8,7.3,0,13,0,240,0,20,15.885,2.3,3.2,11.7,11.7,16.3,1331
24-jun-2016,0,17.3,0,11.1,0,9.0,0,6.5,1012.2,8.8,0,17,0,300,0,25,16.243,2.5,3.6,7.5,7.5,12.2,1551
25-jun-2016,0,16.2,0,11.8,0,10.8,0,0.2,1016.2,8.1,0,12,0,300,0,17,16.105,2.2,3.1,9.4,9.4,14.2,1223
26-jun-2016,0,16.4,0,12.4,0,12.4,0,2.6,1013.7,7.1,0,12,0,290,0,20,16.318,1.6,2.3,10.9,10.9,15.8,833
27-jun-2016,0,16.2,0,9.5,0,9.8,0,1.4,1013.8,7.2,0,13,0,250,0,21,16.048,2.5,3.6,11.7,11.7,16.7,1696
28-jun-2016,0,17.1,0,10.5,0,5.4,0,8.9,1006.9,5.9,0,14,0,280,0,22,15.520,2.3,3.2,4.9,4.9,10.0,1297
29-jun-2016,0,16.7,0,10.5,0,10.4,0,11.3,997.7,7.1,0,16,0,290,0,22,16.040,2.6,3.7,0.0,-3.8,1.4,1706
30-jun-2016,0,15.8,0,10.4,0,8.5,0,3.7,999.9,6.6,0,12,0,270,0,21,15.017,1.5,2.1,0.0,-2.2,-0.8,715
01-jul-2016,0,14.8,0,8.7,0,4.4,0,4.2,1001.4,7.9,0,17,0,280,0,26,14.883,2.7,4.0,0.0,-1.5,-2.3,1927
02-jul-2016,0,16.5,0,10.3,0,6.5,0,1.2,1006.7,7.9,0,16,0,270,0,24,15.300,2.9,4.1,1.7,1.7,-0.4,1846
03-jul-2016,0,16.8,0,7.4,0,6.0,0,0.0,1012.0,5.1,0,12,0,240,0,18,16.362,3.1,4.3,4.7,4.7,2.6,2235
04-jul-2016,0,17.1,0,7.7,0,3.6,0,6.1,1009.9,7.3,0,16,0,330,0,25,15.602,1.7,2.4,0.2,0.2,-1.8,1047
05-jul-2016,0,16.6,0,10.9,0,9.1,0,0.0,1015.8,4.3,0,9,0,230,0,15,16.423,2.7,3.6,2.9,2.9,1.0,1631
06-jul-2016,0,17.8,0,12.3,0,11.2,0,3.6,1013.7,6.4,0,15,0,200,0,24,16.435,1.7,2.2,1.0,1.0,-0.9,742
07-jul-2016,0,18.7,0,12.3,0,10.7,0,1.1,1009.0,6.6,0,13,0,230,0,21,17.515,3.0,4.2,2.8,2.8,1.0,1927
08-jul-2016,0,17.8,0,13.0,0,11.9,0,2.1,1007.8,8.1,0,13,0,250,0,21,17.450,2.2,3.2,2.9,2.9,1.1,1376
09-jul-2016,0,19.5,0,15.0,0,14.3,0,15.0,1002.7,10.2,0,19,0,230,0,31,17.688,2.2,3.2,0.0,-9.9,-10.0,1224
10-jul-2016,0,15.4,0,13.8,0,13.3,0,10.1,993.7,9.3,0,14,0,220,0,22,16.517,1.1,1.6,0.0,-9.0,-10.0,536
11-jul-2016,0,16.3,0,11.6,0,12.0,0,0.8,1001.8,8.5,0,18,0,310,0,23,16.465,2.3,3.3,1.5,1.5,-8.0,1367
12-jul-2016,0,16.2,0,10.0,0,10.0,0,4.1,1011.1,5.7,0,11,0,300,0,18,16.462,2.5,3.4,0.0,-0.1,-9.2,1579
13-jul-2016,0,16.6,0,9.0,0,6.5,0,0.2,1017.6,7.2,0,15,0,310,0,21,16.220,2.5,3.6,2.3,2.3,-6.4,1553
14-jul-2016,0,16.6,0,10.7,0,9.1,0,5.2,1019.8,5.1,0,10,0,190,0,17,16.653,2.5,3.3,0.0,-0.5,-8.8,1463
15-jul-2016,0,21.3,0,13.0,0,12.8,0,8.4,1016.6,9.0,0,16,0,240,0,26,17.065,1.7,2.4,0.0,-6.7,-10.0,781
16-jul-2016,0,17.4,0,13.1,0,12.5,0,0.0,1018.4,6.7,0,12,0,220,0,22,17.673,2.8,4.0,2.8,2.8,-6.7,1822
17-jul-2016,0,18.0,0,13.1,0,12.0,0,0.0,1017.4,6.3,0,10,0,230,0,16,17.400,1.8,2.5,4.6,4.6,-4.5,989
18-jul-2016,0,24.1,0,12.3,0,15.5,0,0.0,1014.7,3.5,0,7,0,220,0,10,20.205,3.9,5.1,8.4,8.4,-0.4,2399
19-jul-2016,0,28.4,0,12.2,0,10.0,0,0.2,1007.9,5.8,0,11,0,110,0,16,21.208,4.4,5.9,12.3,12.3,3.9,2464
20-jul-2016,0,18.2,0,13.9,0,14.3,0,1.0,1005.3,7.8,0,12,0,230,0,20,20.275,3.0,4.4,13.9,13.9,5.9,2090
21-jul-2016,0,20.8,0,13.8,0,12.5,0,7.7,1008.1,6.2,0,16,0,200,0,24,18.885,2.0,2.6,7.9,7.9,0.1,900
22-jul-2016,0,17.4,0,12.7,0,12.2,0,0.1,1013.0,4.1,0,10,0,330,0,14,18.515,2.1,2.8,9.8,9.8,2.1,1249
23-jul-2016,0,18.4,0,12.8,0,12.3,0,1.2,1013.8,5.2,0,12,0,230,0,19,18.330,2.1,2.9,10.5,10.5,3.1,1315
24-jul-2016,0,18.0,0,12.7,0,10.0,0,2.3,1011.3,6.0,0,14,0,250,0,24,18.145,2.2,3.0,10.2,10.2,2.9,1314
25-jul-2016,0,15.3,0,12.3,0,11.1,0,1.9,1013.7,5.7,0,10,0,240,0,18,16.935,1.4,2.0,9.6,9.6,2.5,739
26-jul-2016,0,17.5,0,12.9,0,12.4,0,4.3,1011.7,6.1,0,12,0,230,0,22,16.938,1.3,1.7,6.5,6.5,-0.5,646
27-jul-2016,0,17.7,0,11.5,0,9.5,0,0.2,1011.5,4.3,0,8,0,240,0,14,17.670,2.2,3.0,8.3,8.3,1.5,1384
28-jul-2016,0,18.0,0,13.4,0,13.3,0,3.6,1006.7,8.0,0,12,0,240,0,22,17.888,2.1,3.0,6.6,6.6,-0.1,1288
29-jul-2016,0,18.4,0,12.2,0,12.1,0,0.4,1008.3,6.2,0,11,0,330,0,18,18.147,2.3,3.1,8.4,8.4,1.8,1276
30-jul-2016,0,16.7,0,8.7,0,4.4,0,0.0,1012.2,4.6,0,10,0,230,0,14,17.635,1.9,2.5,10.1,10.1,3.7,1180
31-jul-2016,0,16.8,0,8.2,0,3.9,0,0.1,1013.9,4.1,0,11,0,250,0,19,16.763,1.9,2.6,11.7,11.7,5.5,1160
01-aug-2016,0,16.7,0,12.4,0,11.7,0,1.4,1007.5,6.3,0,13,0,110,0,18,16.772,1.4,1.9,11.5,11.5,5.4,706
02-aug-2016,0,18.2,0,14.7,0,14.7,0,6.7,999.8,8.1,0,14,0,240,0,20,17.220,1.3,1.9,6.0,6.0,0.1,667
03-aug-2016,0,17.0,0,13.6,0,13.1,0,4.5,996.1,13.2,0,21,0,230,0,35,16.663,1.6,2.5,3.1,3.1,-2.8,909
04-aug-2016,0,20.6,0,13.5,0,12.9,0,0.3,1006.1,6.9,0,12,0,310,0,19,17.263,2.4,3.2,5.1,5.1,-0.6,1246
05-aug-2016,0,18.0,0,11.5,0,7.8,0,0.4,1015.4,4.8,0,9,0,220,0,15,17.677,2.3,3.2,6.9,6.9,1.4,1475
06-aug-2016,0,21.3,0,12.7,0,10.2,0,0.3,1016.0,9.4,0,21,0,220,0,35,18.177,1.9,2.8,8.4,8.4,3.0,1222
07-aug-2016,0,16.2,0,12.4,0,13.5,0,3.4,1014.6,12.6,0,19,0,230,0,30,16.390,1.4,1.9,6.3,6.3,1.0,460
08-aug-2016,0,17.9,0,9.0,0,6.3,0,0.0,1020.7,8.6,0,17,0,310,0,24,16.302,2.9,4.1,9.0,9.0,3.9,1915
09-aug-2016,0,17.0,0,9.2,0,4.8,0,0.0,1025.3,7.2,0,14,0,310,0,20,16.215,2.3,3.2,11.1,11.1,6.2,1413
10-aug-2016,0,18.7,0,12.5,0,12.0,0,0.2,1022.5,7.2,0,13,0,260,0,20,16.485,2.2,2.9,12.9,12.9,8.2,1020
11-aug-2016,0,15.9,0,12.4,0,9.3,0,1.2,1019.4,9.3,0,13,0,250,0,22,15.810,1.1,1.5,12.6,12.6,8.1,438
12-aug-2016,0,18.8,0,13.4,0,12.7,0,7.5,1015.2,12.3,0,20,0,230,0,29,16.160,1.6,2.4,6.6,6.6,2.2,768
13-aug-2016,0,17.1,0,11.8,0,9.1,0,0.1,1018.2,5.7,0,10,0,240,0,16,16.237,1.8,2.5,8.2,8.2,3.9,1005
14-aug-2016,0,16.2,0,12.9,0,12.9,0,0.0,1020.5,3.6,0,7,0,200,0,10,16.490,1.4,1.8,9.5,9.5,5.3,638
15-aug-2016,0,23.0,0,10.6,0,8.1,0,0.0,1015.8,6.4,0,11,0,170,0,19,17.623,3.5,4.7,12.7,12.7,8.8,2211
16-aug-2016,0,25.5,0,12.5,0,9.8,0,0.5,1009.0,7.4,0,13,0,120,0,20,18.865,3.7,5.0,15.5,15.5,12.0,2177
17-aug-2016,0,20.1,0,14.5,0,14.5,0,11.4,1005.7,5.9,0,11,0,100,0,17,18.487,1.4,1.8,5.3,5.3,2.0,631
18-aug-2016,0,19.0,0,14.2,0,14.1,0,0.3,1002.6,5.2,0,10,0,110,0,16,18.177,1.5,2.0,6.4,6.4,3.2,750
19-aug-2016,0,20.0,0,13.4,0,12.7,0,6.4,988.9,11.9,0,17,0,120,0,27,17.680,2.3,3.2,2.2,2.2,-0.9,1191
20-aug-2016,0,18.2,0,14.0,0,14.0,0,13.8,990.7,11.3,0,22,0,210,0,33,17.318,1.7,2.5,0.0,-10.0,-10.0,906
21-aug-2016,0,17.6,0,13.0,0,10.8,0,14.3,1006.7,9.2,0,16,0,210,0,24,16.842,1.2,1.7,0.0,-10.0,-10.0,587
22-aug-2016,0,19.0,0,13.1,0,14.2,0,6.1,1012.1,6.6,0,13,0,230,0,21,18.552,2.4,3.4,0.0,-3.7,-10.0,1789
23-aug-2016,0,17.7,0,9.6,0,11.3,0,6.5,1015.8,3.2,0,8,0,260,0,12,18.065,1.9,2.6,0.0,-4.6,-10.0,1270
24-aug-2016,0,18.8,0,8.1,0,3.2,0,0.2,1015.6,4.4,0,9,0,230,0,15,17.208,2.3,3.2,2.1,2.1,-7.4,1679
25-aug-2016,0,19.8,0,8.0,0,3.0,0,2.5,1011.5,4.1,0,9,0,260,0,14,17.035,2.0,2.7,1.5,1.5,-7.6,1289
26-aug-2016,0,17.8,0,10.3,0,6.3,0,0.5,1010.5,6.5,0,14,0,220,0,20,16.750,2.3,3.2,3.3,3.3,-5.4,1638
27-aug-2016,0,19.5,0,11.1,0,6.7,0,1.0,1009.9,5.5,0,10,0,100,0,16,16.745,1.7,2.3,4.0,4.0,-4.4,892
28-aug-2016,0,20.8,0,9.0,0,8.6,0,0.0,1011.2,4.9,0,10,0,310,0,15,17.610,2.4,3.3,6.3,6.3,-1.7,1663
29-aug-2016,0,17.9,0,8.4,0,4.0,0,0.2,1016.7,5.9,0,11,0,220,0,18,16.438,1.2,1.7,7.3,7.3,-0.6,705
30-aug-2016,0,20.9,0,11.4,0,5.4,0,4.1,1013.4,7.5,0,14,0,190,0,25,17.020,2.2,3.1,5.3,5.3,-2.5,1379
31-aug-2016,0,17.7,0,10.6,0,12.0,0,2.5,1013.8,6.4,0,13,0,290,0,20,16.685,1.7,2.3,4.4,4.4,-3.1,958
01-sep-2016,0,16.7,0,10.2,0,5.8,0,6.5,1013.5,7.4,0,14,0,230,0,22,15.523,0.9,1.3,0.0,-1.2,-8.5,478
02-sep-2016,0,18.0,0,12.6,0,10.9,0,5.5,1009.3,8.3,0,14,0,230,0,25,16.513,2.1,3.0,0.0,-3.4,-10.0,1431
03-sep-2016,0,19.0,0,12.8,0,11.1,0,7.0,1002.2,6.5,0,15,0,220,0,25,16.440,1.6,2.1,0.0,-5.4,-10.0,832
04-sep-2016,0,18.1,0,12.5,0,10.6,0,11.0,1005.4,5.7,0,12,0,170,0,19,16.545,1.7,2.3,0.0,-9.3,-10.0,966
05-sep-2016,0,20.9,0,14.0,0,13.4,0,4.0,1006.9,7.0,0,12,0,230,0,18,17.667,1.4,1.8,0.0,-2.6,-10.0,724
06-sep-2016,0,21.6,0,17.0,0,17.5,0,10.4,1012.7,4.2,0,9,0,200,0,15,19.093,1.4,1.8,0.0,-9.0,-10.0,707
07-sep-2016,0,19.4,0,15.0,0,12.2,0,0.3,1004.7,7.2,0,13,0,110,0,24,18.265,1.4,1.8,1.1,1.1,-8.4,571
08-sep-2016,0,16.5,0,12.5,0,12.2,0,3.4,998.9,8.6,0,15,0,230,0,25,16.683,1.4,2.0,0.0,-0.9,-9.9,755
09-sep-2016,0,17.8,0,11.8,0,10.8,0,7.1,997.1,10.1,0,21,0,230,0,31,15.375,1.3,1.7,0.0,-5.8,-10.0,429
10-sep-2016,0,16.5,0,10.1,0,6.5,0,1.6,1005.2,6.8,0,14,0,230,0,27,14.962,1.9,2.6,0.3,0.3,-9.2,1169
11-sep-2016,0,18.0,0,9.9,0,6.2,0,4.5,998.9,11.4,0,18,0,170,0,37,14.372,1.1,1.6,0.0,-3.1,-10.0,540
12-sep-2016,0,18.5,0,10.8,0,14.9,0,7.2,996.2,5.9,0,15,0,180,0,28,16.237,1.0,1.3,0.0,-6.2,-10.0,485
13-sep-2016,0,18.4,0,6.4,0,3.0,0,0.0,1007.7,3.3,0,8,0,0,0,13,15.943,1.9,2.6,1.9,1.9,-7.6,1497
14-sep-2016,0,17.3,0,7.8,0,5.9,0,1.7,1009.0,5.4,0,9,0,320,0,14,15.250,1.0,1.4,1.2,1.2,-7.9,555
15-sep-2016,0,17.4,0,9.3,0,13.5,0,0.7,1008.0,4.4,0,10,0,220,0,17,16.170,1.2,1.6,1.6,1.6,-7.1,654
16-sep-2016,0,16.8,0,9.6,0,4.6,0,0.4,1015.0,6.3,0,14,0,290,0,20,14.948,1.6,2.2,2.8,2.8,-5.5,1201
17-sep-2016,0,16.0,0,9.8,0,6.4,0,0.0,1017.8,4.7,0,11,0,230,0,16,14.887,1.1,1.5,3.9,3.9,-4.1,617
18-sep-2016,0,17.8,0,6.9,0,9.5,0,4.2,1016.2,5.9,0,11,0,290,0,16,15.315,1.1,1.5,0.8,0.8,-7.0,642
19-sep-2016,0,15.2,0,6.9,0,3.8,0,0.1,1020.1,3.0,0,6,0,250,0,12,14.630,1.1,1.5,1.8,1.8,-5.7,714
20-sep-2016,0,16.7,0,10.4,0,7.9,0,0.0,1013.7,5.7,0,9,0,160,0,15,14.845,1.4,1.9,3.2,3.2,-4.0,774
21-sep-2016,0,14.8,0,5.0,0,10.4,0,3.7,1006.8,6.7,0,13,0,160,0,23,13.962,0.9,1.3,0.3,0.3,-6.5,533
22-sep-2016,0,15.0,0,5.3,0,0.7,0,2.9,1010.8,7.1,0,15,0,230,0,23,12.413,1.2,1.7,0.0,-1.3,-7.9,849
23-sep-2016,0,16.3,0,7.8,0,4.7,0,0.1,1006.3,9.5,0,16,0,200,0,28,12.663,1.1,1.5,1.0,1.0,-6.5,476
24-sep-2016,0,17.1,0,10.0,0,13.1,0,10.9,996.7,9.9,0,19,0,180,0,35,14.622,1.2,1.6,0.0,-8.7,-10.0,553
25-sep-2016,0,14.2,0,9.1,0,7.5,0,13.0,1002.9,8.1,0,16,0,230,0,29,12.812,1.3,1.7,0.0,-10.0,-10.0,675
26-sep-2016,0,16.5,0,9.2,0,6.0,0,0.7,1008.1,4.2,0,9,0,110,0,13,13.795,1.3,1.8,0.6,0.6,-8.9,1004
27-sep-2016,0,16.5,0,12.5,0,10.0,0,1.0,1011.0,10.2,0,15,0,250,0,26,14.887,1.5,2.2,1.1,1.1,-8.0,1165
28-sep-2016,0,18.8,0,13.3,0,12.1,0,11.2,1011.8,12.2,0,22,0,220,0,33,15.337,1.2,1.6,0.0,-8.9,-10.0,339
29-sep-2016,0,15.6,0,8.6,0,8.4,0,8.2,1006.2,10.1,0,16,0,230,0,29,13.998,1.5,2.2,0.0,-6.7,-10.0,1070
30-sep-2016,0,13.3,0,7.9,0,6.0,0,10.7,1002.7,4.4,0,12,0,200,0,19,12.530,1.0,1.3,0.0,-9.7,-10.0,606
01-oct-2016,0,14.3,0,3.8,0,6.1,0,2.6,1005.2,5.2,0,12,0,330,0,20,12.765,1.1,1.6,0.0,-1.5,-10.0,1148
02-oct-2016,0,15.8,0,2.2,0,0.9,0,0.2,1010.1,6.9,0,14,0,150,0,21,11.795,1.4,1.9,1.2,1.2,-8.3,1149
03-oct-2016,0,16.4,0,11.8,0,9.5,0,5.0,1013.5,12.6,0,18,0,160,0,30,13.075,1.5,1.9,0.0,-2.3,-10.0,344
04-oct-2016,0,15.6,0,10.6,0,10.8,0,0.2,1019.3,7.2,0,12,0,110,0,19,13.195,1.1,1.4,0.9,0.9,-8.6,438
05-oct-2016,0,17.2,0,9.1,0,7.3,0,0.2,1020.4,7.6,0,13,0,130,0,23,12.705,1.3,1.6,1.9,1.9,-7.1,622
06-oct-2016,0,14.9,0,4.0,0,4.4,0,0.1,1019.0,6.8,0,14,0,110,0,23,11.833,1.3,1.7,3.1,3.1,-5.6,859
07-oct-2016,0,15.3,0,6.7,0,1.7,0,0.0,1016.8,6.5,0,12,0,150,0,19,11.615,1.2,1.7,4.3,4.3,-4.1,850
08-oct-2016,0,15.9,0,7.6,0,5.6,0,0.2,1022.2,4.4,0,7,0,90,0,12,12.450,1.0,1.3,5.0,5.0,-3.1,732
09-oct-2016,0,15.5,0,9.0,0,7.1,0,0.0,1025.2,2.8,0,5,0,110,0,7,13.528,0.8,1.1,5.7,5.7,-2.2,542
10-oct-2016,0,13.8,0,5.5,0,7.0,0,0.2,1022.2,4.6,0,8,0,100,0,11,12.863,0.7,1.0,6.2,6.2,-1.5,483
11-oct-2016,0,12.8,0,4.8,0,2.6,0,0.0,1018.0,6.6,0,13,0,90,0,22,10.767,0.9,1.3,7.1,7.1,-0.5,678
12-oct-2016,0,14.8,0,5.5,0,2.4,0,0.2,1017.2,6.4,0,12,0,100,0,20,10.935,0.9,1.2,7.8,7.8,0.2,485
13-oct-2016,0,14.5,0,3.4,0,1.5,0,0.1,1009.4,5.2,0,11,0,80,0,17,10.887,0.9,1.3,8.5,8.5,1.0,782
14-oct-2016,0,11.9,0,3.1,0,1.8,0,2.2,999.7,7.5,0,13,0,100,0,19,9.943,0.8,1.1,7.1,7.1,-0.4,385
15-oct-2016,0,13.8,0,7.4,0,8.1,0,5.7,995.2,5.8,0,9,0,80,0,14,11.300,1.1,1.4,2.4,2.4,-5.0,833
16-oct-2016,0,12.6,0,8.0,0,4.6,0,23.5,993.4,8.0,0,14,0,200,0,23,10.800,0.8,1.0,0.0,-10.0,-10.0,336
17-oct-2016,0,14.1,0,8.4,0,5.7,0,4.0,1005.0,7.8,0,13,0,280,0,24,11.205,0.9,1.2,0.0,-3.1,-10.0,587
18-oct-2016,0,13.0,0,5.8,0,3.4,0,0.2,1016.8,6.5,0,13,0,290,0,21,10.425,1.0,1.3,0.8,0.8,-8.7,688
19-oct-2016,0,12.3,0,6.0,0,4.4,0,0.0,1022.2,3.2,0,7,0,310,0,12,10.833,0.6,0.9,1.4,1.4,-7.7,510
20-oct-2016,0,12.9,0,6.2,0,8.7,0,0.0,1020.2,1.8,0,5,0,130,0,7,11.408,0.6,0.9,2.0,2.0,-6.7,482
21-oct-2016,0,11.5,0,5.3,0,3.6,0,1.3,1015.5,2.6,0,5,0,170,0,8,10.695,0.5,0.7,1.2,1.2,-7.1,340
22-oct-2016,0,14.0,0,4.6,0,5.4,0,0.0,1011.3,6.2,0,11,0,110,0,18,10.842,0.8,1.1,2.0,2.0,-6.0,758
23-oct-2016,0,12.1,0,5.1,0,2.2,0,0.2,1008.6,9.0,0,16,0,70,0,25,9.382,0.9,1.2,2.7,2.7,-5.0,501
24-oct-2016,0,12.0,0,4.0,0,3.3,0,0.1,1011.3,6.3,0,12,0,60,0,18,9.252,0.7,1.0,3.2,3.2,-4.1,724
25-oct-2016,0,12.1,0,-0.6,0,-0.1,0,0.9,1015.8,3.6,0,8,0,210,0,12,8.689,0.5,0.7,2.8,2.8,-4.4,560
26-oct-2016,0,13.9,0,9.3,0,2.8,0,3.1,1019.6,6.9,0,12,0,250,0,20,10.910,0.5,0.7,0.2,0.2,-6.7,264
27-oct-2016,0,14.0,0,11.8,0,10.3,0,2.6,1022.1,11.5,0,16,0,220,0,25,11.760,0.7,0.9,0.0,-1.7,-8.3,112
28-oct-2016,0,14.0,0,11.7,0,12.1,0,5.3,1026.3,6.4,0,13,0,240,0,23,12.630,0.5,0.7,0.0,-4.8,-10.0,187
29-oct-2016,0,13.8,0,9.9,0,10.0,0,0.0,1025.8,5.0,0,10,0,190,0,16,12.227,0.6,0.9,0.6,0.6,-8.9,544
30-oct-2016,0,15.3,0,6.1,0,5.5,0,0.2,1022.0,3.1,0,9,0,200,0,13,11.635,0.5,0.7,0.9,0.9,-8.1,517
31-oct-2016,0,12.1,0,9.4,0,5.4,0,0.1,1022.3,4.3,0,10,0,20,0,18,11.675,0.5,0.7,1.3,1.3,-7.3,167
01-nov-2016,0,11.8,0,3.0,0,4.0,0,0.0,1024.9,6.7,0,11,0,20,0,18,10.425,0.6,0.8,1.9,1.9,-6.3,631
02-nov-2016,0,10.7,0,5.9,0,1.8,0,0.0,1022.1,2.0,0,5,0,290,0,6,9.788,0.5,0.7,2.4,2.4,-5.5,248
03-nov-2016,0,11.3,0,5.8,0,7.0,0,2.6,1014.1,5.5,0,13,0,210,0,19,9.627,0.5,0.6,0.3,0.3,-7.4,220
04-nov-2016,0,10.2,0,2.9,0,2.4,0,0.6,1006.6,5.8,0,12,0,290,0,19,8.747,0.4,0.6,0.1,0.1,-7.2,548
05-nov-2016,0,9.9,0,2.7,0,2.2,0,1.3,1010.6,7.5,0,13,0,0,0,22,7.623,0.6,0.8,0.0,-0.6,-7.5,609
06-nov-2016,0,9.0,0,0.1,0,1.0,0,1.0,1014.5,8.0,0,15,0,330,0,34,6.845,0.5,0.7,0.0,-0.5,-7.6,615
07-nov-2016,0,9.5,0,-2.1,0,-1.1,0,0.0,1014.8,3.6,0,7,0,310,0,9,6.156,0.4,0.6,0.4,0.4,-6.9,569
08-nov-2016,0,9.9,0,1.9,0,-0.2,0,6.1,1003.1,6.1,0,17,0,310,0,24,7.115,0.4,0.5,0.0,-5.4,-10.0,109
09-nov-2016,0,11.0,0,5.1,0,1.5,0,2.0,999.2,6.6,0,14,0,270,0,20,7.478,0.6,0.7,0.0,-1.4,-10.0,427
10-nov-2016,0,11.5,0,0.4,0,3.2,0,0.2,1007.2,5.5,0,17,0,300,0,22,7.655,0.4,0.5,0.2,0.2,-9.3,546
11-nov-2016,0,12.6,0,0.6,0,-4.0,0,15.2,1007.3,7.7,0,16,0,170,0,27,7.475,0.3,0.4,0.0,-10.0,-10.0,93
12-nov-2016,0,12.0,0,3.6,0,6.1,0,0.4,1011.4,4.4,0,12,0,250,0,18,9.307,0.2,0.3,0.0,-0.2,-9.7,276
13-nov-2016,0,12.6,0,4.8,0,-1.1,0,0.3,1021.9,6.5,0,12,0,210,0,21,8.886,0.3,0.5,0.0,0.0,-9.2,251
14-nov-2016,0,13.7,0,11.9,0,8.9,0,1.5,1021.7,9.9,0,16,0,230,0,24,11.413,0.4,0.6,0.0,-1.0,-9.8,124
15-nov-2016,0,13.1,0,7.2,0,3.4,0,1.7,1017.1,6.9,0,15,0,230,0,23,11.155,0.1,0.2,0.0,-1.6,-10.0,399
16-nov-2016,0,12.0,0,5.9,0,6.2,0,4.6,1006.5,10.8,0,20,0,220,0,33,9.236,0.6,0.8,0.0,-4.0,-10.0,352
17-nov-2016,0,7.0,0,1.3,0,2.1,0,16.1,992.7,7.4,0,16,0,280,0,31,6.445,0.4,0.6,0.0,-10.0,-10.0,225
18-nov-2016,0,5.5,0,-0.3,0,-2.5,0,3.7,990.9,6.2,0,16,0,260,0,29,4.838,0.3,0.4,0.0,-3.4,-10.0,225
19-nov-2016,0,4.3,0,-1.7,0,-4.4,0,0.0,991.3,4.0,0,9,0,250,0,16,3.818,0.1,0.2,0.1,0.1,-9.4,267
20-nov-2016,0,3.2,0,-2.9,0,-4.4,0,0.0,989.4,2.2,0,6,0,330,0,8,3.220,0.1,0.1,0.2,0.2,-8.8,289
21-nov-2016,0,5.1,0,-1.4,0,-5.9,0,0.0,994.5,7.4,0,12,0,350,0,20,2.892,0.2,0.3,0.5,0.5,-8.1,297
22-nov-2016,0,8.4,0,0.1,0,-1.7,0,0.0,1004.9,8.5,0,15,0,320,0,21,3.583,0.3,0.3,0.7,0.7,-7.4,457
23-nov-2016,0,6.9,0,-4.7,0,-8.8,0,0.0,1017.7,3.0,0,7,0,320,0,10,2.839,0.0,0.1,0.8,0.8,-7.0,471
24-nov-2016,0,7.1,0,-0.3,0,-5.3,0,0.0,1023.2,4.9,0,8,0,30,0,13,2.931,0.1,0.2,0.9,0.9,-6.6,465
25-nov-2016,0,6.4,0,-2.3,0,-6.2,0,0.0,1022.0,5.0,0,8,0,40,0,12,2.809,0.1,0.2,1.0,1.0,-6.2,392
26-nov-2016,0,4.4,0,-0.2,0,-2.3,0,0.0,1019.2,5.7,0,9,0,50,0,13,3.622,0.2,0.3,1.2,1.2,-5.6,91
27-nov-2016,0,10.4,0,3.6,0,1.9,0,0.0,1021.2,4.5,0,10,0,100,0,15,5.957,0.2,0.3,1.4,1.4,-5.1,276
28-nov-2016,0,6.7,0,5.1,0,-0.2,0,0.0,1024.7,4.3,0,7,0,100,0,11,5.875,0.6,0.8,2.0,2.0,-4.3,88
29-nov-2016,0,8.2,0,3.5,0,3.2,0,0.0,1028.5,2.5,0,7,0,60,0,9,5.921,0.3,0.4,2.2,2.2,-3.8,211
30-nov-2016,0,8.7,0,-1.4,0,-4.0,0,0.0,1029.9,2.2,0,6,0,200,0,9,5.440,0.0,0.1,2.2,2.2,-3.6,395
01-dec-2016,0,7.0,0,-4.4,0,-9.3,0,0.0,1026.8,3.2,0,7,0,60,0,9,2.836,0.0,0.1,2.2,2.2,-3.4,410
02-dec-2016,0,5.1,0,-1.3,0,-7.6,0,0.0,1022.3,4.6,0,8,0,40,0,11,3.214,0.0,0.0,2.2,2.2,-3.3,368
03-dec-2016,0,6.9,0,4.0,0,-2.0,0,0.0,1018.6,5.9,0,10,0,70,0,15,4.762,0.5,0.6,2.7,2.7,-2.6,86
04-dec-2016,0,5.6,0,1.8,0,-0.6,0,0.0,1016.0,4.9,0,9,0,80,0,12,4.357,0.3,0.4,3.0,3.0,-2.2,165
05-dec-2016,0,8.2,0,1.8,0,-0.9,0,0.0,1014.9,6.4,0,10,0,100,0,14,4.196,0.3,0.4,3.3,3.3,-1.7,128
06-dec-2016,0,14.0,0,8.2,0,2.0,0,0.8,1011.3,8.9,0,13,0,140,0,22,7.860,0.6,0.7,3.1,3.1,-1.9,45
07-dec-2016,0,14.5,0,9.4,0,10.4,0,1.5,1008.9,10.4,0,16,0,180,0,26,10.425,0.5,0.6,2.1,2.1,-2.8,74
08-dec-2016,0,13.6,0,8.3,0,4.3,0,0.2,1012.1,5.6,0,17,0,140,0,28,9.275,0.2,0.2,2.0,2.0,-2.7,267
09-dec-2016,0,14.1,0,8.8,0,9.0,0,0.4,1009.4,9.7,0,16,0,200,0,25,10.010,0.5,0.6,2.1,2.1,-2.5,144
10-dec-2016,0,10.5,0,5.5,0,4.1,0,0.9,1014.4,5.7,0,12,0,240,0,23,7.715,0.2,0.3,1.4,1.4,-3.0,184
11-dec-2016,0,9.0,0,1.7,0,-1.5,0,0.1,1016.3,3.8,0,7,0,180,0,10,6.430,0.1,0.1,1.4,1.4,-2.9,236
12-dec-2016,0,9.7,0,4.1,0,-3.0,0,6.0,1011.2,4.2,0,8,0,140,0,14,6.741,0.2,0.3,0.0,-4.4,-8.5,93
13-dec-2016,0,13.3,0,8.9,0,6.8,0,0.3,1003.6,8.3,0,16,0,130,0,24,8.850,0.4,0.5,0.1,0.1,-8.0,208
14-dec-2016,0,12.7,0,-0.5,0,5.1,0,5.9,1004.8,3.9,0,13,0,170,0,21,8.307,0.1,0.2,0.0,-5.7,-10.0,185
15-dec-2016,0,9.5,0,-1.1,0,-6.6,0,6.3,1004.7,7.1,0,14,0,140,0,23,5.196,0.4,0.5,0.0,-5.9,-10.0,58
16-dec-2016,0,10.3,0,-1.3,0,0.2,0,1.6,1018.0,3.3,0,10,0,60,0,14,6.135,0.0,0.1,0.0,-1.6,-10.0,315
17-dec-2016,0,7.0,0,0.6,0,-6.0,0,0.0,1029.7,4.5,0,9,0,180,0,14,4.121,0.1,0.1,0.1,0.1,-9.4,261
18-dec-2016,0,8.9,0,4.4,0,-0.3,0,0.0,1026.8,4.7,0,9,0,180,0,15,5.342,0.1,0.1,0.1,0.1,-8.9,288
19-dec-2016,0,9.6,0,-1.5,0,-1.7,0,0.3,1022.3,3.7,0,11,0,300,0,17,5.957,0.0,0.0,0.0,-0.2,-8.7,313
20-dec-2016,0,7.3,0,-1.0,0,-6.8,0,7.6,1010.9,5.9,0,13,0,180,0,22,3.830,0.3,0.4,0.0,-7.3,-10.0,39
21-dec-2016,0,7.8,0,3.0,0,-0.9,0,6.1,1007.8,8.8,0,16,0,260,0,28,4.840,0.4,0.5,0.0,-5.7,-10.0,221
22-dec-2016,0,8.9,0,5.0,0,-0.4,0,4.2,1015.8,8.7,0,16,0,240,0,28,5.150,0.5,0.6,0.0,-3.7,-10.0,246
23-dec-2016,0,10.6,0,5.5,0,1.9,0,17.5,1009.1,13.6,0,19,0,240,0,34,6.167,0.7,0.8,0.0,-10.0,-10.0,164
24-dec-2016,0,11.8,0,5.8,0,2.6,0,4.4,1014.2,15.2,0,22,0,220,0,36,6.719,0.5,0.6,0.0,-3.9,-10.0,113
25-dec-2016,0,12.6,0,5.6,0,7.4,0,2.4,1012.6,14.9,0,22,0,210,0,35,8.847,0.8,1.1,0.0,-1.6,-10.0,61
26-dec-2016,0,8.5,0,3.4,0,-0.3,0,0.1,1025.2,6.9,0,14,0,260,0,24,5.263,0.6,0.7,0.5,0.5,-9.0,240
27-dec-2016,0,8.9,0,2.3,0,-1.4,0,0.0,1033.3,5.3,0,11,0,170,0,18,5.275,0.3,0.4,0.9,0.9,-8.2,253
28-dec-2016,0,9.5,0,4.5,0,0.8,0,0.0,1030.6,4.8,0,10,0,200,0,15,5.998,0.3,0.4,1.1,1.1,-7.5,217
29-dec-2016,0,10.5,0,5.4,0,-1.8,0,0.0,1026.3,6.8,0,10,0,180,0,17,6.435,0.2,0.2,1.3,1.3,-6.9,328
30-dec-2016,0,12.1,0,9.4,0,4.3,0,0.0,1025.5,10.4,0,15,0,220,0,22,8.568,0.7,0.9,2.0,2.0,-5.9,83
31-dec-2016,0,10.9,0,5.2,0,7.0,0,11.9,1020.2,10.6,0,16,0,210,0,31,8.196,0.5,0.6,0.0,-9.4,-10.0,73
01-jan-2017,0,6.0,0,0.7,0,-1.2,0,0.2,1022.4,8.6,0,13,0,0,0,22,5.034,0.2,0.1,0.0,-0.0,-9.5,354
02-jan-2017,0,5.3,0,-2.8,0,-6.8,0,0.0,1029.5,3.7,0,8,0,0,0,14,2.648,0.0,0.1,0.0,0.0,-9.1,357
03-jan-2017,0,6.3,0,0.4,0,-6.8,0,0.0,1027.3,3.2,0,8,0,280,0,12,3.891,0.3,0.5,0.3,0.3,-8.3,114
04-jan-2017,0,8.2,0,2.7,0,-1.8,0,0.0,1025.3,2.5,0,5,0,240,0,7,5.218,0.1,0.2,0.4,0.4,-7.8,273
05-jan-2017,0,9.3,0,4.7,0,2.7,0,0.7,1023.8,6.4,0,11,0,170,0,16,6.068,0.3,0.4,0.0,-0.0,-7.8,260
06-jan-2017,0,11.4,0,8.9,0,4.5,0,17.4,1023.9,6.2,0,10,0,170,0,17,8.316,0.4,0.6,0.0,-10.0,-10.0,53
07-jan-2017,0,10.2,0,8.8,0,7.9,0,1.5,1026.8,3.4,0,7,0,220,0,12,8.698,0.2,0.3,0.0,-1.3,-10.0,131
08-jan-2017,0,10.7,0,8.8,0,8.0,0,1.1,1021.7,5.8,0,10,0,190,0,15,8.943,0.4,0.5,0.0,-0.7,-10.0,59
09-jan-2017,0,9.8,0,5.3,0,3.4,0,5.4,1011.9,10.7,0,20,0,280,0,29,7.272,0.4,0.5,0.0,-5.0,-10.0,227
10-jan-2017,0,11.2,0,6.1,0,2.5,0,0.9,1008.1,10.6,0,15,0,270,0,26,7.570,0.4,0.5,0.0,-0.5,-10.0,215
11-jan-2017,0,10.7,0,4.7,0,4.2,0,0.6,1009.9,12.1,0,20,0,280,0,30,6.851,0.6,0.7,0.0,0.0,-9.4,239
12-jan-2017,0,4.9,0,1.0,0,1.2,0,2.1,1004.1,9.0,0,21,0,310,0,34,4.517,0.5,0.6,0.0,-1.6,-10.0,222
13-jan-2017,0,5.6,0,0.4,0,-2.7,0,1.6,1013.6,7.5,0,19,0,300,0,26,3.130,0.3,0.4,0.0,-1.3,-10.0,404
14-jan-2017,0,9.6,0,1.3,0,-2.8,0,0.3,1020.8,6.0,0,15,0,270,0,21,4.201,0.3,0.4,0.0,0.0,-9.5,322
15-jan-2017,0,10.7,0,7.1,0,2.3,0,0.0,1023.2,6.3,0,12,0,240,0,18,7.140,0.5,0.6,0.5,0.5,-8.5,163
16-jan-2017,0,9.9,0,7.7,0,4.7,0,0.6,1025.5,4.6,0,8,0,240,0,13,7.963,0.2,0.3,0.1,0.1,-8.5,171
17-jan-2017,0,9.9,0,8.0,0,6.8,0,0.4,1027.6,3.3,0,7,0,190,0,12,8.336,0.3,0.4,0.0,0.0,-8.2,149
18-jan-2017,0,10.6,0,7.2,0,6.4,0,0.0,1030.1,4.5,0,10,0,180,0,15,8.099,0.5,0.6,0.5,0.5,-7.3,252
19-jan-2017,0,9.4,0,1.1,0,-4.0,0,0.1,1030.8,4.0,0,8,0,180,0,14,6.371,0.2,0.3,0.5,0.5,-6.9,465
20-jan-2017,0,8.6,0,-0.9,0,-4.4,0,0.0,1026.4,4.3,0,8,0,100,0,11,4.928,0.2,0.3,0.7,0.7,-6.3,460
21-jan-2017,0,5.1,0,-2.5,0,-6.3,0,0.0,1020.2,5.1,0,8,0,80,0,11,2.769,0.3,0.4,1.0,1.0,-5.7,374
22-jan-2017,0,7.0,0,-2.2,0,-4.3,0,0.0,1018.2,3.4,0,6,0,80,0,9,3.681,0.2,0.3,1.2,1.2,-5.2,402
23-jan-2017,0,9.6,0,-0.4,0,-7.8,0,1.4,1017.0,5.6,0,12,0,180,0,19,4.205,0.3,0.4,0.1,0.1,-6.1,368
24-jan-2017,0,12.4,0,8.1,0,2.1,0,0.8,1012.6,8.9,0,15,0,180,0,29,7.748,0.6,0.7,0.0,-0.1,-6.0,225
25-jan-2017,0,11.7,0,8.8,0,8.6,0,0.0,1007.3,14.9,0,23,0,140,0,33,8.236,1.2,1.4,1.2,1.2,-4.5,215
26-jan-2017,0,8.8,0,5.6,0,4.8,0,0.4,999.2,16.2,0,24,0,140,0,41,5.984,1.3,1.7,2.1,2.1,-3.4,143
27-jan-2017,0,8.6,0,4.2,0,4.6,0,3.8,995.8,6.7,0,14,0,110,0,26,6.601,0.4,0.5,0.0,-1.4,-6.6,381
28-jan-2017,0,5.9,0,-1.1,0,-5.6,0,1.9,1001.6,4.0,0,10,0,210,0,18,4.606,0.2,0.3,0.0,-1.7,-8.0,406
29-jan-2017,0,8.1,0,0.2,0,-2.4,0,2.6,1001.0,4.5,0,8,0,80,0,11,4.677,0.3,0.4,0.0,-2.3,-10.0,180
30-jan-2017,0,12.4,0,4.0,0,-0.9,0,3.3,996.2,9.0,0,17,0,140,0,25,6.828,0.5,0.6,0.0,-2.8,-10.0,119
31-jan-2017,0,11.1,0,0.3,0,3.1,0,0.3,998.1,3.5,0,9,0,210,0,14,7.403,0.3,0.5,0.0,0.0,-9.5,372
01-feb-2017,0,10.2,0,0.8,0,-4.6,0,1.0,988.7,9.4,0,16,0,120,0,26,5.409,0.3,0.5,0.0,-0.7,-9.7,210
02-feb-2017,0,12.4,0,7.3,0,3.3,0,2.8,970.1,11.6,0,20,0,200,0,33,8.219,0.7,0.9,0.0,-2.1,-10.0,226
03-feb-2017,0,7.7,0,1.2,0,0.5,0,4.8,978.0,7.2,0,19,0,210,0,37,5.991,0.4,0.5,0.0,-4.4,-10.0,361
04-feb-2017,0,5.0,0,-1.4,0,-1.4,0,3.3,986.6,4.7,0,10,0,200,0,16,4.090,0.3,0.4,0.0,-3.0,-10.0,326
05-feb-2017,0,8.0,0,-2.3,0,-6.1,0,0.0,998.5,3.7,0,14,0,260,0,21,3.129,0.4,0.6,0.4,0.4,-9.1,493
06-feb-2017,0,12.2,0,-0.3,0,-5.4,0,6.9,999.9,10.0,0,20,0,210,0,33,4.822,0.6,0.8,0.0,-5.9,-10.0,218
07-feb-2017,0,8.1,0,-1.8,0,-1.4,0,1.8,1010.2,4.1,0,10,0,300,0,14,5.436,0.4,0.6,0.0,-1.4,-10.0,634
08-feb-2017,0,8.4,0,-2.7,0,-6.9,0,0.0,1019.0,5.4,0,10,0,130,0,16,3.726,0.4,0.6,0.4,0.4,-9.1,509
09-feb-2017,0,8.0,0,1.6,0,-2.6,0,0.0,1017.6,11.8,0,18,0,90,0,29,5.173,0.8,1.0,1.2,1.2,-7.9,456
10-feb-2017,0,4.5,0,1.5,0,-0.5,0,0.0,1023.0,5.7,0,10,0,100,0,15,3.666,0.7,1.0,1.9,1.9,-6.7,263
11-feb-2017,0,6.2,0,-1.5,0,-4.4,0,0.0,1027.2,7.9,0,14,0,0,0,23,3.486,0.7,1.0,2.6,2.6,-5.7,714
12-feb-2017,0,5.1,0,2.2,0,-1.6,0,0.0,1020.0,12.0,0,18,0,50,0,29,3.125,0.9,1.3,3.5,3.5,-4.5,264
13-feb-2017,0,10.1,0,3.2,0,1.1,0,0.0,1011.3,15.3,0,20,0,70,0,31,5.055,1.2,1.6,4.7,4.7,-3.0,498
14-feb-2017,0,10.8,0,5.7,0,4.4,0,0.4,1010.6,9.0,0,15,0,70,0,21,6.076,0.8,1.1,5.1,5.1,-2.5,451
15-feb-2017,0,11.3,0,5.4,0,1.5,0,2.1,1015.7,9.2,0,15,0,210,0,25,6.663,0.7,0.9,3.6,3.6,-3.8,418
16-feb-2017,0,10.5,0,4.8,0,0.4,0,1.6,1019.9,6.8,0,13,0,190,0,20,6.847,0.6,0.8,2.6,2.6,-4.6,185
17-feb-2017,0,12.4,0,5.3,0,-1.2,0,0.0,1015.6,7.1,0,12,0,180,0,17,7.881,0.6,0.8,3.2,3.2,-3.7,196
18-feb-2017,0,11.7,0,8.2,0,6.4,0,0.1,1014.0,6.7,0,13,0,240,0,21,8.935,0.7,0.9,3.8,3.8,-3.0,416
19-feb-2017,0,10.6,0,8.0,0,7.1,0,0.4,1015.7,8.5,0,14,0,230,0,24,8.990,0.4,0.7,3.8,3.8,-2.8,215
20-feb-2017,0,11.4,0,8.5,0,9.4,0,1.6,1015.5,9.5,0,16,0,230,0,25,9.465,0.5,0.7,2.7,2.7,-3.7,201
21-feb-2017,0,10.9,0,7.9,0,6.6,0,8.7,1008.3,13.9,0,23,0,220,0,37,9.302,0.5,0.7,0.0,-5.6,-10.0,120
22-feb-2017,0,10.6,0,7.9,0,7.6,0,15.4,995.6,8.9,0,20,0,200,0,29,9.130,0.5,0.8,0.0,-10.0,-10.0,280
23-feb-2017,0,10.5,0,2.1,0,3.8,0,2.8,995.4,15.8,0,32,0,240,0,50,7.589,0.8,1.3,0.0,-2.0,-10.0,813
24-feb-2017,0,8.8,0,0.1,0,-3.9,0,0.2,1006.8,6.9,0,13,0,200,0,21,5.629,0.5,0.7,0.3,0.3,-9.2,272
25-feb-2017,0,12.3,0,6.3,0,4.6,0,2.9,998.0,11.1,0,18,0,190,0,30,8.841,1.0,1.3,0.0,-1.6,-10.0,673
26-feb-2017,0,9.4,0,2.5,0,3.3,0,21.8,990.2,11.2,0,20,0,240,0,35,7.597,0.6,1.0,0.0,-10.0,-10.0,454
27-feb-2017,0,6.5,0,-2.0,0,-1.6,0,4.6,980.5,5.8,0,12,0,220,0,22,4.923,0.7,1.0,0.0,-3.9,-10.0,618
28-feb-2017,0,9.3,0,-1.3,0,-5.3,0,4.3,986.9,9.1,0,20,0,270,0,35,4.801,0.9,1.3,0.0,-3.4,-10.0,669
01-mar-2017,0,8.6,0,1.5,0,-2.3,0,7.6,990.8,8.1,0,20,0,250,0,36,5.196,0.8,1.1,0.0,-6.8,-10.0,457
02-mar-2017,0,6.3,0,3.5,0,-0.3,0,6.1,997.2,7.0,0,21,0,250,0,35,4.958,0.8,1.0,0.0,-5.3,-10.0,251
03-mar-2017,0,6.6,0,4.4,0,4.2,0,24.5,986.7,8.3,0,15,0,20,0,28,5.733,0.5,0.7,0.0,-10.0,-10.0,108
04-mar-2017,0,8.0,0,2.7,0,2.2,0,1.4,980.2,10.8,0,18,0,310,0,25,5.588,0.8,1.2,0.0,-0.6,-10.0,480
05-mar-2017,0,9.4,0,1.8,0,-0.2,0,6.8,984.7,7.1,0,15,0,260,0,29,5.871,0.9,1.3,0.0,-5.9,-10.0,758
06-mar-2017,0,7.5,0,0.1,0,-1.8,0,9.6,1001.4,6.1,0,18,0,310,0,25,5.127,0.7,1.0,0.0,-8.9,-10.0,585
07-mar-2017,0,11.3,0,-0.3,0,-3.4,0,16.6,1004.7,7.3,0,19,0,260,0,30,5.725,0.5,0.7,0.0,-10.0,-10.0,267
08-mar-2017,0,12.2,0,7.8,0,5.7,0,0.1,1005.4,8.9,0,14,0,240,0,25,8.950,1.1,1.7,1.0,1.0,-8.5,1085
09-mar-2017,0,12.1,0,1.9,0,-2.3,0,1.1,1012.3,4.8,0,11,0,240,0,20,8.621,0.8,1.2,0.8,0.8,-8.3,840
10-mar-2017,0,12.8,0,9.6,0,5.2,0,0.1,1011.3,7.6,0,12,0,180,0,23,9.530,1.1,1.5,1.8,1.8,-6.9,556
11-mar-2017,0,13.3,0,7.3,0,8.1,0,3.1,1006.8,4.5,0,9,0,240,0,13,10.605,1.2,1.7,0.0,-0.2,-8.5,1195
12-mar-2017,0,11.7,0,5.9,0,1.8,0,1.3,1011.5,7.9,0,14,0,270,0,21,9.278,1.4,1.9,0.1,0.1,-8.0,1096
13-mar-2017,0,12.9,0,7.7,0,4.3,0,0.8,1022.0,9.5,0,15,0,210,0,24,9.775,1.0,1.4,0.3,0.3,-7.4,712
14-mar-2017,0,12.9,0,7.3,0,7.1,0,0.8,1025.9,9.7,0,17,0,240,0,26,10.640,1.1,1.7,0.6,0.6,-6.7,1072
15-mar-2017,0,12.6,0,6.6,0,1.6,0,0.8,1023.7,6.1,0,14,0,230,0,21,9.898,0.9,1.3,0.6,0.6,-6.3,690
16-mar-2017,0,10.4,0,3.8,0,8.1,0,1.6,1016.6,9.9,0,18,0,280,0,26,9.562,1.1,1.6,0.1,0.1,-6.5,917
17-mar-2017,0,10.3,0,5.8,0,-1.1,0,15.0,1010.2,15.0,0,21,0,220,0,34,8.190,0.9,1.3,0.0,-10.0,-10.0,243
18-mar-2017,0,10.8,0,9.9,0,8.4,0,5.2,1003.6,14.1,0,22,0,210,0,33,9.955,0.5,0.9,0.0,-4.7,-10.0,228
19-mar-2017,0,12.6,0,8.6,0,9.1,0,3.7,998.3,13.1,0,22,0,220,0,34,10.660,1.0,1.6,0.0,-2.7,-10.0,666
20-mar-2017,0,10.4,0,1.4,0,2.9,0,4.3,996.0,11.9,0,19,0,250,0,33,8.850,1.2,2.0,0.0,-3.1,-10.0,1302
21-mar-2017,0,5.5,0,0.3,0,-0.6,0,7.7,997.8,6.2,0,18,0,260,0,33,5.972,0.9,1.3,0.0,-6.8,-10.0,752
22-mar-2017,0,9.6,0,0.7,0,-0.1,0,1.4,1004.2,11.6,0,17,0,340,0,28,6.720,1.9,2.9,0.5,0.5,-9.0,1441
23-mar-2017,0,10.1,0,2.8,0,0.9,0,0.0,1018.1,9.0,0,14,0,0,0,24,6.326,1.5,2.1,2.0,2.0,-7.0,833
24-mar-2017,0,13.7,0,1.4,0,-1.9,0,0.0,1027.0,6.3,0,11,0,50,0,17,7.869,1.8,2.7,3.8,3.8,-4.8,1722
25-mar-2017,0,16.6,0,-0.5,0,-3.5,0,0.0,1026.2,5.2,0,8,0,40,0,13,8.742,2.1,2.9,5.9,5.9,-2.5,1763
26-mar-2017,0,16.6,0,-0.2,0,-3.4,0,0.0,1019.3,7.6,0,14,0,70,0,20,8.916,2.3,3.2,8.0,8.0,-0.1,1657
27-mar-2017,0,16.7,0,3.3,0,-0.5,0,0.0,1013.7,7.0,0,11,0,110,0,16,9.778,2.2,3.1,10.1,10.1,2.2,1730
28-mar-2017,0,14.6,0,4.6,0,2.6,0,1.8,1008.2,7.3,0,13,0,160,0,21,9.638,1.4,1.9,9.6,9.6,1.8,877
29-mar-2017,0,14.6,0,9.2,0,5.4,0,13.4,1004.4,6.8,0,14,0,180,0,23,10.938,1.1,1.5,0.0,-2.8,-10.0,572
30-mar-2017,0,16.2,0,9.9,0,5.9,0,2.9,999.3,7.7,0,14,0,170,0,20,11.512,1.8,2.4,0.0,-1.1,-10.0,1118
31-mar-2017,0,13.8,0,5.3,0,3.6,0,4.9,995.5,5.1,0,12,0,180,0,18,11.395,1.3,1.8,0.0,-3.6,-10.0,1066
01-apr-2017,0,12.5,0,3.0,0,2.0,0,0.3,1006.5,7.8,0,18,0,310,0,27,10.568,1.4,2.1,1.1,1.1,-8.4,1226
02-apr-2017,0,14.4,0,1.1,0,-1.7,0,0.0,1014.9,6.8,0,14,0,180,0,23,10.029,1.8,2.7,2.9,2.9,-6.2,1552
03-apr-2017,0,14.0,0,8.1,0,8.4,0,3.2,1013.1,11.5,0,16,0,210,0,29,10.843,1.1,1.7,0.8,0.8,-8.0,629
04-apr-2017,0,11.6,0,6.5,0,4.5,0,0.0,1024.7,6.3,0,12,0,290,0,17,10.355,1.7,2.4,2.5,2.5,-5.8,1056
05-apr-2017,0,11.4,0,7.7,0,6.9,0,0.0,1030.6,4.3,0,9,0,300,0,12,10.407,1.4,1.9,3.9,3.9,-4.1,734
06-apr-2017,0,10.4,0,7.0,0,6.9,0,0.0,1027.7,3.6,0,8,0,210,0,11,10.297,1.3,1.8,5.1,5.1,-2.6,721
07-apr-2017,0,13.4,0,3.2,0,6.1,0,0.0,1021.6,3.6,0,8,0,220,0,14,10.852,1.6,2.3,6.7,6.7,-0.8,1258
08-apr-2017,0,17.6,0,0.9,0,-2.4,0,0.0,1014.4,4.7,0,10,0,140,0,15,10.970,2.5,3.5,9.0,9.0,1.7,2017
09-apr-2017,0,11.9,0,4.6,0,1.2,0,0.0,1017.0,6.2,0,13,0,300,0,19,10.665,1.0,1.4,10.0,10.0,2.7,582
10-apr-2017,0,12.6,0,4.2,0,0.1,0,0.0,1025.0,6.6,0,11,0,310,0,18,10.025,2.0,2.8,11.7,11.7,4.7,1479
11-apr-2017,0,10.2,0,7.1,0,2.8,0,0.0,1022.6,8.9,0,14,0,230,0,23,9.800,1.5,2.0,13.0,13.0,6.1,690
12-apr-2017,0,13.7,0,7.7,0,6.9,0,0.5,1017.3,9.3,0,16,0,280,0,22,10.677,1.7,2.5,14.1,14.1,7.4,1087
13-apr-2017,0,11.9,0,7.0,0,6.3,0,0.6,1014.3,6.8,0,13,0,230,0,19,10.600,1.5,2.1,14.8,14.8,8.2,955
14-apr-2017,0,11.3,0,5.7,0,7.2,0,1.4,1012.0,6.8,0,11,0,230,0,19,10.878,1.1,1.5,14.3,14.3,7.9,679
15-apr-2017,0,11.7,0,4.3,0,0.9,0,0.1,1016.8,6.6,0,15,0,270,0,20,9.968,1.8,2.6,15.7,15.7,9.6,1258
16-apr-2017,0,12.2,0,6.4,0,2.6,0,2.6,1018.6,7.9,0,15,0,270,0,22,10.345,1.2,1.7,14.2,14.2,8.2,679
17-apr-2017,0,12.2,0,4.2,0,5.6,0,0.0,1022.0,4.4,0,9,0,320,0,13,11.015,1.4,2.0,15.4,15.4,9.6,1042
18-apr-2017,0,14.6,0,4.3,0,1.0,0,0.0,1027.1,3.3,0,9,0,230,0,14,11.870,1.9,2.6,17.0,17.0,11.5,1503
19-apr-2017,0,14.3,0,9.0,0,8.8,0,0.0,1030.8,4.4,0,9,0,230,0,12,12.407,1.5,2.0,18.3,18.3,12.9,839
20-apr-2017,0,12.8,0,5.8,0,9.4,0,0.0,1031.8,4.1,0,8,0,290,0,12,12.130,1.1,1.5,19.2,19.2,14.0,673
21-apr-2017,0,15.0,0,4.2,0,1.4,0,0.0,1029.4,4.4,0,10,0,330,0,16,12.020,1.8,2.4,20.7,20.7,15.7,1222
22-apr-2017,0,12.9,0,7.7,0,8.6,0,0.0,1027.0,3.7,0,7,0,210,0,11,12.423,1.4,1.9,21.8,21.8,17.1,779
23-apr-2017,0,14.6,0,8.0,0,5.9,0,0.0,1021.7,3.4,0,8,0,240,0,12,12.858,1.9,2.5,23.3,23.3,18.8,1208
24-apr-2017,0,12.4,0,0.5,0,7.6,0,0.5,1016.4,8.1,0,15,0,340,0,25,11.975,1.8,2.7,24.2,24.2,19.9,1457
25-apr-2017,0,10.2,0,0.2,0,-1.0,0,0.3,1018.9,9.6,0,17,0,330,0,27,9.455,2.2,3.5,25.6,25.6,21.6,2001
26-apr-2017,0,10.7,0,0.3,0,-1.2,0,3.0,1020.1,6.1,0,12,0,300,0,19,9.517,1.7,2.5,24.0,24.0,20.2,1403
27-apr-2017,0,11.4,0,2.5,0,0.4,0,0.3,1018.6,6.8,0,15,0,310,0,22,10.080,1.5,2.2,24.9,24.9,21.2,1156
28-apr-2017,0,12.6,0,4.7,0,3.1,0,0.2,1011.6,4.8,0,11,0,240,0,17,10.903,2.0,2.8,26.2,26.2,22.8,1367
29-apr-2017,0,12.8,0,6.2,0,4.3,0,0.3,999.0,10.7,0,19,0,130,0,28,10.200,1.9,2.7,27.4,27.4,24.2,949
30-apr-2017,0,14.6,0,8.0,0,5.7,0,0.2,990.8,11.7,0,19,0,110,0,32,11.090,2.5,3.7,29.1,29.1,26.1,1577
01-may-2017,0,15.9,0,2.0,0,-0.2,0,0.0,1002.4,3.4,0,9,0,220,0,13,12.960,2.6,3.6,31.0,31.0,28.3,2152
02-may-2017,0,19.4,0,4.7,0,2.1,0,0.0,1014.9,7.1,0,11,0,50,0,16,14.088,3.4,4.9,33.4,33.4,31.1,2477
03-may-2017,0,16.6,0,5.5,0,3.2,0,0.0,1021.2,9.1,0,16,0,80,0,23,14.167,3.4,5.0,35.8,35.8,33.8,2498
04-may-2017,0,16.9,0,5.4,0,2.5,0,0.0,1020.4,10.7,0,18,0,70,0,27,13.343,3.3,4.8,38.0,38.0,36.3,2016
05-may-2017,0,16.2,0,6.4,0,4.5,0,0.0,1015.4,13.6,0,20,0,80,0,32,13.260,3.8,5.8,40.6,40.6,39.1,2466
06-may-2017,0,13.0,0,5.8,0,4.8,0,0.0,1012.8,9.0,0,18,0,50,0,26,11.703,2.0,2.7,41.8,41.8,40.5,1034
07-may-2017,0,19.6,0,5.5,0,2.3,0,0.0,1018.8,3.7,0,10,0,240,0,17,15.297,3.6,4.8,44.0,44.0,43.0,2600
08-may-2017,0,19.7,0,4.9,0,2.9,0,0.0,1022.9,6.7,0,11,0,80,0,18,15.993,3.6,5.1,46.1,46.1,45.4,2568
09-may-2017,0,18.8,0,3.1,0,0.7,0,0.0,1016.3,5.0,0,8,0,70,0,14,16.005,3.3,4.6,48.1,48.1,47.5,2426
10-may-2017,0,17.6,0,3.2,0,1.4,0,0.0,1001.9,3.2,0,7,0,240,0,11,15.932,2.8,3.9,49.7,49.7,49.3,2080
11-may-2017,0,20.0,0,3.9,0,2.6,0,0.0,990.9,4.0,0,9,0,130,0,13,16.993,3.6,4.9,51.6,51.6,51.5,2549
12-may-2017,0,17.3,0,10.1,0,10.6,0,6.9,989.8,3.9,0,10,0,300,0,15,15.985,1.8,2.3,45.7,45.7,45.6,853
13-may-2017,0,14.4,0,7.5,0,8.2,0,11.2,996.1,5.8,0,11,0,150,0,19,13.637,1.6,2.3,35.4,35.4,35.5,1037
14-may-2017,0,15.1,0,6.7,0,5.4,0,5.6,1004.7,8.0,0,15,0,130,0,23,13.305,2.4,3.6,31.5,31.5,31.7,1755
15-may-2017,0,18.1,0,10.2,0,10.0,0,10.4,1002.8,11.1,0,15,0,120,0,25,14.300,1.7,2.4,22.3,22.3,22.6,804
16-may-2017,0,15.2,0,7.2,0,13.2,0,1.1,1008.3,10.3,0,16,0,200,0,25,15.517,2.6,4.2,23.3,23.3,23.8,2309
17-may-2017,0,14.5,0,6.6,0,1.9,0,2.0,1010.1,7.5,0,13,0,230,0,21,14.175,2.9,4.3,23.5,23.5,24.2,2377
18-may-2017,0,13.9,0,4.3,0,3.5,0,3.6,1006.6,5.5,0,12,0,230,0,18,14.333,2.7,3.9,22.0,22.0,22.9,2251
19-may-2017,0,14.1,0,3.4,0,0.1,0,2.1,1007.0,5.0,0,13,0,220,0,18,13.825,2.4,3.4,21.8,21.8,22.9,1900
20-may-2017,0,14.2,0,6.8,0,3.0,0,0.0,1009.0,6.6,0,13,0,230,0,22,14.693,3.2,4.8,24.4,24.4,25.7,2741
21-may-2017,0,16.1,0,9.4,0,8.9,0,0.8,1008.1,9.8,0,15,0,130,0,25,14.285,2.3,3.3,25.4,25.4,26.8,1286
22-may-2017,0,15.8,0,11.4,0,10.7,0,0.9,1007.0,8.5,0,14,0,240,0,25,14.733,2.6,3.8,26.5,26.5,28.1,1658
23-may-2017,0,16.7,0,10.8,0,8.4,0,0.0,1015.2,5.8,0,12,0,230,0,19,14.950,1.6,2.2,27.7,27.7,29.4,885
24-may-2017,0,19.6,0,10.7,0,12.8,0,0.0,1019.5,4.0,0,7,0,250,0,11,16.375,2.2,3.0,29.4,29.4,31.2,1337
25-may-2017,0,25.0,0,9.6,0,6.0,0,0.0,1014.4,4.7,0,10,0,190,0,17,18.855,4.0,5.3,32.3,32.3,34.3,2483
26-may-2017,0,22.0,0,13.5,0,10.8,0,1.8,1007.9,6.6,0,11,0,90,0,18,17.808,2.4,3.1,32.1,32.1,34.3,1117
27-may-2017,0,17.1,0,7.6,0,13.4,0,13.6,1009.0,7.7,0,14,0,290,0,19,15.887,1.4,1.9,19.5,19.5,21.8,756
28-may-2017,0,18.3,0,6.9,0,3.5,0,0.4,1012.4,3.4,0,7,0,50,0,12,16.917,2.8,3.8,21.4,21.4,23.9,1921
29-may-2017,0,18.6,0,10.3,0,11.2,0,0.2,1007.8,4.6,0,9,0,230,0,14,17.225,2.9,3.9,23.6,23.6,26.2,1847
30-may-2017,0,17.1,0,8.4,0,6.6,0,0.8,1010.4,6.4,0,13,0,310,0,18,16.960,2.7,3.9,24.9,24.9,27.6,1881
31-may-2017,0,21.0,0,6.8,0,4.8,0,0.0,1012.4,6.4,0,12,0,170,0,20,16.557,3.3,4.5,27.5,27.5,30.4,2032
01-jun-2017,0,14.7,0,10.0,0,9.4,0,4.4,1009.2,7.0,0,11,0,180,0,18,15.600,1.4,2.0,24.1,24.1,27.1,808
02-jun-2017,0,16.0,0,7.6,0,5.4,0,0.8,1009.8,6.2,0,12,0,250,0,20,16.075,3.3,4.8,25.9,25.9,29.0,2552
03-jun-2017,0,15.1,0,8.1,0,3.8,0,3.0,1007.1,8.3,0,15,0,240,0,26,15.913,3.2,4.9,25.3,25.3,28.6,2601
04-jun-2017,0,14.5,0,8.2,0,6.1,0,13.9,1001.9,7.8,0,12,0,230,0,21,14.760,2.3,3.4,13.2,13.2,16.6,1660
05-jun-2017,0,15.1,0,8.9,0,9.0,0,3.4,993.9,8.0,0,15,0,310,0,22,14.875,2.2,3.1,11.7,11.7,15.2,1324
06-jun-2017,0,16.1,0,7.0,0,4.4,0,0.4,999.6,10.9,0,17,0,290,0,25,14.725,3.4,5.4,14.4,14.4,18.1,2644
07-jun-2017,0,14.9,0,6.6,0,2.0,0,6.1,1002.5,6.0,0,13,0,90,0,18,14.172,1.5,2.2,9.6,9.6,13.4,1103
08-jun-2017,0,15.8,0,9.6,0,11.2,0,10.5,995.8,6.3,0,16,0,220,0,25,15.677,2.2,3.3,1.2,1.2,5.1,1671
09-jun-2017,0,16.4,0,8.2,0,6.2,0,13.9,999.7,6.4,0,11,0,130,0,19,15.505,2.2,3.1,0.0,-10.0,-6.7,1415
10-jun-2017,0,18.6,0,12.4,0,11.7,0,5.0,997.6,11.0,0,18,0,200,0,29,16.045,2.9,4.4,0.0,-2.1,-8.4,1869
11-jun-2017,0,14.2,0,11.7,0,11.1,0,4.8,1001.9,13.2,0,20,0,220,0,31,14.547,1.6,2.4,0.0,-3.2,-10.0,863
12-jun-2017,0,15.6,0,11.2,0,10.1,0,0.4,1009.3,9.2,0,14,0,230,0,24,14.715,2.1,2.9,1.7,1.7,-7.8,1153
13-jun-2017,0,17.5,0,12.3,0,12.6,0,1.4,1011.0,6.6,0,13,0,190,0,18,15.675,2.1,2.9,2.3,2.3,-6.7,1109
14-jun-2017,0,18.3,0,12.0,0,10.7,0,2.3,1006.1,8.8,0,13,0,190,0,21,16.110,2.7,3.8,2.7,2.7,-6.0,1558
15-jun-2017,0,15.1,0,12.0,0,10.3,0,0.5,1008.4,11.6,0,19,0,230,0,33,15.368,2.3,3.5,4.4,4.4,-3.9,1476
16-jun-2017,0,17.6,0,12.9,0,12.9,0,0.8,1017.4,8.6,0,14,0,230,0,22,15.542,1.6,2.2,5.1,5.1,-2.9,712
17-jun-2017,0,19.3,0,12.7,0,11.6,0,0.0,1020.8,7.7,0,13,0,260,0,22,18.095,3.8,5.6,8.8,8.8,1.0,2776
18-jun-2017,0,21.7,0,12.8,0,12.9,0,0.0,1018.4,4.0,0,7,0,190,0,12,19.715,4.0,5.3,12.4,12.4,5.0,2425
19-jun-2017,0,22.8,0,10.5,0,8.2,0,0.0,1016.1,4.9,0,12,0,340,0,17,20.423,4.0,5.4,16.0,16.0,9.0,2634
20-jun-2017,0,24.2,0,13.4,0,11.9,0,0.0,1013.1,6.9,0,10,0,70,0,16,20.693,4.0,5.4,19.4,19.4,13.0,2251
21-jun-2017,0,19.1,0,14.0,0,14.5,0,1.1,1007.8,6.2,0,10,0,230,0,18,19.525,2.3,3.1,20.2,20.2,14.2,1344
22-jun-2017,0,15.2,0,10.9,0,11.8,0,1.2,1007.6,8.7,0,15,0,210,0,24,17.737,2.1,3.1,20.7,20.7,15.0,1300
23-jun-2017,0,16.2,0,12.4,0,13.0,0,4.4,1006.7,10.3,0,19,0,210,0,29,16.938,2.1,3.1,18.0,18.0,12.6,1184
24-jun-2017,0,16.2,0,11.7,0,12.1,0,3.4,1007.5,8.1,0,13,0,280,0,23,17.305,2.6,3.9,16.8,16.8,11.7,1811
25-jun-2017,0,16.4,0,8.7,0,11.7,0,3.4,1008.0,6.0,0,12,0,270,0,17,17.362,2.5,3.5,15.6,15.6,10.8,1664
26-jun-2017,0,14.3,0,7.3,0,5.9,0,24.9,1006.1,5.2,0,10,0,90,0,17,15.725,1.4,2.0,0.0,-8.1,-10.0,922
27-jun-2017,0,19.1,0,12.6,0,12.8,0,6.7,998.5,5.3,0,10,0,260,0,17,18.487,3.5,4.8,0.0,-3.2,-10.0,2350
28-jun-2017,0,18.2,0,9.4,0,7.0,0,2.8,996.9,3.9,0,10,0,70,0,16,17.628,1.8,2.4,0.0,-1.0,-10.0,976
29-jun-2017,0,15.6,0,10.6,0,10.3,0,0.0,1002.0,11.9,0,18,0,320,0,28,16.285,2.3,3.5,2.3,2.3,-7.2,1394
30-jun-2017,0,17.7,0,8.0,0,9.4,0,0.0,1010.0,12.5,0,20,0,310,0,33,15.895,3.4,5.1,5.6,5.6,-3.5,2192
01-jul-2017,0,18.3,0,6.9,0,2.2,0,0.0,1014.5,7.8,0,14,0,300,0,22,15.988,2.1,3.0,7.6,7.6,-1.2,1325
02-jul-2017,0,15.6,0,5.9,0,1.4,0,1.5,1015.9,5.9,0,11,0,230,0,17,15.517,1.5,2.2,7.5,7.5,-1.1,1075
03-jul-2017,0,17.0,0,12.1,0,12.2,0,2.9,1013.7,4.2,0,8,0,240,0,14,16.987,2.0,2.6,6.5,6.5,-2.0,1176
04-jul-2017,0,17.3,0,11.1,0,14.4,0,4.9,1013.1,8.4,0,13,0,200,0,19,17.290,1.8,2.7,3.3,3.3,-5.0,1162
05-jul-2017,0,18.8,0,9.8,0,6.2,0,0.0,1013.7,3.4,0,8,0,170,0,13,17.495,2.3,3.0,5.5,5.5,-2.4,1347
06-jul-2017,0,19.2,0,13.9,0,12.9,0,0.3,1011.1,5.9,0,11,0,240,0,18,18.538,2.6,3.6,7.7,7.7,0.0,1561
07-jul-2017,0,17.5,0,12.0,0,14.2,0,0.4,1013.0,6.2,0,11,0,220,0,18,17.917,2.5,3.6,9.7,9.7,2.2,1647
08-jul-2017,0,21.0,0,9.6,0,6.6,0,0.0,1013.2,4.9,0,9,0,230,0,16,19.212,3.6,5.0,13.0,13.0,5.8,2426
09-jul-2017,0,15.5,0,11.1,0,8.1,0,0.9,1008.4,6.9,0,12,0,220,0,21,17.193,1.4,2.0,13.3,13.3,6.4,769
10-jul-2017,0,16.4,0,11.3,0,11.4,0,3.2,1004.6,3.4,0,9,0,320,0,13,16.903,1.8,2.3,11.7,11.7,4.9,950
11-jul-2017,0,18.2,0,11.3,0,11.9,0,0.1,1004.6,4.8,0,11,0,10,0,18,17.735,2.5,3.4,13.8,13.8,7.3,1562
12-jul-2017,0,20.3,0,6.6,0,4.3,0,0.0,1012.0,3.7,0,8,0,250,0,13,18.833,3.8,5.1,17.1,17.1,11.1,2615
13-jul-2017,0,17.5,0,10.2,0,6.9,0,0.6,1015.4,6.6,0,12,0,250,0,21,17.688,1.9,2.7,18.2,18.2,12.4,1211
14-jul-2017,0,18.0,0,11.7,0,10.3,0,4.3,1015.4,8.2,0,15,0,210,0,22,17.005,2.2,3.2,15.7,15.7,10.3,1345
15-jul-2017,0,19.2,0,14.2,0,14.2,0,4.5,1013.4,9.3,0,17,0,220,0,29,17.112,1.3,1.9,12.3,12.3,7.1,632
16-jul-2017,0,18.2,0,10.1,0,7.6,0,0.1,1018.8,5.5,0,11,0,220,0,19,18.017,3.3,4.6,15.2,15.2,10.3,2413
17-jul-2017,0,23.9,0,7.8,0,2.9,0,0.0,1018.5,3.3,0,9,0,80,0,13,19.257,4.2,5.6,18.8,18.8,14.4,2766
18-jul-2017,0,23.3,0,11.3,0,6.3,0,0.4,1007.8,6.7,0,11,0,110,0,16,19.065,3.2,4.4,21.1,21.1,17.1,1800
19-jul-2017,0,18.5,0,8.4,0,15.1,0,12.0,998.7,6.3,0,13,0,280,0,21,18.005,1.4,2.0,10.2,10.2,6.4,838
20-jul-2017,0,16.2,0,8.4,0,3.8,0,9.7,998.1,6.3,0,15,0,230,0,25,16.095,2.8,3.9,3.0,3.0,-0.5,1989
21-jul-2017,0,15.7,0,9.5,0,9.2,0,40.3,990.4,8.6,0,20,0,310,0,28,15.435,1.8,2.7,0.0,-10.0,-10.0,1261
22-jul-2017,0,20.4,0,10.5,0,9.0,0,0.0,1000.4,5.7,0,11,0,320,0,16,17.445,3.4,4.6,3.4,3.4,-6.1,2179
23-jul-2017,0,21.9,0,8.0,0,4.2,0,0.0,1010.5,5.4,0,11,0,320,0,15,17.725,2.6,3.5,5.9,5.9,-3.2,1511
24-jul-2017,0,22.0,0,10.6,0,7.3,0,0.0,1015.8,5.7,0,10,0,320,0,15,18.702,3.5,4.8,9.2,9.2,0.4,2209
25-jul-2017,0,21.9,0,9.5,0,5.9,0,7.2,1007.7,3.6,0,9,0,200,0,15,19.445,2.8,3.7,4.6,4.6,-4.0,1778
26-jul-2017,0,16.9,0,10.5,0,13.4,0,10.8,996.7,10.8,0,16,0,230,0,30,18.013,2.1,3.5,0.0,-4.2,-10.0,1853
27-jul-2017,0,16.4,0,11.5,0,9.7,0,6.6,995.7,11.5,0,18,0,210,0,34,15.903,2.5,3.8,0.0,-4.1,-10.0,1606
28-jul-2017,0,16.4,0,12.4,0,10.9,0,1.9,995.7,12.5,0,19,0,210,0,33,15.757,2.4,3.7,0.5,0.5,-9.0,1498
29-jul-2017,0,16.8,0,12.0,0,11.4,0,5.0,997.7,8.9,0,14,0,240,0,24,15.733,2.2,3.1,0.0,-2.3,-10.0,1276
30-jul-2017,0,16.4,0,11.9,0,11.3,0,11.9,995.8,8.9,0,14,0,240,0,26,15.738,2.2,3.2,0.0,-9.7,-10.0,1401
31-jul-2017,0,17.1,0,11.4,0,9.2,0,7.3,1000.4,7.2,0,14,0,220,0,23,15.443,2.3,3.2,0.0,-5.0,-10.0,1470
01-aug-2017,0,17.5,0,10.9,0,9.2,0,0.3,1003.8,6.2,0,12,0,230,0,17,16.675,3.0,4.2,2.7,2.7,-6.8,2082
02-aug-2017,0,18.9,0,12.6,0,10.8,0,7.4,996.1,8.3,0,14,0,210,0,21,16.503,2.1,2.8,0.0,-2.7,-10.0,1072
03-aug-2017,0,17.6,0,11.7,0,11.9,0,9.5,995.5,7.1,0,13,0,230,0,22,16.737,2.0,2.8,0.0,-7.5,-10.0,1236
04-aug-2017,0,18.2,0,8.7,0,6.1,0,1.2,1006.7,4.1,0,10,0,330,0,17,16.845,2.4,3.3,1.2,1.2,-8.3,1608
05-aug-2017,0,16.7,0,8.6,0,5.4,0,5.3,1012.8,5.2,0,12,0,240,0,20,16.420,2.6,3.6,0.0,-1.5,-10.0,1905
06-aug-2017,0,16.7,0,11.0,0,8.4,0,9.1,1012.0,8.7,0,14,0,210,0,24,15.750,1.9,2.8,0.0,-7.2,-10.0,1281
07-aug-2017,0,17.1,0,10.8,0,8.5,0,1.4,1011.0,4.9,0,13,0,280,0,18,16.382,2.6,3.6,1.2,1.2,-8.3,1778
08-aug-2017,0,17.6,0,8.6,0,9.0,0,1.3,1013.5,5.6,0,12,0,350,0,21,16.925,2.6,3.7,2.5,2.5,-6.5,1837
09-aug-2017,0,18.8,0,7.4,0,4.9,0,0.1,1020.7,7.8,0,16,0,320,0,22,16.330,2.8,4.1,5.1,5.1,-3.5,2065
10-aug-2017,0,16.5,0,6.1,0,2.7,0,0.2,1019.4,6.4,0,12,0,240,0,20,15.403,1.9,2.6,6.7,6.7,-1.7,1264
11-aug-2017,0,18.4,0,12.9,0,13.1,0,5.6,1011.5,9.3,0,15,0,210,0,24,16.675,2.0,2.9,3.0,3.0,-5.2,1249
12-aug-2017,0,18.9,0,7.4,0,11.4,0,0.9,1013.4,6.6,0,12,0,300,0,17,16.968,2.5,3.5,4.5,4.5,-3.4,1682
13-aug-2017,0,17.5,0,5.4,0,2.4,0,5.1,1011.7,4.0,0,8,0,150,0,14,15.540,1.8,2.4,1.1,1.1,-6.5,1143
14-aug-2017,0,18.0,0,11.6,0,12.4,0,1.5,1005.3,6.8,0,12,0,210,0,20,17.240,2.5,3.6,2.1,2.1,-5.2,1855
15-aug-2017,0,17.5,0,10.4,0,5.8,0,1.3,1008.3,5.6,0,13,0,260,0,21,17.160,2.9,4.1,3.6,3.6,-3.3,2210
16-aug-2017,0,18.9,0,12.1,0,8.2,0,2.3,1004.7,9.7,0,18,0,210,0,25,16.427,1.6,2.4,2.9,2.9,-3.8,931
17-aug-2017,0,18.3,0,11.9,0,9.0,0,0.9,999.9,9.3,0,17,0,210,0,26,16.058,2.2,3.2,4.2,4.2,-2.3,1311
18-aug-2017,0,16.1,0,10.2,0,6.8,0,9.6,1004.7,8.3,0,19,0,270,0,29,14.432,1.6,2.2,0.0,-3.9,-10.0,842
19-aug-2017,0,15.6,0,8.0,0,8.8,0,0.9,1012.8,7.3,0,15,0,260,0,24,14.675,1.7,2.5,0.8,0.8,-8.7,1173
20-aug-2017,0,17.0,0,7.0,0,4.0,0,4.3,1013.7,5.4,0,11,0,90,0,16,14.450,1.0,1.4,0.0,-2.5,-10.0,582
21-aug-2017,0,21.1,0,16.1,0,14.8,0,15.4,1011.9,3.6,0,8,0,180,0,15,17.275,1.1,1.4,0.0,-10.0,-10.0,431
22-aug-2017,0,18.2,0,11.7,0,14.0,0,1.5,1007.5,4.6,0,10,0,140,0,15,16.993,0.9,1.2,0.0,-0.6,-10.0,373
23-aug-2017,0,17.2,0,11.8,0,8.8,0,2.5,1005.9,7.5,0,14,0,240,0,22,16.180,1.9,2.8,0.0,-0.6,-10.0,1383
24-aug-2017,0,15.2,0,12.4,0,10.2,0,5.7,1008.0,8.5,0,16,0,210,0,24,15.248,0.9,1.3,0.0,-4.8,-10.0,420
25-aug-2017,0,18.5,0,10.4,0,13.4,0,1.1,1009.9,6.4,0,11,0,240,0,18,16.445,2.1,2.9,1.0,1.0,-8.5,1463
26-aug-2017,0,18.9,0,7.8,0,6.5,0,0.1,1012.0,2.4,0,6,0,250,0,10,16.978,2.2,2.9,3.0,3.0,-6.0,1603
27-aug-2017,0,18.5,0,13.3,0,14.3,0,2.5,1011.5,5.3,0,10,0,210,0,16,17.448,1.3,1.8,1.8,1.8,-6.9,749
28-aug-2017,0,17.9,0,12.2,0,13.2,0,5.0,1010.2,7.1,0,13,0,210,0,19,16.888,1.3,1.8,0.0,-1.9,-10.0,653
29-aug-2017,0,15.4,0,8.1,0,6.2,0,0.0,1010.8,4.8,0,12,0,220,0,20,15.048,1.5,2.0,1.5,1.5,-8.0,868
30-aug-2017,0,16.8,0,8.2,0,5.5,0,1.1,1009.3,5.1,0,11,0,240,0,20,15.273,2.1,2.9,2.4,2.4,-6.7,1590
31-aug-2017,0,17.6,0,5.9,0,4.6,0,0.0,1014.2,3.5,0,8,0,40,0,12,15.960,2.1,2.9,4.4,4.4,-4.3,1582
01-sep-2017,0,18.1,0,4.3,0,4.5,0,0.1,1020.1,2.9,0,9,0,220,0,14,15.772,2.0,2.8,6.3,6.3,-2.1,1584
02-sep-2017,0,15.8,0,4.3,0,2.3,0,17.7,1009.5,6.3,0,13,0,130,0,19,13.797,1.1,1.5,0.0,-10.0,-10.0,657
03-sep-2017,0,20.7,0,13.5,0,13.3,0,0.9,998.4,4.5,0,8,0,210,0,12,17.315,2.0,2.7,1.1,1.1,-8.4,1332
04-sep-2017,0,17.3,0,13.4,0,12.3,0,2.1,1002.2,6.6,0,11,0,230,0,19,17.208,1.3,1.8,0.3,0.3,-8.8,767
05-sep-2017,0,16.4,0,12.3,0,13.1,0,4.2,1006.9,8.1,0,15,0,240,0,24,16.017,1.9,2.7,0.0,-2.0,-10.0,1155
06-sep-2017,0,16.2,0,11.9,0,9.6,0,0.3,1013.2,7.6,0,12,0,230,0,20,15.153,1.7,2.4,1.4,1.4,-8.1,1047
07-sep-2017,0,15.5,0,13.2,0,12.6,0,4.7,1004.6,8.2,0,13,0,240,0,25,15.337,1.0,1.4,0.0,-2.3,-10.0,414
08-sep-2017,0,16.8,0,9.7,0,9.2,0,6.0,995.6,7.6,0,16,0,280,0,24,15.540,1.9,2.8,0.0,-4.1,-10.0,1384
09-sep-2017,0,16.8,0,10.8,0,9.1,0,6.0,998.3,8.8,0,18,0,290,0,26,14.788,1.6,2.2,0.0,-4.4,-10.0,821
10-sep-2017,0,15.5,0,10.6,0,10.7,0,8.5,990.1,12.7,0,21,0,260,0,38,14.533,1.6,2.5,0.0,-6.9,-10.0,1046
11-sep-2017,0,16.0,0,9.6,0,10.9,0,2.4,991.2,10.8,0,19,0,290,0,27,14.483,1.8,2.7,0.0,-0.6,-10.0,1243
12-sep-2017,0,13.6,0,9.0,0,6.4,0,8.3,991.9,6.4,0,16,0,320,0,23,13.523,1.1,1.5,0.0,-7.2,-10.0,605
13-sep-2017,0,13.7,0,7.2,0,5.3,0,0.4,997.3,6.5,0,13,0,260,0,23,12.955,1.6,2.3,1.2,1.2,-8.3,1144
14-sep-2017,0,15.5,0,8.1,0,3.6,0,4.0,1008.9,8.9,0,14,0,300,0,31,13.243,1.7,2.5,0.0,-1.1,-10.0,1330
15-sep-2017,0,15.4,0,8.6,0,6.2,0,0.3,1015.6,8.2,0,14,0,320,0,23,13.903,1.7,2.5,1.4,1.4,-8.1,1232
16-sep-2017,0,12.8,0,7.5,0,7.9,0,3.2,1012.9,5.5,0,13,0,300,0,17,13.220,0.8,1.1,0.0,-1.0,-10.0,483
17-sep-2017,0,17.0,0,3.7,0,0.7,0,0.1,1013.6,3.5,0,7,0,80,0,10,13.695,1.7,2.4,1.6,1.6,-7.9,1496
18-sep-2017,0,16.4,0,2.2,0,0.8,0,0.1,1016.4,3.1,0,8,0,210,0,13,13.780,1.6,2.3,3.2,3.2,-5.9,1573
19-sep-2017,0,15.9,0,10.9,0,5.2,0,0.2,1011.5,5.6,0,10,0,170,0,19,13.875,1.0,1.4,4.0,4.0,-4.8,481
20-sep-2017,0,15.2,0,6.9,0,12.4,0,8.4,1006.0,6.0,0,12,0,310,0,18,13.865,0.6,0.8,0.0,-3.9,-10.0,337
21-sep-2017,0,15.4,0,2.7,0,-0.4,0,0.1,1007.4,4.8,0,13,0,220,0,19,11.952,1.4,2.0,1.3,1.3,-8.2,1269
22-sep-2017,0,15.4,0,8.4,0,3.1,0,2.8,1004.1,8.8,0,19,0,130,0,29,13.042,1.3,2.0,0.0,-0.2,-9.2,1140
23-sep-2017,0,16.6,0,9.8,0,3.5,0,1.9,1004.5,10.8,0,18,0,140,0,31,13.523,1.1,1.5,0.0,-0.8,-9.6,386
24-sep-2017,0,16.6,0,7.1,0,7.3,0,2.1,1010.3,3.6,0,8,0,250,0,12,13.677,1.1,1.5,0.0,-1.0,-10.0,810
25-sep-2017,0,18.0,0,5.6,0,1.9,0,0.2,1015.0,4.0,0,9,0,180,0,14,13.333,1.5,2.1,1.3,1.3,-8.2,1250
26-sep-2017,0,18.3,0,9.7,0,6.9,0,0.0,1010.5,9.8,0,16,0,140,0,27,13.970,1.7,2.3,2.9,2.9,-6.1,996
27-sep-2017,0,15.4,0,8.0,0,12.2,0,18.6,1004.8,6.1,0,15,0,140,0,28,13.760,0.7,0.9,0.0,-10.0,-10.0,256
28-sep-2017,0,14.5,0,7.4,0,2.9,0,5.1,1004.1,8.3,0,18,0,130,0,27,11.958,0.7,1.0,0.0,-4.4,-10.0,335
29-sep-2017,0,14.2,0,7.9,0,7.4,0,7.1,1003.2,9.6,0,17,0,220,0,29,11.505,1.3,1.8,0.0,-5.8,-10.0,910
30-sep-2017,0,15.2,0,7.2,0,4.2,0,2.5,1004.3,3.6,0,8,0,160,0,14,11.960,1.2,1.7,0.0,-1.3,-10.0,1091
01-oct-2017,0,15.2,0,10.4,0,8.2,0,5.1,998.1,12.7,0,19,0,240,0,36,13.025,1.0,1.5,0.0,-4.1,-10.0,508
02-oct-2017,0,14.8,0,7.6,0,9.0,0,0.5,1009.5,10.0,0,19,0,270,0,33,12.270,1.4,2.0,0.9,0.9,-8.6,1011
03-oct-2017,0,14.0,0,7.3,0,1.4,0,0.0,1019.6,6.6,0,13,0,220,0,24,10.818,1.3,1.7,2.2,2.2,-6.9,703
04-oct-2017,0,14.6,0,10.3,0,8.6,0,13.7,1012.8,13.2,0,21,0,210,0,33,12.032,0.8,1.2,0.0,-10.0,-10.0,301
05-oct-2017,0,15.0,0,3.2,0,2.7,0,0.1,1016.1,7.4,0,14,0,300,0,22,12.467,0.9,1.4,0.8,0.8,-8.7,1319
06-oct-2017,0,14.1,0,1.9,0,-1.3,0,3.1,1019.5,5.9,0,13,0,220,0,22,10.239,0.5,0.7,0.0,-1.8,-10.0,347
07-oct-2017,0,15.6,0,10.7,0,10.2,0,0.1,1014.3,5.9,0,11,0,260,0,17,13.112,1.0,1.3,0.9,0.9,-8.6,658
08-oct-2017,0,16.0,0,7.4,0,4.4,0,0.0,1016.0,2.9,0,7,0,270,0,10,12.990,0.9,1.3,1.8,1.8,-7.3,795
09-oct-2017,0,14.3,0,8.6,0,3.3,0,6.7,1010.8,8.4,0,14,0,210,0,23,12.462,0.5,0.8,0.0,-4.4,-10.0,276
10-oct-2017,0,14.0,0,9.4,0,7.5,0,2.4,1001.8,10.1,0,21,0,200,0,36,12.285,0.7,1.1,0.0,-1.7,-10.0,441
11-oct-2017,0,14.5,0,9.4,0,11.0,0,21.9,1000.2,10.9,0,22,0,210,0,35,12.712,1.0,1.5,0.0,-10.0,-10.0,900
12-oct-2017,0,16.4,0,8.0,0,4.9,0,1.2,1005.9,9.4,0,14,0,180,0,22,11.860,0.7,1.1,0.0,-0.5,-10.0,541
13-oct-2017,0,16.9,0,12.5,0,12.6,0,9.1,1006.4,9.3,0,19,0,210,0,30,14.377,0.6,0.9,0.0,-8.5,-10.0,206
14-oct-2017,0,16.6,0,12.6,0,12.4,0,3.3,1007.9,6.7,0,14,0,150,0,24,13.677,0.6,0.8,0.0,-2.7,-10.0,181
15-oct-2017,0,16.1,0,9.9,0,13.6,0,1.1,1004.4,8.1,0,15,0,230,0,24,13.605,0.8,1.0,0.0,-0.3,-9.8,342
16-oct-2017,0,16.7,0,9.6,0,9.6,0,4.7,987.4,17.0,0,31,0,190,0,50,12.225,1.3,1.7,0.0,-3.4,-10.0,277
17-oct-2017,0,14.6,0,3.5,0,7.6,0,0.4,1007.3,6.6,0,17,0,250,0,28,11.012,1.0,1.4,0.6,0.6,-8.9,978
18-oct-2017,0,13.3,0,3.7,0,-2.1,0,0.3,1001.8,7.1,0,12,0,100,0,19,9.260,0.6,0.8,0.9,0.9,-8.2,322
19-oct-2017,0,12.7,0,7.0,0,6.1,0,15.9,991.5,9.7,0,19,0,300,0,27,11.535,0.6,0.8,0.0,-10.0,-10.0,221
20-oct-2017,0,12.5,0,2.4,0,-1.2,0,5.4,987.9,8.1,0,18,0,140,0,27,8.412,0.6,0.8,0.0,-4.8,-10.0,250
21-oct-2017,0,13.5,0,7.8,0,6.1,0,8.1,985.1,15.8,0,22,0,270,0,35,10.807,1.0,1.4,0.0,-7.1,-10.0,502
22-oct-2017,0,13.1,0,7.2,0,4.3,0,0.9,1007.5,8.4,0,13,0,270,0,24,9.639,0.9,1.2,0.0,0.0,-9.5,324
23-oct-2017,0,14.3,0,9.6,0,9.7,0,3.6,1005.4,6.9,0,11,0,180,0,18,11.580,0.6,0.7,0.0,-3.0,-10.0,248
24-oct-2017,0,14.4,0,9.9,0,7.2,0,12.7,1003.6,8.1,0,14,0,220,0,22,11.760,0.5,0.8,0.0,-10.0,-10.0,315
25-oct-2017,0,13.5,0,9.9,0,8.4,0,0.5,1011.5,6.9,0,13,0,210,0,20,11.288,0.7,1.0,0.2,0.2,-9.3,552
26-oct-2017,0,13.9,0,6.9,0,7.1,0,0.9,1021.5,3.4,0,7,0,70,0,10,11.600,0.5,0.7,0.0,-0.2,-9.2,308
27-oct-2017,0,14.2,0,2.5,0,-1.8,0,0.1,1029.4,2.9,0,8,0,80,0,11,10.200,0.4,0.7,0.3,0.3,-8.4,738
28-oct-2017,0,13.4,0,11.8,0,3.6,0,0.4,1025.4,7.2,0,11,0,270,0,18,12.100,0.5,0.6,0.4,0.4,-7.9,111
29-oct-2017,0,13.5,0,4.4,0,9.4,0,0.4,1023.8,5.5,0,11,0,290,0,17,11.752,0.4,0.6,0.4,0.4,-7.5,380
30-oct-2017,0,12.2,0,3.8,0,-0.8,0,0.1,1023.0,4.7,0,9,0,210,0,14,9.210,0.4,0.6,0.7,0.7,-6.9,252
31-oct-2017,0,13.4,0,9.6,0,7.3,0,0.6,1016.3,6.4,0,9,0,200,0,14,11.345,0.6,0.7,0.6,0.6,-6.5,218
01-nov-2017,0,13.5,0,8.1,0,7.2,0,0.3,1012.0,3.4,0,9,0,180,0,12,10.493,0.4,0.6,0.8,0.8,-6.1,413
02-nov-2017,0,11.3,0,7.8,0,3.5,0,0.0,1011.8,2.6,0,7,0,0,0,11,10.677,0.4,0.5,1.2,1.2,-5.4,279
03-nov-2017,0,12.4,0,8.2,0,7.5,0,1.7,1005.9,4.8,0,10,0,200,0,15,10.310,0.6,0.8,0.0,0.0,-6.2,364
04-nov-2017,0,9.8,0,3.4,0,0.5,0,2.6,1004.0,6.1,0,17,0,260,0,27,7.954,0.5,0.6,0.0,-2.1,-8.1,504
05-nov-2017,0,10.6,0,1.5,0,0.3,0,1.5,1013.1,5.5,0,12,0,300,0,18,6.677,0.5,0.7,0.0,-1.0,-8.7,595
06-nov-2017,0,12.4,0,6.5,0,-2.2,0,4.4,1009.3,10.7,0,18,0,310,0,25,8.917,0.6,0.8,0.0,-3.8,-10.0,230
07-nov-2017,0,9.5,0,-0.8,0,0.1,0,1.2,1011.2,4.2,0,14,0,290,0,22,7.237,0.3,0.5,0.0,-0.9,-10.0,447
08-nov-2017,0,12.1,0,-1.1,0,-5.0,0,2.5,1018.3,5.9,0,11,0,240,0,20,6.157,0.3,0.5,0.0,-2.2,-10.0,215
09-nov-2017,0,12.9,0,8.7,0,4.8,0,1.1,1019.1,8.3,0,15,0,260,0,25,10.202,0.5,0.6,0.0,-0.6,-10.0,531
10-nov-2017,0,12.0,0,7.0,0,4.9,0,8.1,1014.1,7.1,0,16,0,230,0,29,8.966,0.4,0.6,0.0,-7.7,-10.0,297
11-nov-2017,0,12.4,0,3.6,0,7.7,0,5.2,1009.0,5.6,0,13,0,250,0,24,10.090,0.3,0.4,0.0,-4.9,-10.0,154
12-nov-2017,0,9.5,0,-0.0,0,0.6,0,0.1,1018.3,7.5,0,16,0,320,0,23,6.592,0.5,0.6,0.4,0.4,-9.1,471
13-nov-2017,0,11.5,0,-1.3,0,-4.8,0,2.1,1020.4,6.3,0,12,0,230,0,19,5.766,0.3,0.4,0.0,-1.4,-10.0,98
14-nov-2017,0,12.5,0,7.0,0,4.6,0,1.1,1016.8,5.6,0,13,0,220,0,20,9.830,0.3,0.4,0.0,-0.8,-10.0,147
15-nov-2017,0,11.0,0,3.2,0,-0.2,0,0.1,1015.2,4.3,0,11,0,190,0,17,8.228,0.2,0.3,0.1,0.1,-9.4,276
16-nov-2017,0,10.1,0,0.3,0,1.4,0,1.4,1018.2,4.8,0,12,0,230,0,19,7.771,0.0,0.1,0.0,-1.2,-10.0,472
17-nov-2017,0,8.6,0,0.2,0,-3.4,0,0.7,1022.9,4.2,0,9,0,200,0,15,6.516,0.3,0.4,0.0,-0.4,-9.9,247
18-nov-2017,0,7.9,0,6.3,0,5.3,0,8.3,1019.3,1.9,0,5,0,10,0,8,7.951,0.3,0.4,0.0,-8.0,-10.0,146
19-nov-2017,0,11.6,0,6.0,0,4.4,0,4.3,1013.2,5.9,0,13,0,180,0,19,8.286,0.3,0.5,0.0,-4.0,-10.0,150
20-nov-2017,0,13.4,0,11.6,0,6.6,0,4.2,1005.3,10.5,0,15,0,220,0,25,11.055,0.3,0.4,0.0,-3.9,-10.0,161
21-nov-2017,0,13.1,0,10.7,0,10.5,0,0.4,997.5,8.4,0,14,0,220,0,22,11.222,0.5,0.6,0.1,0.1,-9.4,91
22-nov-2017,0,10.9,0,1.5,0,7.7,0,19.8,984.7,5.5,0,14,0,320,0,21,8.774,0.3,0.5,0.0,-10.0,-10.0,93
23-nov-2017,0,7.9,0,-1.9,0,-0.6,0,0.8,989.4,7.3,0,21,0,210,0,33,5.471,0.3,0.4,0.0,-0.5,-10.0,366
24-nov-2017,0,4.6,0,-2.8,0,-7.8,0,3.8,1007.0,4.5,0,15,0,280,0,23,2.855,0.2,0.3,0.0,-3.6,-10.0,280
25-nov-2017,0,6.3,0,-0.9,0,-5.3,0,0.3,1016.6,6.2,0,13,0,290,0,21,2.898,0.2,0.3,0.0,-0.1,-9.6,374
26-nov-2017,0,10.5,0,1.6,0,-0.6,0,10.6,1016.6,8.1,0,19,0,220,0,32,5.189,0.4,0.5,0.0,-10.0,-10.0,92
27-nov-2017,0,8.9,0,4.1,0,4.0,0,0.5,1010.4,8.1,0,14,0,290,0,26,5.979,0.5,0.6,0.0,-0.0,-9.5,111
28-nov-2017,0,6.3,0,0.3,0,-0.2,0,1.4,1013.2,7.8,0,16,0,320,0,22,3.729,0.2,0.2,0.0,-1.2,-10.0,357
29-nov-2017,0,5.2,0,-0.5,0,-2.5,0,0.2,1017.1,6.4,0,13,0,320,0,19,2.722,0.1,0.2,0.0,-0.1,-9.6,369
30-nov-2017,0,7.5,0,0.6,0,-2.1,0,0.2,1019.5,6.0,0,12,0,310,0,17,3.346,0.2,0.3,0.0,0.0,-9.1,228
01-dec-2017,0,6.9,0,0.6,0,-1.7,0,0.0,1025.0,4.3,0,8,0,310,0,11,3.711,0.0,0.1,0.1,0.1,-8.6,366
02-dec-2017,0,10.0,0,3.5,0,-3.3,0,0.6,1026.4,4.0,0,7,0,300,0,10,5.421,0.1,0.2,0.0,-0.4,-8.6,244
03-dec-2017,0,10.3,0,0.4,0,-1.3,0,0.1,1028.1,3.2,0,6,0,280,0,9,5.617,0.1,0.2,0.0,-0.0,-8.2,283
04-dec-2017,0,8.7,0,0.5,0,-3.7,0,0.4,1030.8,2.6,0,7,0,220,0,11,4.656,0.0,0.1,0.0,-0.4,-8.2,251
05-dec-2017,0,9.7,0,5.7,0,0.2,0,0.3,1025.4,7.4,0,12,0,190,0,19,6.422,0.3,0.4,0.0,0.0,-7.7,216
06-dec-2017,0,13.5,0,9.1,0,6.1,0,13.9,1007.8,10.2,0,15,0,170,0,26,8.752,0.6,0.7,0.0,-10.0,-10.0,88
07-dec-2017,0,12.6,0,0.9,0,2.6,0,6.1,1004.9,10.2,0,23,0,310,0,34,6.297,0.2,0.3,0.0,-5.9,-10.0,234
08-dec-2017,0,5.8,0,-0.0,0,-1.2,0,0.1,1017.7,8.1,0,19,0,290,0,27,2.812,0.3,0.4,0.2,0.2,-9.3,340
09-dec-2017,0,5.1,0,-0.2,0,-2.7,0,1.3,1004.0,4.1,0,12,0,80,0,19,3.079,0.3,0.4,0.0,-0.8,-9.8,174
10-dec-2017,0,2.4,0,-3.3,0,-1.5,0,23.4,982.0,8.6,0,16,0,70,0,23,1.704,0.3,0.4,0.0,-10.0,-10.0,94
11-dec-2017,0,4.4,0,-2.7,0,-5.5,0,0.4,992.4,7.1,0,16,0,300,0,23,1.048,0.2,0.2,0.0,-0.2,-9.7,313
12-dec-2017,0,7.4,0,-1.0,0,-4.1,0,2.2,997.6,5.3,0,13,0,180,0,22,2.286,0.3,0.4,0.0,-1.9,-10.0,108
13-dec-2017,0,8.2,0,1.9,0,2.0,0,9.2,991.2,10.5,0,19,0,270,0,33,4.160,0.4,0.5,0.0,-8.8,-10.0,127
14-dec-2017,0,6.3,0,2.6,0,0.4,0,5.6,988.3,10.1,0,21,0,300,0,32,3.371,0.5,0.6,0.0,-5.1,-10.0,149
15-dec-2017,0,6.6,0,-2.2,0,-0.8,0,0.1,1005.0,8.2,0,17,0,300,0,25,2.954,0.2,0.2,0.1,0.1,-9.4,316
16-dec-2017,0,8.9,0,-2.2,0,-7.1,0,0.0,1016.5,4.0,0,7,0,180,0,12,2.949,0.1,0.2,0.2,0.2,-8.8,212
17-dec-2017,0,10.6,0,1.2,0,3.4,0,3.4,1016.2,6.2,0,15,0,220,0,23,6.807,0.1,0.2,0.0,-3.1,-10.0,140
18-dec-2017,0,9.0,0,-0.3,0,-3.2,0,0.0,1022.9,3.2,0,9,0,190,0,13,4.238,0.1,0.1,0.1,0.1,-9.4,191
19-dec-2017,0,13.1,0,9.0,0,-2.5,0,0.3,1024.9,7.4,0,11,0,190,0,18,8.589,0.2,0.2,0.0,-0.1,-9.1,257
20-dec-2017,0,11.9,0,7.1,0,6.4,0,10.9,1026.9,5.1,0,14,0,210,0,19,9.218,0.2,0.3,0.0,-10.0,-10.0,124
21-dec-2017,0,11.8,0,10.9,0,6.4,0,7.8,1026.7,8.1,0,12,0,210,0,21,9.938,0.4,0.5,0.0,-7.4,-10.0,38
22-dec-2017,0,10.9,0,9.0,0,9.4,0,0.8,1028.9,6.6,0,10,0,230,0,17,9.542,0.2,0.3,0.0,-0.6,-10.0,96
23-dec-2017,0,12.7,0,9.1,0,8.6,0,0.7,1025.5,8.4,0,16,0,220,0,25,9.720,0.2,0.2,0.0,-0.5,-10.0,209
24-dec-2017,0,11.9,0,10.4,0,8.7,0,31.9,1009.9,13.7,0,21,0,210,0,31,9.685,0.8,1.0,0.0,-10.0,-10.0,32
25-dec-2017,0,10.4,0,2.4,0,4.9,0,8.3,995.7,5.2,0,15,0,290,0,20,7.290,0.3,0.4,0.0,-8.0,-10.0,64
26-dec-2017,0,3.8,0,-0.3,0,-4.2,0,0.0,988.2,5.1,0,11,0,320,0,15,3.181,0.1,0.2,0.1,0.1,-9.4,185
27-dec-2017,0,6.1,0,-1.5,0,-4.1,0,1.4,995.7,6.9,0,17,0,300,0,25,2.548,0.3,0.3,0.0,-1.0,-10.0,298
28-dec-2017,0,4.3,0,-4.1,0,-8.8,0,0.7,994.7,3.1,0,10,0,140,0,15,1.400,0.2,0.3,0.0,-0.5,-10.0,145
29-dec-2017,0,7.4,0,1.4,0,-2.5,0,13.3,984.2,10.7,0,22,0,240,0,47,3.774,0.4,0.5,0.0,-10.0,-10.0,214
30-dec-2017,0,10.7,0,1.6,0,1.2,0,4.0,982.2,9.1,0,23,0,200,0,37,4.855,0.4,0.5,0.0,-3.6,-10.0,142
31-dec-2017,0,10.6,0,4.4,0,4.9,0,10.5,980.9,11.8,0,30,0,210,0,52,5.309,0.9,1.0,0.0,-9.6,-10.0,124
01-jan-2018,0,9.0,0,1.5,0,2.4,0,0.5,994.9,7.6,0,17,0,280,0,26,4.625,0.4,0.4,0.0,-0.1,-9.6,271
02-jan-2018,0,10.6,0,3.3,0,-2.0,0,13.8,989.9,12.3,0,30,0,220,0,46,5.487,0.8,1.0,0.0,-10.0,-10.0,77
03-jan-2018,0,8.8,0,5.2,0,3.9,0,6.9,987.9,13.9,0,22,0,260,0,45,5.654,0.8,1.0,0.0,-6.1,-10.0,144
04-jan-2018,0,11.0,0,2.7,0,4.3,0,6.7,983.5,8.2,0,24,0,290,0,34,5.672,0.2,0.3,0.0,-6.5,-10.0,223
05-jan-2018,0,8.1,0,-0.0,0,-3.5,0,2.6,989.1,4.4,0,13,0,240,0,23,3.760,0.3,0.4,0.0,-2.3,-10.0,159
06-jan-2018,0,5.5,0,-0.6,0,-0.0,0,0.1,1008.6,8.0,0,13,0,30,0,21,3.296,0.1,0.2,0.0,0.0,-9.5,367
07-jan-2018,0,3.6,0,-4.6,0,-8.5,0,0.0,1023.9,3.5,0,6,0,40,0,10,0.916,0.0,0.0,0.0,0.0,-9.0,390
08-jan-2018,0,4.1,0,-6.8,0,-11.8,0,0.0,1011.0,5.7,0,11,0,80,0,17,0.388,0.1,0.1,0.1,0.1,-8.4,260
09-jan-2018,0,8.7,0,3.0,0,-7.0,0,5.8,992.9,9.0,0,15,0,90,0,24,3.912,0.3,0.5,0.0,-5.3,-10.0,56
10-jan-2018,0,4.9,0,0.4,0,-1.9,0,8.7,1000.2,5.4,0,9,0,30,0,15,3.234,0.2,0.3,0.0,-8.5,-10.0,151
11-jan-2018,0,4.1,0,-1.3,0,-3.9,0,0.8,1013.0,3.8,0,12,0,90,0,17,2.962,0.1,0.2,0.0,-0.7,-10.0,208
12-jan-2018,0,10.0,0,2.1,0,-1.7,0,4.0,1008.9,12.2,0,21,0,130,0,36,4.340,0.5,0.7,0.0,-3.5,-10.0,46
13-jan-2018,0,10.4,0,4.1,0,3.7,0,4.2,1003.7,5.2,0,14,0,120,0,24,6.685,0.2,0.3,0.0,-4.0,-10.0,290
14-jan-2018,0,10.3,0,3.0,0,-0.7,0,5.9,1001.4,9.6,0,20,0,220,0,32,5.540,0.3,0.4,0.0,-5.6,-10.0,127
15-jan-2018,0,9.6,0,3.1,0,4.2,0,4.1,990.6,11.2,0,19,0,230,0,30,6.450,0.2,0.3,0.0,-3.9,-10.0,283
16-jan-2018,0,4.6,0,0.2,0,0.2,0,4.2,990.4,13.2,0,25,0,260,0,41,2.762,0.6,0.8,0.0,-3.6,-10.0,206
17-jan-2018,0,10.5,0,2.4,0,-0.8,0,12.7,993.8,12.3,0,26,0,290,0,39,3.343,0.6,0.8,0.0,-10.0,-10.0,154
18-jan-2018,0,5.7,0,-0.0,0,0.4,0,3.3,996.1,6.2,0,17,0,290,0,25,3.775,0.2,0.3,0.0,-3.1,-10.0,324
19-jan-2018,0,5.3,0,0.2,0,-3.3,0,6.8,1000.7,6.3,0,16,0,240,0,30,2.144,0.3,0.4,0.0,-6.5,-10.0,270
20-jan-2018,0,6.1,0,2.7,0,0.7,0,2.9,997.5,4.5,0,7,0,90,0,11,3.957,0.2,0.3,0.0,-2.7,-10.0,208
21-jan-2018,0,11.5,0,3.6,0,2.7,0,21.1,1000.5,10.7,0,18,0,240,0,28,6.752,0.3,0.5,0.0,-10.0,-10.0,82
22-jan-2018,0,10.3,0,7.2,0,6.5,0,0.1,1004.4,8.3,0,13,0,250,0,20,6.766,0.6,0.7,0.5,0.5,-9.0,292
23-jan-2018,0,11.6,0,6.8,0,6.3,0,15.1,993.6,12.8,0,22,0,210,0,35,8.202,0.4,0.5,0.0,-10.0,-10.0,247
24-jan-2018,0,10.5,0,4.0,0,3.9,0,11.7,987.9,14.4,0,24,0,220,0,43,6.381,0.5,0.6,0.0,-10.0,-10.0,304
25-jan-2018,0,8.6,0,3.2,0,1.8,0,6.3,999.5,8.6,0,15,0,180,0,31,4.735,0.5,0.7,0.0,-5.8,-10.0,282
26-jan-2018,0,7.6,0,-0.9,0,-4.7,0,1.0,1014.0,5.6,0,13,0,180,0,19,3.704,0.2,0.4,0.0,-0.8,-10.0,210
27-jan-2018,0,11.1,0,7.6,0,-1.0,0,8.8,1014.8,11.2,0,17,0,220,0,29,7.668,0.4,0.6,0.0,-8.4,-10.0,180
28-jan-2018,0,11.9,0,9.9,0,6.4,0,2.0,1019.2,17.0,0,21,0,220,0,34,9.255,0.5,0.8,0.0,-1.5,-10.0,197
29-jan-2018,0,11.1,0,1.9,0,1.7,0,5.0,1021.2,6.7,0,20,0,210,0,31,7.785,0.2,0.3,0.0,-4.8,-10.0,540
30-jan-2018,0,8.5,0,2.8,0,-2.4,0,4.0,1014.7,7.8,0,17,0,250,0,28,5.615,0.4,0.6,0.0,-3.6,-10.0,174
31-jan-2018,0,7.8,0,2.1,0,0.7,0,4.1,1000.0,10.9,0,22,0,280,0,36,4.346,0.6,0.9,0.0,-3.5,-10.0,271
01-feb-2018,0,7.1,0,2.2,0,-0.1,0,0.8,1008.9,10.7,0,23,0,320,0,36,3.957,0.6,0.8,0.0,-0.2,-9.7,559
02-feb-2018,0,6.7,0,0.4,0,-3.3,0,1.0,1010.2,5.2,0,13,0,300,0,20,3.155,0.4,0.5,0.0,-0.6,-9.8,314
03-feb-2018,0,6.6,0,0.9,0,-0.3,0,1.3,1011.6,8.7,0,19,0,300,0,29,3.991,0.4,0.6,0.0,-0.9,-10.0,490
04-feb-2018,0,8.2,0,-0.0,0,-2.7,0,0.1,1022.9,4.6,0,10,0,320,0,14,3.419,0.3,0.5,0.2,0.2,-9.3,666
05-feb-2018,0,5.5,0,1.4,0,-3.0,0,2.3,1022.7,3.6,0,9,0,140,0,13,3.755,0.5,0.7,0.0,-1.5,-10.0,242
06-feb-2018,0,4.6,0,-0.7,0,-1.5,0,1.0,1020.6,8.1,0,17,0,330,0,29,2.878,0.3,0.5,0.0,-0.7,-10.0,606
07-feb-2018,0,6.7,0,-1.0,0,-4.4,0,5.2,1015.6,5.9,0,11,0,190,0,17,3.105,0.3,0.4,0.0,-4.9,-10.0,206
08-feb-2018,0,8.3,0,0.7,0,-1.3,0,8.3,1003.9,6.9,0,16,0,250,0,27,5.356,0.3,0.4,0.0,-8.0,-10.0,420
09-feb-2018,0,5.6,0,-0.6,0,-4.7,0,3.8,1007.1,7.4,0,20,0,270,0,32,2.954,0.4,0.6,0.0,-3.4,-10.0,553
10-feb-2018,0,10.4,0,2.6,0,-2.9,0,10.3,996.3,12.0,0,22,0,210,0,35,6.085,0.5,0.8,0.0,-9.8,-10.0,333
11-feb-2018,0,3.6,0,-1.1,0,-2.9,0,6.9,1003.6,6.2,0,16,0,270,0,29,2.819,0.4,0.6,0.0,-6.5,-10.0,556
12-feb-2018,0,6.1,0,-0.8,0,-6.6,0,5.5,996.9,9.0,0,18,0,170,0,30,2.730,0.4,0.6,0.0,-5.1,-10.0,662
13-feb-2018,0,5.5,0,-0.3,0,-2.9,0,1.9,991.5,7.0,0,18,0,270,0,28,3.114,0.5,0.7,0.0,-1.4,-10.0,631
14-feb-2018,0,10.0,0,2.5,0,-1.2,0,6.5,985.5,12.0,0,20,0,140,0,33,4.779,0.8,1.1,0.0,-5.7,-10.0,476
15-feb-2018,0,6.4,0,1.0,0,-0.1,0,3.2,999.6,12.2,0,22,0,230,0,41,3.208,1.0,1.3,0.0,-2.2,-10.0,774
16-feb-2018,0,7.5,0,1.4,0,-0.6,0,9.6,1010.2,6.9,0,13,0,170,0,23,3.441,0.6,0.8,0.0,-9.0,-10.0,367
17-feb-2018,0,9.6,0,1.4,0,-0.9,0,1.9,1011.5,4.2,0,8,0,290,0,13,4.227,0.6,0.8,0.0,-1.3,-10.0,657
18-feb-2018,0,10.5,0,2.0,0,-2.4,0,6.2,1011.9,6.6,0,12,0,230,0,20,5.810,0.4,0.6,0.0,-5.8,-10.0,158
19-feb-2018,0,12.5,0,3.0,0,7.2,0,1.6,1016.6,5.6,0,11,0,230,0,17,7.942,0.6,0.8,0.0,-1.0,-10.0,366
20-feb-2018,0,10.4,0,-1.7,0,-5.8,0,0.0,1023.4,3.6,0,11,0,310,0,17,5.109,0.7,1.0,0.7,0.7,-8.8,899
21-feb-2018,0,9.5,0,-3.0,0,-7.4,0,0.0,1022.3,3.3,0,7,0,190,0,11,4.582,0.6,1.0,1.3,1.3,-7.8,1009
22-feb-2018,0,8.9,0,4.4,0,-0.0,0,0.1,1015.3,7.3,0,13,0,140,0,22,5.714,1.1,1.5,2.3,2.3,-6.4,808
23-feb-2018,0,7.1,0,3.8,0,2.5,0,0.0,1009.6,10.4,0,17,0,130,0,25,4.554,1.1,1.4,3.4,3.4,-4.9,358
24-feb-2018,0,5.4,0,-1.6,0,3.1,0,0.0,1012.3,9.1,0,14,0,90,0,21,3.824,0.7,1.0,4.1,4.1,-4.0,311
25-feb-2018,0,7.8,0,-2.5,0,-6.1,0,0.0,1019.1,7.3,0,14,0,120,0,23,2.832,1.0,1.4,5.0,5.0,-2.8,957
26-feb-2018,0,4.2,0,-1.3,0,-2.9,0,0.0,1024.9,8.6,0,17,0,100,0,24,1.803,1.0,1.4,6.0,6.0,-1.6,692
27-feb-2018,0,5.2,0,-3.4,0,-4.7,0,0.0,1023.3,6.5,0,14,0,40,0,24,1.859,0.9,1.2,6.8,6.8,-0.7,801
28-feb-2018,0,-0.4,0,-4.8,0,-4.9,0,0.5,1014.7,11.3,0,18,0,50,0,28,0.502,0.6,1.0,6.9,6.9,-0.6,813
01-mar-2018,0,-0.9,0,-5.1,0,-7.6,0,5.8,1001.2,12.3,0,17,0,40,0,28,0.714,0.5,0.8,1.5,1.5,-5.9,637
02-mar-2018,0,0.8,0,-1.3,0,-4.1,0,26.4,988.9,15.5,0,22,0,60,0,34,0.851,0.4,0.8,0.0,-10.0,-10.0,496
03-mar-2018,0,2.4,0,-0.4,0,-1.4,0,1.4,985.5,13.2,0,21,0,70,0,28,0.796,0.6,1.0,0.0,-0.8,-10.0,371
04-mar-2018,0,2.9,0,1.2,0,0.1,0,0.4,981.6,8.7,0,14,0,60,0,21,1.792,0.4,0.7,0.0,0.0,-9.5,202
05-mar-2018,0,5.7,0,2.2,0,1.3,0,0.6,979.7,3.4,0,6,0,330,0,9,3.850,0.5,0.8,0.0,-0.0,-9.0,404
06-mar-2018,0,6.6,0,1.1,0,-3.0,0,3.6,981.4,4.8,0,9,0,230,0,17,3.783,0.5,0.7,0.0,-3.1,-10.0,290
07-mar-2018,0,8.5,0,-0.5,0,0.5,0,0.0,984.9,7.5,0,16,0,230,0,25,4.686,1.1,1.6,1.1,1.1,-8.4,1258
08-mar-2018,0,10.3,0,-1.5,0,-6.2,0,0.6,990.1,5.5,0,13,0,270,0,20,4.223,1.0,1.4,1.4,1.4,-7.6,938
09-mar-2018,0,6.8,0,-2.6,0,-7.8,0,3.3,989.8,7.8,0,16,0,50,0,28,3.294,0.7,1.0,0.0,-1.2,-9.9,572
10-mar-2018,0,13.4,0,4.3,0,1.9,0,5.5,980.4,9.1,0,14,0,190,0,23,6.122,0.9,1.3,0.0,-4.6,-10.0,407
11-mar-2018,0,12.6,0,2.5,0,-0.9,0,0.2,983.3,6.0,0,10,0,80,0,16,6.691,1.1,1.5,0.9,0.9,-8.6,894
12-mar-2018,0,11.1,0,1.1,0,3.5,0,0.9,991.7,5.2,0,15,0,310,0,20,7.022,0.9,1.3,0.9,0.9,-8.2,731
13-mar-2018,0,10.9,0,-0.6,0,-6.4,0,0.0,994.5,8.3,0,17,0,130,0,26,5.675,1.0,1.6,1.9,1.9,-6.7,964
14-mar-2018,0,11.1,0,7.9,0,8.0,0,3.9,979.9,12.8,0,22,0,100,0,38,7.963,0.9,1.3,0.0,-1.1,-9.4,296
15-mar-2018,0,12.4,0,6.3,0,5.8,0,1.5,976.9,8.4,0,16,0,120,0,26,8.033,1.2,1.7,0.0,-0.3,-9.2,855
16-mar-2018,0,11.7,0,2.4,0,-1.9,0,0.6,989.8,7.1,0,16,0,90,0,22,7.875,1.3,2.0,0.7,0.7,-8.0,1320
17-mar-2018,0,6.4,0,-1.4,0,2.4,0,0.0,1004.7,12.4,0,21,0,60,0,32,4.800,0.9,1.4,1.6,1.6,-6.7,473
18-mar-2018,0,2.6,0,-2.6,0,-3.6,0,0.0,1012.1,11.0,0,20,0,30,0,32,1.811,1.1,1.7,2.7,2.7,-5.3,689
19-mar-2018,0,7.0,0,-0.3,0,0.1,0,0.0,1019.8,8.2,0,15,0,60,0,26,3.189,1.6,2.3,4.3,4.3,-3.4,1124
20-mar-2018,0,9.1,0,-5.4,0,-11.5,0,0.0,1028.0,3.2,0,7,0,230,0,10,4.404,1.4,2.0,5.6,5.6,-1.8,1679
21-mar-2018,0,10.4,0,-2.6,0,-10.3,0,0.0,1024.7,7.2,0,15,0,230,0,23,5.088,1.1,1.5,6.6,6.6,-0.7,658
22-mar-2018,0,9.8,0,3.9,0,0.8,0,4.9,1004.4,8.3,0,15,0,170,0,24,6.030,0.7,1.0,2.4,2.4,-4.9,375
23-mar-2018,0,9.1,0,5.2,0,4.2,0,3.8,991.3,7.6,0,17,0,220,0,28,7.665,1.2,1.8,0.0,-0.2,-7.2,985
24-mar-2018,0,10.6,0,-0.2,0,-1.7,0,2.0,999.7,4.4,0,10,0,270,0,15,7.111,1.3,1.9,0.0,-0.7,-7.5,1330
25-mar-2018,0,10.7,0,-2.4,0,-6.5,0,0.4,1008.5,3.5,0,10,0,240,0,18,6.175,1.3,1.9,0.9,0.9,-6.3,1338
26-mar-2018,0,10.7,0,-0.0,0,-5.3,0,6.9,1005.4,6.2,0,15,0,230,0,23,6.202,0.6,0.9,0.0,-5.4,-10.0,466
27-mar-2018,0,10.6,0,4.4,0,5.5,0,1.3,1000.5,10.2,0,18,0,260,0,28,8.246,1.1,1.9,0.0,-0.2,-9.7,1114
28-mar-2018,0,8.4,0,1.1,0,-0.8,0,2.0,997.4,6.4,0,14,0,230,0,23,7.144,1.5,2.2,0.0,-0.5,-9.7,1548
29-mar-2018,0,10.1,0,-0.2,0,-3.7,0,4.0,990.8,4.9,0,11,0,50,0,15,6.735,1.4,1.9,0.0,-2.6,-10.0,1161
30-mar-2018,0,8.6,0,1.4,0,1.2,0,1.4,994.3,7.4,0,12,0,0,0,22,6.787,1.2,1.8,0.0,-0.2,-9.7,938
31-mar-2018,0,9.5,0,0.8,0,-0.4,0,0.0,1002.6,5.5,0,9,0,320,0,14,6.796,1.3,1.9,1.3,1.3,-7.9,1092
01-apr-2018,0,7.9,0,-0.2,0,-3.6,0,0.2,1001.2,10.3,0,17,0,70,0,26,5.306,1.2,1.9,2.4,2.4,-6.4,924
02-apr-2018,0,6.2,0,2.6,0,2.2,0,5.4,988.3,11.5,0,18,0,60,0,27,5.374,0.6,1.0,0.0,-2.4,-10.0,364
03-apr-2018,0,9.8,0,4.0,0,3.8,0,8.3,981.4,6.8,0,13,0,190,0,22,7.225,0.8,1.2,0.0,-7.5,-10.0,555
04-apr-2018,0,9.0,0,-1.9,0,2.8,0,0.8,995.2,10.2,0,19,0,330,0,31,7.080,1.7,2.7,0.9,0.9,-8.6,1704
05-apr-2018,0,10.5,0,-4.2,0,-10.6,0,4.0,1001.3,8.7,0,16,0,120,0,26,5.122,1.1,1.8,0.0,-2.0,-10.0,1099
06-apr-2018,0,12.7,0,6.9,0,7.0,0,8.0,991.4,12.1,0,22,0,180,0,34,8.434,1.5,2.3,0.0,-6.5,-10.0,884
07-apr-2018,0,14.1,0,5.8,0,3.0,0,5.7,998.9,2.6,0,6,0,230,0,12,9.976,1.5,2.0,0.0,-4.2,-10.0,1121
08-apr-2018,0,13.8,0,4.2,0,-1.1,0,3.8,1003.2,3.5,0,8,0,70,0,12,9.747,1.4,1.9,0.0,-2.4,-10.0,972
09-apr-2018,0,13.3,0,5.0,0,0.9,0,0.3,999.1,6.3,0,14,0,150,0,19,10.430,1.7,2.5,1.4,1.4,-8.1,1356
10-apr-2018,0,11.3,0,5.5,0,3.7,0,0.1,999.4,8.3,0,15,0,50,0,23,9.125,1.1,1.6,2.4,2.4,-6.6,565
11-apr-2018,0,10.3,0,7.0,0,6.7,0,0.0,1003.6,6.7,0,10,0,70,0,14,8.925,0.9,1.3,3.3,3.3,-5.4,381
12-apr-2018,0,11.5,0,7.5,0,7.2,0,0.0,1000.5,7.3,0,13,0,70,0,18,9.630,1.2,1.7,4.5,4.5,-3.9,656
13-apr-2018,0,14.0,0,1.7,0,-2.5,0,0.6,1002.3,2.4,0,6,0,240,0,12,10.521,1.5,2.0,5.4,5.4,-2.8,1113
14-apr-2018,0,14.9,0,7.0,0,0.8,0,0.3,1001.7,9.2,0,17,0,130,0,27,10.557,1.9,2.7,6.9,6.9,-1.1,1124
15-apr-2018,0,14.3,0,8.7,0,7.9,0,6.6,993.4,11.6,0,17,0,130,0,26,10.748,1.6,2.4,1.8,1.8,-6.0,932
16-apr-2018,0,11.6,0,6.0,0,2.5,0,7.2,992.0,13.6,0,21,0,140,0,36,9.490,1.0,1.6,0.0,-4.4,-10.0,464
17-apr-2018,0,15.8,0,9.7,0,7.5,0,6.9,996.8,13.0,0,20,0,180,0,32,11.250,2.3,3.4,0.0,-4.6,-10.0,1408
18-apr-2018,0,17.9,0,10.9,0,9.4,0,0.1,1008.6,10.7,0,20,0,160,0,38,11.545,2.1,2.8,2.0,2.0,-7.5,812
19-apr-2018,0,15.8,0,5.4,0,7.6,0,0.0,1015.3,6.2,0,11,0,260,0,19,12.280,2.2,3.2,4.1,4.1,-4.9,1813
20-apr-2018,0,13.8,0,3.7,0,-1.1,0,0.0,1019.9,6.1,0,12,0,230,0,19,11.740,2.4,3.5,6.4,6.4,-2.3,2226
21-apr-2018,0,17.6,0,1.7,0,-3.0,0,3.7,1010.9,4.7,0,11,0,180,0,18,11.917,2.8,3.9,5.3,5.3,-3.1,2257
22-apr-2018,0,11.7,0,8.0,0,7.8,0,2.0,1004.3,10.7,0,18,0,240,0,31,11.340,1.9,2.9,5.1,5.1,-3.1,1477
23-apr-2018,0,12.2,0,8.8,0,7.0,0,3.5,1006.0,10.2,0,19,0,230,0,30,10.658,1.4,2.0,2.9,2.9,-5.1,845
24-apr-2018,0,11.1,0,7.7,0,6.7,0,4.3,1005.0,8.3,0,17,0,220,0,26,10.285,1.4,2.1,0.0,-0.0,-7.7,920
25-apr-2018,0,11.5,0,6.7,0,4.4,0,1.4,1005.2,11.8,0,19,0,240,0,33,10.145,2.3,3.8,0.9,0.9,-6.4,2077
26-apr-2018,0,11.5,0,5.4,0,3.1,0,7.6,1007.9,8.1,0,15,0,230,0,24,9.783,2.2,3.2,0.0,-4.5,-10.0,1708
27-apr-2018,0,13.1,0,3.8,0,2.4,0,0.2,1005.7,5.6,0,13,0,330,0,18,10.248,2.4,3.4,2.2,2.2,-7.3,1734
28-apr-2018,0,13.4,0,0.7,0,-2.6,0,0.0,1008.9,3.6,0,11,0,340,0,19,11.235,2.5,3.4,4.6,4.6,-4.5,2025
29-apr-2018,0,14.5,0,0.7,0,-3.1,0,1.2,1011.3,4.5,0,11,0,350,0,20,10.885,2.3,3.2,5.6,5.6,-3.1,1717
30-apr-2018,0,12.9,0,0.1,0,-2.6,0,0.0,1008.0,4.7,0,12,0,240,0,18,10.920,2.5,3.6,8.0,8.0,-0.5,2338
01-may-2018,0,11.9,0,5.3,0,-1.2,0,9.3,996.4,8.5,0,16,0,180,0,27,9.932,1.1,1.7,0.0,-0.2,-8.6,680
02-may-2018,0,12.3,0,4.3,0,0.7,0,0.8,1001.3,8.9,0,16,0,260,0,25,10.342,2.3,3.5,1.5,1.5,-6.7,1890
03-may-2018,0,12.1,0,7.9,0,5.1,0,2.6,1010.6,9.1,0,14,0,230,0,25,10.245,1.1,1.7,0.0,-0.0,-7.9,625
04-may-2018,0,14.1,0,9.0,0,8.5,0,0.6,1015.7,6.7,0,12,0,250,0,19,11.635,1.7,2.5,1.1,1.1,-6.4,1210
05-may-2018,0,16.5,0,9.2,0,5.6,0,0.0,1018.4,6.5,0,14,0,220,0,23,12.797,2.6,3.7,3.7,3.7,-3.5,1882
06-may-2018,0,17.0,0,8.1,0,4.0,0,0.0,1017.0,5.1,0,12,0,240,0,19,14.597,3.0,4.3,6.6,6.6,-0.2,2455
07-may-2018,0,15.1,0,10.4,0,9.7,0,0.0,1009.8,5.1,0,12,0,250,0,17,14.545,2.0,2.8,8.5,8.5,1.8,1384
08-may-2018,0,13.4,0,7.9,0,10.8,0,5.5,1003.7,9.2,0,16,0,230,0,25,14.208,2.4,3.9,5.2,5.2,-1.4,2260
09-may-2018,0,11.8,0,6.4,0,6.0,0,3.1,999.7,10.3,0,16,0,240,0,30,11.740,1.7,2.7,3.7,3.7,-2.7,1222
10-may-2018,0,13.8,0,5.6,0,3.7,0,2.2,1005.7,8.9,0,17,0,220,0,26,11.820,3.0,4.4,4.4,4.4,-1.8,2204
11-may-2018,0,12.2,0,2.7,0,6.5,0,8.2,1000.1,10.3,0,19,0,140,0,31,11.485,2.0,3.3,0.0,-1.9,-7.8,1805
12-may-2018,0,13.0,0,0.7,0,-2.5,0,0.0,1006.8,5.0,0,10,0,250,0,17,11.398,2.6,3.8,2.6,2.6,-4.8,2312
13-may-2018,0,15.0,0,4.9,0,0.4,0,0.0,1010.2,5.9,0,11,0,220,0,18,12.880,2.7,3.9,5.2,5.2,-1.9,2119
14-may-2018,0,16.5,0,9.8,0,9.8,0,0.2,1015.7,5.8,0,10,0,210,0,15,14.493,2.7,3.8,7.6,7.6,0.7,1878
15-may-2018,0,14.3,0,3.4,0,7.5,0,1.4,1022.1,6.6,0,14,0,320,0,21,13.665,1.2,1.8,7.4,7.4,0.5,875
16-may-2018,0,15.9,0,2.2,0,-1.0,0,0.0,1026.6,6.2,0,11,0,40,0,20,13.645,3.4,5.0,10.6,10.6,4.0,2799
17-may-2018,0,16.9,0,4.2,0,0.5,0,0.0,1022.7,5.0,0,8,0,160,0,13,13.705,2.4,3.4,12.8,12.8,6.4,1625
18-may-2018,0,16.3,0,7.8,0,3.7,0,0.0,1019.2,4.5,0,9,0,260,0,14,15.090,2.7,3.7,15.1,15.1,9.1,1827
19-may-2018,0,19.6,0,5.4,0,1.9,0,0.1,1014.8,7.9,0,13,0,190,0,22,15.270,3.2,4.6,17.8,17.8,12.2,2151
20-may-2018,0,16.5,0,12.0,0,11.7,0,9.9,1010.8,7.4,0,14,0,190,0,19,14.530,1.3,1.8,9.0,9.0,3.5,570
21-may-2018,0,12.2,0,5.6,0,10.3,0,17.8,1014.8,7.6,0,14,0,340,0,21,13.627,1.2,2.0,0.0,-7.7,-10.0,1039
22-may-2018,0,17.2,0,2.1,0,-0.5,0,0.0,1018.5,4.3,0,9,0,10,0,14,14.210,3.5,4.9,3.5,3.5,-6.0,2855
23-may-2018,0,21.9,0,5.1,0,2.3,0,0.0,1018.7,4.1,0,7,0,100,0,12,16.650,3.9,5.4,7.3,7.3,-1.8,2801
24-may-2018,0,21.3,0,7.0,0,4.4,0,0.1,1017.7,3.6,0,9,0,330,0,16,17.708,3.3,4.4,10.2,10.2,1.5,2156
25-may-2018,0,21.5,0,9.7,0,11.2,0,0.0,1019.6,9.0,0,15,0,320,0,21,17.795,3.7,5.4,13.6,13.6,5.2,2528
26-may-2018,0,21.0,0,9.2,0,7.8,0,0.2,1017.3,8.2,0,14,0,60,0,21,16.657,3.0,4.1,16.0,16.0,7.9,1647
27-may-2018,0,21.5,0,11.8,0,10.9,0,0.5,1012.1,7.1,0,14,0,70,0,20,17.108,3.1,4.2,18.1,18.1,10.5,1697
28-may-2018,0,23.1,0,10.0,0,7.7,0,0.0,1015.0,2.2,0,5,0,340,0,9,18.868,3.2,4.1,20.8,20.8,13.7,1937
29-may-2018,0,24.8,0,12.9,0,9.4,0,0.0,1014.5,5.9,0,11,0,50,0,16,20.100,4.5,6.1,24.4,24.4,18.0,2757
30-may-2018,0,23.0,0,11.4,0,9.1,0,0.0,1010.0,5.6,0,10,0,70,0,15,19.800,4.2,5.6,27.7,27.7,21.8,2593
31-may-2018,0,25.8,0,12.0,0,8.5,0,0.0,1009.3,3.5,0,7,0,280,0,10,20.787,4.2,5.5,30.8,30.8,25.6,2473
01-jun-2018,0,20.3,0,13.5,0,13.9,0,0.0,1011.8,5.3,0,9,0,240,0,14,20.405,3.2,4.4,33.1,33.1,28.3,2073
02-jun-2018,0,20.2,0,13.4,0,11.3,0,0.4,1012.0,2.7,0,6,0,170,0,9,18.927,1.8,2.2,34.0,34.0,29.3,860
03-jun-2018,0,22.0,0,13.3,0,14.0,0,1.5,1013.7,2.8,0,7,0,210,0,11,19.693,3.2,4.2,34.7,34.7,30.4,1890
04-jun-2018,0,23.0,0,11.9,0,8.9,0,0.1,1013.8,3.7,0,7,0,10,0,12,20.105,3.5,4.6,37.0,37.0,33.1,2117
05-jun-2018,0,22.0,0,12.7,0,10.4,0,0.0,1013.1,5.5,0,10,0,80,0,15,20.970,3.8,5.1,39.5,39.5,36.0,2433
06-jun-2018,0,24.3,0,11.4,0,9.1,0,0.0,1011.5,4.1,0,9,0,80,0,17,21.298,4.5,6.0,42.4,42.4,39.3,2836
07-jun-2018,0,24.4,0,11.3,0,8.2,0,0.0,1012.5,6.3,0,10,0,70,0,18,21.355,4.7,6.3,45.2,45.2,42.6,2829
08-jun-2018,0,23.7,0,12.2,0,15.4,0,0.6,1012.5,4.3,0,15,0,300,0,21,21.487,3.4,4.4,46.6,46.6,44.3,1946
09-jun-2018,0,20.7,0,10.4,0,8.3,0,0.0,1011.4,4.3,0,9,0,290,0,12,19.528,2.5,3.4,48.1,48.1,45.9,1471
10-jun-2018,0,17.9,0,12.6,0,13.1,0,0.0,1012.1,6.9,0,11,0,330,0,14,18.237,2.0,2.7,49.2,49.2,47.2,934
11-jun-2018,0,17.8,0,10.6,0,12.6,0,0.0,1014.4,5.9,0,11,0,310,0,16,18.013,2.3,3.1,50.5,50.5,48.7,1205
12-jun-2018,0,17.4,0,10.0,0,9.0,0,0.0,1016.3,5.2,0,11,0,330,0,15,17.938,2.5,3.3,51.8,51.8,50.2,1419
13-jun-2018,0,16.4,0,8.1,0,3.9,0,7.0,1003.6,9.8,0,20,0,200,0,42,15.837,1.0,1.6,45.4,45.4,43.8,574
14-jun-2018,0,16.3,0,11.0,0,11.2,0,0.7,1000.1,14.2,0,29,0,210,0,47,16.335,2.6,4.5,46.2,46.2,44.8,2100
15-jun-2018,0,15.5,0,10.4,0,9.0,0,2.3,1006.9,8.4,0,13,0,250,0,22,16.025,3.1,4.5,45.7,45.7,44.6,2053
16-jun-2018,0,15.1,0,9.8,0,9.7,0,1.6,1004.5,8.9,0,16,0,230,0,26,15.377,2.0,3.0,45.3,45.3,44.3,1270
17-jun-2018,0,15.9,0,10.2,0,10.1,0,2.4,1006.7,8.8,0,15,0,220,0,25,15.297,1.9,2.9,44.1,44.1,43.2,1226
18-jun-2018,0,15.6,0,9.1,0,10.2,0,0.2,1012.8,6.8,0,12,0,220,0,20,15.275,1.8,2.6,44.9,44.9,44.2,1156
19-jun-2018,0,20.0,0,8.1,0,4.4,0,7.0,1012.0,7.6,0,18,0,210,0,27,14.820,1.5,1.9,38.8,38.8,38.2,577
20-jun-2018,0,16.5,0,8.8,0,11.2,0,1.4,1015.6,10.5,0,16,0,260,0,24,16.628,2.6,4.3,39.1,39.1,38.6,2234
21-jun-2018,0,17.5,0,5.8,0,1.4,0,0.0,1027.1,6.8,0,11,0,310,0,22,15.983,3.5,5.0,41.4,41.4,41.2,2459
22-jun-2018,0,18.5,0,3.2,0,-0.3,0,0.0,1029.0,3.7,0,7,0,260,0,12,17.528,3.8,5.2,43.7,43.7,43.8,2975
23-jun-2018,0,20.6,0,5.5,0,2.5,0,0.0,1024.8,3.3,0,8,0,230,0,13,19.122,4.3,5.7,46.3,46.3,46.6,3033
24-jun-2018,0,25.2,0,4.5,0,0.3,0,0.0,1020.7,2.5,0,7,0,230,0,11,20.142,4.7,6.3,49.0,49.0,49.6,3096
25-jun-2018,0,25.8,0,7.5,0,4.5,0,0.0,1021.4,2.3,0,8,0,320,0,11,21.397,4.3,5.7,51.4,51.4,52.2,2723
26-jun-2018,0,28.8,0,13.6,0,12.3,0,0.0,1019.6,3.5,0,9,0,180,0,14,23.353,5.3,6.8,54.2,54.2,55.2,2893
27-jun-2018,0,30.0,0,13.5,0,8.8,0,0.0,1019.7,4.9,0,9,0,60,0,15,24.188,5.5,7.2,57.0,57.0,58.3,2953
28-jun-2018,0,30.2,0,12.1,0,7.0,0,0.0,1020.8,5.4,0,10,0,90,0,17,24.170,5.7,7.4,59.8,59.8,61.2,3023
29-jun-2018,0,29.9,0,15.2,0,11.8,0,0.0,1017.3,5.9,0,10,0,70,0,18,24.855,6.0,7.6,62.5,62.5,64.1,3007
30-jun-2018,0,28.2,0,12.3,0,8.2,0,0.0,1011.6,5.7,0,12,0,310,0,19,24.077,4.9,6.3,64.6,64.6,66.4,2482
01-jul-2018,0,20.5,0,11.5,0,13.8,0,0.0,1014.1,9.9,0,13,0,340,0,22,21.552,3.1,4.4,65.9,65.9,67.7,1712
02-jul-2018,0,25.2,0,9.2,0,8.1,0,0.0,1016.2,7.0,0,10,0,320,0,17,21.987,4.9,6.7,67.9,67.9,69.8,3016
03-jul-2018,0,25.7,0,8.8,0,5.5,0,0.0,1013.9,5.9,0,10,0,90,0,18,22.892,4.9,6.6,69.8,69.8,71.8,2960
04-jul-2018,0,22.2,0,9.5,0,5.5,0,0.0,1010.6,5.6,0,11,0,250,0,18,22.827,4.4,6.1,71.4,71.4,73.5,3005
05-jul-2018,0,19.8,0,13.4,0,12.1,0,0.0,1013.6,3.2,0,6,0,350,0,10,21.057,2.2,2.8,72.1,72.1,74.3,1046
06-jul-2018,0,21.9,0,12.6,0,10.1,0,0.0,1017.1,4.5,0,11,0,230,0,17,22.372,4.3,5.8,73.6,73.6,75.8,2830
07-jul-2018,0,22.7,0,12.3,0,9.1,0,0.0,1020.5,4.3,0,9,0,230,0,15,22.033,3.1,4.1,74.7,74.7,76.9,1735
08-jul-2018,0,21.7,0,13.9,0,10.7,0,0.8,1023.7,3.9,0,9,0,260,0,14,21.735,3.0,3.9,74.8,74.8,77.1,1774
09-jul-2018,0,22.5,0,11.6,0,10.5,0,0.0,1024.7,5.2,0,9,0,320,0,15,21.910,3.6,4.8,76.0,76.0,78.2,2153
10-jul-2018,0,23.5,0,7.9,0,5.7,0,0.0,1021.8,5.5,0,11,0,320,0,18,22.190,4.5,6.1,77.3,77.3,79.7,2956
11-jul-2018,0,20.9,0,12.3,0,10.9,0,0.2,1019.6,5.6,0,11,0,10,0,17,21.438,2.7,3.6,77.9,77.9,80.3,1599
12-jul-2018,0,18.6,0,11.1,0,10.5,0,0.0,1019.6,5.1,0,9,0,340,0,15,20.557,2.7,3.6,78.7,78.7,81.1,1554
13-jul-2018,0,22.5,0,12.1,0,10.0,0,0.0,1017.7,3.3,0,8,0,250,0,13,20.927,3.3,4.3,79.7,79.7,82.0,1820
14-jul-2018,0,19.1,0,11.2,0,7.5,0,3.9,1012.9,6.3,0,11,0,200,0,16,19.170,1.5,2.1,76.2,76.2,78.6,733
15-jul-2018,0,19.0,0,13.3,0,16.1,0,16.5,1007.8,5.9,0,10,0,270,0,16,18.410,1.4,1.9,60.1,60.1,62.5,644
16-jul-2018,0,17.9,0,10.1,0,7.8,0,2.5,1009.2,5.4,0,11,0,250,0,20,18.270,3.1,4.3,59.0,59.0,61.5,2179
17-jul-2018,0,18.3,0,9.6,0,7.7,0,1.8,1009.8,4.7,0,9,0,210,0,15,17.610,2.4,3.3,58.3,58.3,60.8,1568
18-jul-2018,0,19.3,0,11.9,0,11.2,0,0.0,1013.4,4.3,0,8,0,250,0,15,18.430,3.2,4.3,59.8,59.8,62.4,1944
19-jul-2018,0,18.9,0,9.8,0,9.2,0,0.0,1014.3,4.9,0,10,0,250,0,16,18.693,3.3,4.6,61.4,61.4,64.0,2199
20-jul-2018,0,19.6,0,13.0,0,14.6,0,0.3,1010.7,7.0,0,11,0,310,0,16,19.007,2.2,3.1,62.0,62.0,64.7,1251
21-jul-2018,0,18.9,0,11.4,0,10.0,0,0.0,1012.2,6.1,0,10,0,240,0,16,18.685,2.4,3.4,63.1,63.1,65.8,1572
22-jul-2018,0,21.4,0,16.0,0,16.2,0,0.0,1011.8,6.3,0,11,0,250,0,18,19.990,2.4,3.3,64.1,64.1,66.9,1394
23-jul-2018,0,20.0,0,14.5,0,15.2,0,0.3,1009.7,6.1,0,12,0,240,0,19,19.228,2.2,3.0,64.8,64.8,67.5,1123
24-jul-2018,0,19.6,0,11.0,0,12.0,0,0.0,1010.1,5.4,0,13,0,260,0,20,19.650,3.4,4.7,66.2,66.2,69.0,2266
25-jul-2018,0,23.9,0,9.5,0,6.1,0,0.0,1009.3,5.4,0,11,0,140,0,19,19.650,3.4,4.6,67.5,67.5,70.4,1970
26-jul-2018,0,23.1,0,14.7,0,14.2,0,15.7,1004.1,8.1,0,16,0,160,0,26,19.603,2.6,3.3,52.8,52.8,55.7,1088
27-jul-2018,0,18.6,0,11.5,0,13.4,0,7.8,997.8,5.4,0,12,0,140,0,20,17.635,1.7,2.2,45.9,45.9,48.8,773
28-jul-2018,0,16.6,0,10.5,0,11.1,0,3.5,993.4,6.5,0,14,0,260,0,25,16.115,2.7,3.8,44.0,44.0,47.0,1717
29-jul-2018,0,18.0,0,9.1,0,8.7,0,1.0,992.5,6.1,0,14,0,220,0,21,17.135,3.4,4.7,45.0,45.0,48.1,2408
30-jul-2018,0,17.6,0,10.6,0,10.0,0,2.8,999.3,7.9,0,12,0,200,0,20,16.843,3.2,4.6,44.1,44.1,47.3,2285
31-jul-2018,0,17.8,0,10.6,0,9.2,0,12.6,1004.7,11.4,0,19,0,210,0,30,15.288,2.1,3.1,32.8,32.8,36.0,1101
01-aug-2018,0,17.7,0,12.9,0,11.4,0,12.0,1008.0,7.3,0,13,0,180,0,22,15.590,1.1,1.4,21.5,21.5,24.8,395
02-aug-2018,0,19.9,0,16.0,0,15.4,0,7.1,1013.1,5.7,0,10,0,210,0,15,17.788,1.3,1.8,15.5,15.5,18.8,657
03-aug-2018,0,19.1,0,14.5,0,16.4,0,0.2,1018.7,5.5,0,10,0,220,0,15,18.585,2.4,3.4,17.4,17.4,20.8,1604
04-aug-2018,0,18.9,0,12.8,0,13.3,0,0.0,1021.8,3.8,0,7,0,260,0,12,18.130,2.0,2.7,19.1,19.1,22.7,1111
05-aug-2018,0,18.4,0,12.1,0,12.1,0,0.0,1016.9,4.7,0,10,0,250,0,17,18.122,2.4,3.3,21.1,21.1,24.8,1538
06-aug-2018,0,18.2,0,13.0,0,14.3,0,3.9,1009.8,6.1,0,11,0,220,0,19,17.577,1.7,2.4,18.5,18.5,22.3,1055
07-aug-2018,0,17.0,0,12.2,0,12.3,0,4.0,1004.3,6.6,0,13,0,220,0,23,16.985,2.6,3.6,16.7,16.7,20.6,1674
08-aug-2018,0,17.1,0,8.3,0,7.4,0,0.7,1004.9,6.2,0,14,0,280,0,23,16.550,2.8,3.9,18.3,18.3,22.4,2068
09-aug-2018,0,16.5,0,8.1,0,5.7,0,7.6,1008.8,5.8,0,13,0,240,0,19,15.863,2.8,4.0,13.1,13.1,17.2,2149
10-aug-2018,0,17.3,0,7.0,0,5.6,0,0.1,1012.7,4.4,0,10,0,220,0,16,15.938,2.5,3.4,15.2,15.2,19.4,1730
11-aug-2018,0,20.9,0,6.9,0,3.9,0,3.1,1008.6,6.6,0,11,0,120,0,17,15.760,1.7,2.4,13.5,13.5,17.9,1040
12-aug-2018,0,20.2,0,12.7,0,12.4,0,0.2,1001.7,2.8,0,7,0,290,0,11,18.180,2.2,2.8,15.2,15.2,19.6,1259
13-aug-2018,0,18.8,0,13.1,0,10.9,0,0.7,1006.0,5.2,0,11,0,230,0,18,17.798,2.1,2.9,16.3,16.3,20.9,1348
14-aug-2018,0,17.6,0,15.1,0,15.0,0,3.4,1009.2,10.1,0,16,0,230,0,28,17.140,1.3,1.9,14.0,14.0,18.6,673
15-aug-2018,0,19.9,0,12.4,0,14.5,0,3.6,1005.3,9.5,0,16,0,210,0,24,17.410,2.4,3.4,12.5,12.5,17.2,1362
16-aug-2018,0,17.0,0,11.4,0,10.1,0,8.1,1007.7,8.2,0,15,0,250,0,24,15.903,2.5,3.5,6.6,6.6,11.4,1601
17-aug-2018,0,16.2,0,12.5,0,10.8,0,6.0,1010.9,10.8,0,17,0,220,0,32,15.055,1.1,1.5,1.7,1.7,6.5,364
18-aug-2018,0,21.3,0,15.4,0,14.6,0,13.5,1008.0,9.0,0,15,0,220,0,25,17.352,2.0,2.7,0.0,-9.9,-5.0,991
19-aug-2018,0,18.9,0,14.8,0,15.0,0,1.6,1009.6,7.1,0,12,0,250,0,23,18.003,1.9,2.7,0.3,0.3,-4.5,1239
20-aug-2018,0,19.0,0,14.1,0,16.0,0,0.8,1013.8,5.3,0,9,0,220,0,14,18.235,1.9,2.6,1.4,1.4,-3.1,1200
21-aug-2018,0,20.9,0,13.5,0,14.2,0,2.3,1011.5,8.1,0,16,0,220,0,25,18.380,2.1,3.0,1.2,1.2,-3.1,1326
22-aug-2018,0,17.7,0,12.6,0,14.0,0,8.9,1010.2,7.4,0,14,0,220,0,22,18.142,1.9,2.8,0.0,-5.8,-9.9,1341
23-aug-2018,0,16.2,0,10.4,0,11.9,0,8.0,1009.3,8.9,0,16,0,260,0,25,16.108,2.3,3.3,0.0,-5.7,-10.0,1611
24-aug-2018,0,15.5,0,7.4,0,7.8,0,0.9,1010.7,7.6,0,16,0,280,0,25,14.475,2.0,2.8,1.1,1.1,-8.4,1352
25-aug-2018,0,17.7,0,4.7,0,3.6,0,0.4,1009.3,2.7,0,7,0,130,0,13,15.427,2.4,3.3,3.1,3.1,-6.0,1896
26-aug-2018,0,16.7,0,10.1,0,10.9,0,18.8,999.5,8.5,0,14,0,260,0,26,15.283,1.4,2.0,0.0,-10.0,-10.0,798
27-aug-2018,0,17.0,0,12.1,0,11.0,0,0.0,1005.4,8.5,0,14,0,290,0,24,15.188,2.1,2.9,2.1,2.1,-7.4,1100
28-aug-2018,0,15.8,0,9.1,0,10.1,0,8.4,1008.5,6.6,0,13,0,190,0,20,14.392,1.2,1.7,0.0,-5.1,-10.0,684
29-aug-2018,0,16.9,0,6.6,0,4.4,0,0.0,1014.3,4.4,0,11,0,300,0,16,14.372,2.1,2.9,2.1,2.1,-7.4,1548
30-aug-2018,0,18.1,0,6.7,0,5.4,0,0.0,1017.6,3.2,0,8,0,110,0,13,15.155,2.0,2.7,4.1,4.1,-5.0,1365
31-aug-2018,0,18.5,0,10.4,0,7.6,0,1.8,1013.9,6.2,0,11,0,130,0,20,15.190,1.3,1.7,3.5,3.5,-5.3,644
01-sep-2018,0,22.0,0,12.5,0,10.6,0,0.1,1015.5,2.9,0,7,0,260,0,11,17.382,2.1,2.7,5.4,5.4,-3.0,1346
02-sep-2018,0,19.1,0,7.3,0,11.5,0,0.2,1016.5,7.3,0,13,0,190,0,19,17.112,1.2,1.7,6.4,6.4,-1.9,847
03-sep-2018,0,16.8,0,3.1,0,2.3,0,0.0,1021.7,4.9,0,10,0,320,0,15,14.970,2.1,2.9,8.3,8.3,0.3,1646
04-sep-2018,0,16.4,0,4.8,0,3.6,0,0.0,1021.8,3.4,0,11,0,320,0,14,14.685,1.5,2.1,9.7,9.7,1.8,1011
05-sep-2018,0,17.3,0,8.1,0,6.7,0,0.4,1019.6,4.8,0,10,0,210,0,16,15.335,1.3,1.8,10.5,10.5,2.7,798
06-sep-2018,0,14.2,0,6.5,0,12.5,0,5.6,1015.6,5.5,0,10,0,330,0,13,14.858,0.8,1.1,5.6,5.6,-2.2,508
07-sep-2018,0,15.9,0,6.7,0,4.9,0,0.9,1011.4,4.2,0,10,0,220,0,17,13.932,1.3,1.7,5.9,5.9,-1.7,812
08-sep-2018,0,16.2,0,12.1,0,11.4,0,15.6,1005.7,5.2,0,11,0,220,0,19,14.887,0.9,1.1,0.0,-8.9,-10.0,378
09-sep-2018,0,15.9,0,12.2,0,10.3,0,2.4,1008.5,9.1,0,15,0,230,0,26,14.970,1.9,2.7,0.0,-0.5,-10.0,1313
10-sep-2018,0,16.2,0,11.3,0,11.2,0,14.2,1009.5,8.4,0,14,0,220,0,25,14.118,0.9,1.3,0.0,-10.0,-10.0,364
11-sep-2018,0,15.8,0,9.1,0,8.6,0,4.0,1012.6,7.3,0,14,0,250,0,26,14.160,1.6,2.2,0.0,-2.4,-10.0,1065
12-sep-2018,0,15.5,0,6.2,0,3.2,0,0.4,1017.9,5.4,0,12,0,250,0,21,13.775,1.7,2.4,1.3,1.3,-8.2,1474
13-sep-2018,0,15.9,0,9.5,0,7.8,0,4.4,1015.3,8.6,0,15,0,220,0,26,13.970,1.6,2.2,0.0,-1.6,-10.0,1005
14-sep-2018,0,15.5,0,11.1,0,11.1,0,6.9,1013.1,6.7,0,13,0,240,0,23,14.295,1.6,2.2,0.0,-5.3,-10.0,1063
15-sep-2018,0,16.3,0,10.5,0,8.9,0,3.0,1008.8,7.4,0,15,0,170,0,28,14.330,1.1,1.5,0.0,-1.9,-10.0,687
16-sep-2018,0,16.2,0,10.2,0,9.7,0,2.8,1005.7,7.1,0,13,0,200,0,24,14.818,1.3,1.9,0.0,-1.5,-10.0,1091
17-sep-2018,0,20.3,0,9.6,0,6.6,0,4.8,997.8,7.8,0,17,0,170,0,29,14.200,1.3,1.7,0.0,-3.5,-10.0,440
18-sep-2018,0,17.8,0,11.7,0,11.6,0,4.1,992.3,11.3,0,22,0,210,0,35,15.155,1.8,2.6,0.0,-2.3,-10.0,1234
19-sep-2018,0,14.6,0,9.2,0,8.7,0,6.6,993.4,15.3,0,35,0,220,0,55,12.630,1.6,2.4,0.0,-5.0,-10.0,959
20-sep-2018,0,11.2,0,6.0,0,3.3,0,10.8,998.7,3.4,0,7,0,170,0,14,11.330,0.7,0.9,0.0,-10.0,-10.0,323
21-sep-2018,0,14.6,0,6.3,0,3.7,0,1.6,1004.6,7.9,0,16,0,270,0,26,11.470,1.7,2.4,0.1,0.1,-9.4,1343
22-sep-2018,0,14.1,0,7.7,0,5.7,0,0.7,1012.3,3.2,0,7,0,10,0,11,12.302,1.1,1.5,0.5,0.5,-8.5,666
23-sep-2018,0,13.0,0,2.4,0,1.8,0,0.1,1023.5,7.3,0,16,0,300,0,22,11.575,1.5,2.2,1.9,1.9,-6.7,1441
24-sep-2018,0,14.5,0,0.7,0,-1.3,0,0.0,1033.3,3.3,0,9,0,200,0,14,10.475,1.4,1.9,3.3,3.3,-5.0,1214
25-sep-2018,0,15.1,0,7.0,0,1.3,0,6.0,1026.9,8.2,0,13,0,190,0,22,11.323,1.0,1.3,0.0,-1.8,-9.8,385
26-sep-2018,0,16.4,0,12.2,0,11.6,0,1.8,1024.0,7.2,0,14,0,210,0,24,13.645,0.8,1.0,0.0,-1.0,-10.0,217
27-sep-2018,0,15.8,0,5.5,0,8.0,0,0.6,1024.4,6.3,0,11,0,220,0,18,12.895,1.0,1.3,0.4,0.4,-9.1,580
28-sep-2018,0,14.6,0,1.3,0,0.4,0,0.0,1029.8,3.3,0,7,0,30,0,16,11.413,1.4,2.0,1.7,1.7,-7.3,1411
29-sep-2018,0,13.3,0,-0.6,0,-1.4,0,0.8,1022.6,4.9,0,11,0,230,0,19,10.110,0.8,1.2,1.7,1.7,-6.9,716
30-sep-2018,0,12.8,0,3.2,0,3.6,0,0.0,1021.2,6.2,0,15,0,310,0,22,11.200,0.8,1.2,2.5,2.5,-5.8,647
01-oct-2018,0,14.1,0,6.2,0,1.2,0,2.5,1022.0,7.4,0,15,0,210,0,24,11.320,0.8,1.2,0.8,0.8,-7.2,782
02-oct-2018,0,14.9,0,12.3,0,11.7,0,0.7,1019.7,7.0,0,11,0,260,0,19,13.225,0.8,1.0,0.9,0.9,-6.8,323
03-oct-2018,0,13.8,0,11.9,0,10.2,0,2.7,1020.5,6.8,0,11,0,220,0,18,13.337,0.7,0.9,0.0,-1.2,-8.5,434
04-oct-2018,0,14.1,0,9.8,0,10.8,0,4.0,1015.5,6.5,0,10,0,210,0,18,13.413,0.7,1.0,0.0,-3.3,-10.0,428
05-oct-2018,0,11.8,0,4.2,0,7.6,0,0.2,1012.8,5.2,0,10,0,310,0,13,12.350,0.9,1.3,0.7,0.7,-8.8,848
06-oct-2018,0,12.5,0,1.3,0,1.5,0,0.3,1015.4,5.2,0,11,0,320,0,16,10.815,1.1,1.6,1.5,1.5,-7.6,1180
07-oct-2018,0,14.8,0,2.0,0,-0.1,0,0.0,1013.8,14.1,0,23,0,210,0,39,10.423,1.0,1.4,2.5,2.5,-6.2,432
08-oct-2018,0,15.5,0,13.6,0,10.2,0,0.3,1006.3,14.3,0,19,0,200,0,29,12.443,1.5,1.8,3.6,3.6,-4.7,271
09-oct-2018,0,16.8,0,12.9,0,12.2,0,0.1,1002.2,11.5,0,17,0,180,0,26,12.823,1.3,1.6,4.8,4.8,-3.2,169
10-oct-2018,0,20.7,0,11.9,0,9.0,0,0.2,996.2,10.4,0,18,0,130,0,30,13.775,1.8,2.3,6.3,6.3,-1.5,1101
11-oct-2018,0,15.3,0,9.7,0,9.9,0,5.0,985.6,9.1,0,18,0,140,0,30,13.033,1.2,1.5,2.4,2.4,-5.2,618
12-oct-2018,0,14.3,0,10.1,0,6.3,0,12.4,984.0,12.0,0,22,0,120,0,40,11.503,1.3,1.6,0.0,-8.7,-10.0,290
13-oct-2018,0,12.4,0,4.2,0,7.8,0,19.1,996.3,4.7,0,11,0,320,0,15,11.315,0.4,0.6,0.0,-10.0,-10.0,174
14-oct-2018,0,13.3,0,0.2,0,-0.4,0,0.0,1004.7,3.0,0,9,0,210,0,13,9.644,0.8,1.2,0.8,0.8,-8.7,977
15-oct-2018,0,13.9,0,2.1,0,0.1,0,0.0,1008.1,3.9,0,8,0,100,0,13,10.182,0.9,1.3,1.7,1.7,-7.4,1076
16-oct-2018,0,15.2,0,8.5,0,4.6,0,1.1,1004.8,8.2,0,15,0,210,0,24,11.118,0.9,1.3,1.5,1.5,-7.2,748
17-oct-2018,0,13.8,0,1.2,0,6.7,0,1.1,1016.2,4.3,0,9,0,300,0,15,11.430,0.7,1.0,1.1,1.1,-7.2,962
18-oct-2018,0,13.3,0,-0.5,0,-1.1,0,0.0,1022.1,3.1,0,8,0,190,0,13,9.343,0.7,1.1,1.8,1.8,-6.2,979
19-oct-2018,0,13.3,0,7.1,0,4.6,0,2.1,1019.0,5.5,0,9,0,180,0,15,10.390,0.6,0.7,0.2,0.2,-7.4,255
20-oct-2018,0,15.7,0,12.0,0,10.7,0,0.2,1022.0,7.0,0,10,0,210,0,18,12.282,0.7,0.9,0.7,0.7,-6.5,296
21-oct-2018,0,14.3,0,3.5,0,10.8,0,7.6,1026.5,6.6,0,14,0,310,0,20,12.702,0.4,0.6,0.0,-6.5,-10.0,603
22-oct-2018,0,13.9,0,0.4,0,0.2,0,0.0,1035.7,5.1,0,11,0,250,0,18,9.872,0.8,1.1,0.8,0.8,-8.7,763
23-oct-2018,0,15.1,0,4.9,0,5.5,0,0.0,1032.2,6.8,0,12,0,270,0,18,10.325,0.8,1.1,1.6,1.6,-7.4,667
24-oct-2018,0,12.7,0,2.3,0,1.3,0,0.0,1027.7,3.3,0,8,0,290,0,12,10.077,0.6,0.8,2.2,2.2,-6.5,460
25-oct-2018,0,11.8,0,7.4,0,9.3,0,0.8,1019.7,5.7,0,14,0,260,0,20,10.830,0.6,0.8,2.0,2.0,-6.4,338
26-oct-2018,0,9.3,0,2.9,0,2.8,0,1.5,1017.1,9.2,0,18,0,320,0,35,8.896,0.6,0.8,1.0,1.0,-7.0,709
27-oct-2018,0,7.6,0,-0.9,0,1.1,0,4.9,1021.5,7.3,0,18,0,310,0,32,6.818,0.6,0.8,0.0,-3.3,-10.0,636
28-oct-2018,0,10.5,0,-1.7,0,-1.5,0,0.0,1018.6,2.9,0,7,0,10,0,11,5.808,0.4,0.8,0.4,0.4,-9.1,815
29-oct-2018,0,7.8,0,1.8,0,-0.8,0,0.0,1004.2,6.8,0,13,0,120,0,24,6.349,0.7,0.9,1.1,1.1,-8.0,338
30-oct-2018,0,7.4,0,3.6,0,3.2,0,1.2,994.5,4.4,0,10,0,90,0,14,6.754,0.5,0.6,0.4,0.4,-8.3,222
31-oct-2018,0,9.5,0,-2.0,0,0.8,0,5.8,996.4,3.5,0,8,0,200,0,14,6.714,0.4,0.5,0.0,-5.1,-10.0,391
01-nov-2018,0,10.9,0,-2.3,0,-1.7,0,1.5,1006.2,3.0,0,16,0,280,0,24,5.519,0.4,0.6,0.0,-1.1,-10.0,708
02-nov-2018,0,13.4,0,-2.6,0,-2.4,0,3.1,1011.2,6.7,0,16,0,180,0,29,5.106,0.5,0.6,0.0,-2.6,-10.0,217
03-nov-2018,0,15.0,0,8.2,0,0.0,0,5.6,1000.4,12.2,0,16,0,190,0,26,10.038,0.8,1.0,0.0,-4.8,-10.0,245
04-nov-2018,0,12.6,0,6.9,0,3.9,0,0.1,996.7,6.1,0,12,0,190,0,20,8.678,0.7,0.9,0.6,0.6,-8.9,569
05-nov-2018,0,10.5,0,6.8,0,5.2,0,4.5,993.2,4.0,0,7,0,310,0,11,9.023,0.4,0.5,0.0,-3.6,-10.0,319
06-nov-2018,0,12.9,0,4.5,0,4.4,0,4.1,982.3,7.3,0,14,0,140,0,22,9.015,0.4,0.5,0.0,-3.7,-10.0,274
07-nov-2018,0,9.4,0,2.3,0,1.5,0,0.7,987.0,5.0,0,12,0,250,0,21,7.252,0.4,0.6,0.0,-0.3,-9.8,352
08-nov-2018,0,11.6,0,4.5,0,0.1,0,0.1,994.4,6.2,0,11,0,140,0,20,6.798,0.5,0.7,0.4,0.4,-8.9,541
09-nov-2018,0,12.6,0,5.0,0,0.8,0,15.1,982.7,12.1,0,24,0,140,0,37,7.330,0.7,0.9,0.0,-10.0,-10.0,105
10-nov-2018,0,10.2,0,4.3,0,2.3,0,1.6,978.3,4.8,0,11,0,200,0,17,7.425,0.3,0.5,0.0,-1.3,-10.0,437
11-nov-2018,0,9.9,0,3.3,0,0.6,0,1.6,984.2,5.9,0,12,0,180,0,22,6.630,0.3,0.5,0.0,-1.3,-10.0,436
12-nov-2018,0,11.1,0,7.6,0,3.3,0,2.7,994.9,8.4,0,14,0,190,0,22,7.669,0.5,0.6,0.0,-2.2,-10.0,389
13-nov-2018,0,12.5,0,6.5,0,2.0,0,1.7,1004.9,7.6,0,13,0,140,0,23,7.946,0.4,0.6,0.0,-1.3,-10.0,292
14-nov-2018,0,15.1,0,11.9,0,7.0,0,8.0,1001.6,10.5,0,15,0,160,0,27,11.078,0.6,0.7,0.0,-7.4,-10.0,244
15-nov-2018,0,13.4,0,4.0,0,10.9,0,8.0,1006.2,7.5,0,14,0,170,0,25,10.438,0.4,0.5,0.0,-7.6,-10.0,113
16-nov-2018,0,13.3,0,3.6,0,1.3,0,0.3,1011.8,8.8,0,14,0,140,0,23,8.564,0.4,0.5,0.1,0.1,-9.4,209
17-nov-2018,0,13.2,0,5.9,0,8.8,0,0.0,1015.5,10.4,0,16,0,100,0,26,10.420,0.6,0.7,0.6,0.6,-8.4,178
18-nov-2018,0,11.4,0,3.9,0,1.6,0,0.0,1019.1,7.2,0,12,0,90,0,18,7.376,0.5,0.6,1.2,1.2,-7.5,506
19-nov-2018,0,9.1,0,4.0,0,0.9,0,0.2,1017.4,7.2,0,12,0,80,0,20,6.208,0.6,0.7,1.5,1.5,-6.7,272
20-nov-2018,0,7.8,0,4.0,0,2.7,0,0.0,1010.5,8.5,0,13,0,30,0,22,6.216,0.5,0.6,2.0,2.0,-5.9,383
21-nov-2018,0,6.1,0,2.4,0,3.0,0,1.6,1003.6,5.5,0,9,0,90,0,16,6.019,0.3,0.4,0.7,0.7,-6.9,150
22-nov-2018,0,6.9,0,2.0,0,1.0,0,0.3,1008.4,8.6,0,15,0,90,0,22,5.004,0.4,0.5,0.8,0.8,-6.5,233
23-nov-2018,0,7.2,0,1.4,0,0.3,0,0.1,1006.5,8.9,0,13,0,50,0,20,4.382,0.2,0.4,0.9,0.9,-6.0,202
24-nov-2018,0,8.4,0,3.6,0,0.7,0,0.1,1007.3,6.7,0,10,0,50,0,15,6.297,0.3,0.4,1.1,1.1,-5.5,184
25-nov-2018,0,7.4,0,0.6,0,-0.6,0,0.1,1008.3,5.4,0,10,0,70,0,14,4.573,0.1,0.1,1.1,1.1,-5.2,414
26-nov-2018,0,7.7,0,0.9,0,-0.3,0,0.4,1005.9,7.6,0,15,0,100,0,24,4.575,0.3,0.4,1.0,1.0,-5.1,294
27-nov-2018,0,10.4,0,7.4,0,3.2,0,10.1,994.5,10.7,0,21,0,100,0,30,6.955,0.6,0.8,0.0,-8.5,-10.0,188
28-nov-2018,0,14.4,0,8.1,0,5.0,0,7.6,978.9,14.6,0,28,0,210,0,44,8.833,0.9,1.1,0.0,-6.7,-10.0,76
29-nov-2018,0,9.7,0,7.3,0,5.4,0,4.7,984.4,9.2,0,17,0,250,0,30,7.860,0.7,0.8,0.0,-4.0,-10.0,191
30-nov-2018,0,8.7,0,5.0,0,3.3,0,2.4,993.8,8.9,0,17,0,250,0,30,6.386,0.5,0.6,0.0,-1.9,-10.0,232
01-dec-2018,0,8.2,0,5.8,0,3.0,0,5.4,991.1,4.2,0,11,0,70,0,16,7.180,0.2,0.3,0.0,-5.2,-10.0,140
02-dec-2018,0,11.3,0,7.1,0,7.1,0,13.2,986.4,10.0,0,19,0,220,0,30,8.842,0.3,0.4,0.0,-10.0,-10.0,81
03-dec-2018,0,8.5,0,-1.9,0,2.7,0,3.3,999.5,4.4,0,10,0,310,0,14,6.636,0.0,0.0,0.0,-3.3,-10.0,362
04-dec-2018,0,4.8,0,-2.4,0,-6.3,0,2.8,1010.9,4.3,0,13,0,80,0,21,3.985,0.3,0.4,0.0,-2.5,-10.0,87
05-dec-2018,0,10.8,0,4.4,0,1.4,0,7.3,1003.2,4.9,0,12,0,90,0,19,6.457,0.3,0.4,0.0,-7.0,-10.0,86
06-dec-2018,0,13.1,0,8.8,0,6.8,0,5.3,997.2,10.0,0,21,0,220,0,32,9.212,0.4,0.5,0.0,-4.9,-10.0,138
07-dec-2018,0,12.9,0,5.6,0,3.7,0,3.3,994.8,14.7,0,22,0,220,0,36,7.097,0.8,0.9,0.0,-2.5,-10.0,213
08-dec-2018,0,11.0,0,7.2,0,4.3,0,8.5,995.5,14.0,0,23,0,270,0,45,7.484,0.6,0.8,0.0,-7.9,-10.0,166
09-dec-2018,0,9.5,0,4.0,0,5.2,0,0.2,1007.6,8.8,0,20,0,300,0,32,6.890,0.3,0.3,0.1,0.1,-9.4,254
10-dec-2018,0,10.4,0,0.4,0,-3.2,0,0.0,1019.0,3.5,0,7,0,190,0,12,5.595,0.3,0.4,0.4,0.4,-8.7,77
11-dec-2018,0,11.0,0,4.5,0,1.9,0,0.7,1010.5,8.1,0,16,0,150,0,24,6.944,0.4,0.6,0.1,0.1,-8.5,47
12-dec-2018,0,8.2,0,0.0,0,-4.4,0,0.9,1003.2,6.7,0,17,0,120,0,28,5.256,0.3,0.4,0.0,-0.5,-8.7,164
13-dec-2018,0,9.2,0,6.4,0,-0.6,0,0.8,1002.6,11.1,0,17,0,120,0,34,6.544,0.7,0.9,0.0,-0.1,-8.3,103
14-dec-2018,0,10.1,0,6.4,0,5.6,0,1.3,1004.3,9.9,0,17,0,140,0,26,6.949,0.6,0.8,0.0,-0.7,-8.6,66
15-dec-2018,0,14.1,0,5.8,0,7.0,0,8.2,987.9,11.2,0,22,0,300,0,32,8.489,0.6,0.8,0.0,-7.6,-10.0,133
16-dec-2018,0,7.3,0,3.6,0,2.5,0,4.7,996.5,5.6,0,11,0,220,0,19,5.773,0.2,0.3,0.0,-4.5,-10.0,196
17-dec-2018,0,13.0,0,3.7,0,0.2,0,2.6,994.3,11.4,0,20,0,180,0,35,6.321,0.6,0.7,0.0,-2.0,-10.0,98
18-dec-2018,0,13.0,0,4.8,0,7.4,0,7.2,984.9,10.2,0,21,0,170,0,38,7.913,0.4,0.5,0.0,-6.8,-10.0,261
19-dec-2018,0,8.0,0,4.7,0,2.7,0,11.8,988.5,9.5,0,13,0,200,0,23,5.606,0.5,0.6,0.0,-10.0,-10.0,115
20-dec-2018,0,8.6,0,6.1,0,4.2,0,4.1,992.1,7.7,0,14,0,230,0,23,6.235,0.3,0.4,0.0,-3.8,-10.0,152
21-dec-2018,0,10.3,0,5.3,0,4.8,0,3.6,993.7,6.1,0,16,0,230,0,31,6.736,0.4,0.5,0.0,-3.2,-10.0,141
22-dec-2018,0,10.4,0,5.1,0,2.3,0,6.7,1006.1,5.8,0,11,0,260,0,19,6.472,0.3,0.3,0.0,-6.4,-10.0,216
23-dec-2018,0,7.5,0,5.8,0,4.5,0,9.0,1013.1,6.2,0,12,0,60,0,18,6.844,0.2,0.3,0.0,-8.8,-10.0,106
24-dec-2018,0,9.7,0,5.8,0,4.6,0,1.6,1021.8,5.5,0,9,0,100,0,13,6.808,0.4,0.5,0.0,-1.2,-10.0,64
25-dec-2018,0,12.4,0,9.2,0,6.3,0,0.0,1022.2,6.1,0,10,0,160,0,16,8.778,0.4,0.5,0.4,0.4,-9.1,152
26-dec-2018,0,11.8,0,7.0,0,2.5,0,0.0,1020.0,5.1,0,10,0,210,0,15,8.038,0.2,0.3,0.6,0.6,-8.4,171
27-dec-2018,0,10.4,0,8.0,0,6.8,0,0.1,1019.4,3.4,0,7,0,200,0,11,8.550,0.3,0.4,0.8,0.8,-7.8,117
28-dec-2018,0,11.7,0,8.9,0,5.1,0,1.7,1021.7,6.5,0,13,0,220,0,21,9.368,0.3,0.3,0.0,-0.7,-8.9,162
29-dec-2018,0,11.6,0,10.3,0,9.2,0,10.3,1024.8,8.3,0,17,0,220,0,27,10.218,0.2,0.4,0.0,-10.0,-10.0,89
30-dec-2018,0,11.1,0,8.2,0,6.2,0,0.4,1028.4,5.4,0,11,0,230,0,16,9.815,0.2,0.2,0.0,-0.2,-9.7,158
31-dec-2018,0,10.6,0,9.0,0,6.3,0,0.0,1029.6,6.4,0,11,0,230,0,17,8.965,0.7,0.8,0.7,0.7,-8.6,88
01-jan-2019,0,11.3,0,6.9,0,6.6,0,0.2,1033.7,3.1,0,8,0,80,0,12,8.890,0.2,0.3,0.6,0.6,-8.2,204
02-jan-2019,0,9.0,0,5.6,0,5.3,0,0.7,1036.6,4.5,0,8,0,100,0,11,7.949,0.3,0.4,0.3,0.3,-8.1,134
03-jan-2019,0,9.1,0,5.3,0,3.9,0,0.0,1034.8,4.5,0,8,0,140,0,14,7.347,0.4,0.6,0.7,0.7,-7.3,133
04-jan-2019,0,7.2,0,5.6,0,5.5,0,0.0,1034.6,5.8,0,10,0,160,0,19,6.480,0.7,0.8,1.3,1.3,-6.3,115
05-jan-2019,0,8.8,0,-0.6,0,-5.6,0,0.0,1031.9,4.3,0,8,0,190,0,13,5.056,0.3,0.4,1.7,1.7,-5.7,134
06-jan-2019,0,10.4,0,7.4,0,-0.1,0,1.5,1030.2,5.2,0,8,0,210,0,13,7.551,0.4,0.5,0.6,0.6,-6.5,67
07-jan-2019,0,11.1,0,2.9,0,7.4,0,1.9,1027.9,9.4,0,18,0,240,0,28,8.536,0.3,0.5,0.0,-1.0,-7.7,30
08-jan-2019,0,9.8,0,3.7,0,-0.8,0,0.1,1030.2,2.5,0,6,0,270,0,9,6.778,0.1,0.2,0.0,0.0,-7.3,238
09-jan-2019,0,10.4,0,7.6,0,2.6,0,2.3,1029.2,2.2,0,6,0,10,0,9,8.320,0.3,0.3,0.0,-2.0,-9.0,101
10-jan-2019,0,10.9,0,7.4,0,7.8,0,1.0,1029.2,2.2,0,5,0,330,0,7,9.077,0.1,0.2,0.0,-0.9,-9.4,197
11-jan-2019,0,9.9,0,6.9,0,5.9,0,1.0,1027.5,5.7,0,12,0,240,0,21,8.565,0.1,0.2,0.0,-0.9,-9.8,212
12-jan-2019,0,10.7,0,7.3,0,6.1,0,0.5,1022.1,9.5,0,15,0,260,0,25,8.586,0.4,0.5,0.0,-0.1,-9.4,197
13-jan-2019,0,11.4,0,7.9,0,6.0,0,0.1,1016.8,11.4,0,18,0,310,0,28,8.536,0.8,0.9,0.7,0.7,-8.3,190
14-jan-2019,0,9.2,0,5.8,0,4.0,0,0.9,1018.1,5.5,0,10,0,230,0,16,7.452,0.4,0.5,0.2,0.2,-8.3,132
15-jan-2019,0,10.0,0,7.4,0,3.4,0,2.8,1007.5,8.4,0,17,0,200,0,29,8.159,0.5,0.6,0.0,-2.1,-10.0,133
16-jan-2019,0,7.7,0,2.2,0,0.1,0,8.2,1000.5,7.0,0,17,0,310,0,27,5.868,0.3,0.4,0.0,-7.9,-10.0,142
17-jan-2019,0,5.3,0,-1.0,0,-3.3,0,0.3,1010.0,4.8,0,12,0,340,0,22,3.736,0.2,0.3,0.0,-0.1,-9.6,252
18-jan-2019,0,8.4,0,2.0,0,-3.1,0,8.3,1001.2,5.5,0,10,0,130,0,17,5.196,0.2,0.3,0.0,-8.1,-10.0,270
19-jan-2019,0,6.7,0,1.8,0,-0.1,0,1.0,1002.5,2.0,0,5,0,200,0,7,5.573,0.2,0.3,0.0,-0.8,-10.0,173
20-jan-2019,0,7.7,0,-2.5,0,2.7,0,2.9,1015.1,6.4,0,16,0,320,0,28,5.580,0.1,0.2,0.0,-2.8,-10.0,334
21-jan-2019,0,5.5,0,-2.4,0,-6.2,0,7.3,1012.3,7.6,0,17,0,270,0,27,3.093,0.3,0.4,0.0,-7.0,-10.0,103
22-jan-2019,0,5.1,0,0.6,0,-1.2,0,2.0,999.4,4.4,0,9,0,290,0,15,3.040,0.3,0.4,0.0,-1.7,-10.0,243
23-jan-2019,0,6.7,0,2.3,0,-2.7,0,1.9,1000.9,3.9,0,9,0,310,0,15,3.903,0.3,0.4,0.0,-1.6,-10.0,133
24-jan-2019,0,12.0,0,6.4,0,2.8,0,0.5,1007.5,5.9,0,15,0,300,0,20,7.316,0.4,0.5,0.0,-0.1,-9.6,197
25-jan-2019,0,10.9,0,8.1,0,8.0,0,1.1,1009.2,8.0,0,13,0,230,0,22,8.332,0.3,0.5,0.0,-0.8,-9.9,285
26-jan-2019,0,9.7,0,4.3,0,6.9,0,11.1,993.6,13.5,0,27,0,320,0,41,8.069,0.6,0.8,0.0,-10.0,-10.0,232
27-jan-2019,0,6.3,0,1.6,0,0.4,0,0.5,1000.5,9.2,0,25,0,320,0,36,4.482,0.7,0.9,0.2,0.2,-9.3,333
28-jan-2019,0,7.0,0,1.4,0,0.6,0,10.6,1004.6,4.2,0,8,0,10,0,14,4.775,0.3,0.4,0.0,-10.0,-10.0,346
29-jan-2019,0,4.7,0,-0.1,0,-1.8,0,6.0,996.2,5.7,0,16,0,330,0,25,3.694,0.2,0.3,0.0,-5.8,-10.0,384
30-jan-2019,0,5.9,0,-2.1,0,-6.1,0,0.1,989.8,3.6,0,10,0,280,0,14,2.568,0.2,0.4,0.1,0.1,-9.4,578
31-jan-2019,0,3.2,0,-1.7,0,-7.0,0,9.3,979.8,13.0,0,21,0,100,0,34,2.076,0.4,0.6,0.0,-8.8,-10.0,117
01-feb-2019,0,4.3,0,-2.5,0,-2.9,0,0.1,994.1,7.3,0,12,0,60,0,19,2.112,0.3,0.5,0.2,0.2,-9.3,613
02-feb-2019,0,7.0,0,-5.1,0,-9.4,0,0.0,1009.0,4.0,0,8,0,250,0,12,1.233,0.3,0.5,0.5,0.5,-8.5,588
03-feb-2019,0,8.2,0,0.8,0,-8.8,0,1.5,1007.9,8.9,0,15,0,200,0,23,3.296,0.4,0.6,0.0,-0.6,-9.2,191
04-feb-2019,0,10.9,0,0.2,0,-1.7,0,0.2,1007.8,4.8,0,11,0,200,0,18,5.206,0.3,0.5,0.1,0.1,-8.6,597
05-feb-2019,0,12.3,0,1.7,0,-5.2,0,7.9,1006.8,8.6,0,18,0,220,0,27,5.555,0.5,0.6,0.0,-7.4,-10.0,215
06-feb-2019,0,9.6,0,0.3,0,0.3,0,13.8,1000.5,8.3,0,17,0,310,0,26,5.237,0.6,0.8,0.0,-10.0,-10.0,402
07-feb-2019,0,8.6,0,1.7,0,-0.4,0,5.9,992.9,7.9,0,15,0,230,0,21,4.383,0.3,0.5,0.0,-5.6,-10.0,379
08-feb-2019,0,11.0,0,5.3,0,2.8,0,8.9,979.8,18.3,0,27,0,220,0,46,6.569,1.1,1.5,0.0,-7.8,-10.0,420
09-feb-2019,0,8.4,0,2.2,0,3.5,0,8.4,986.7,9.4,0,22,0,250,0,42,5.511,0.6,0.8,0.0,-7.8,-10.0,424
10-feb-2019,0,8.1,0,0.5,0,-2.2,0,1.5,999.6,8.3,0,19,0,270,0,32,4.403,0.5,0.7,0.0,-1.0,-10.0,514
11-feb-2019,0,9.7,0,0.1,0,-3.0,0,0.0,1016.5,4.6,0,10,0,300,0,14,4.836,0.5,0.7,0.5,0.5,-9.0,429
12-feb-2019,0,12.3,0,8.8,0,-0.0,0,2.3,1018.9,8.3,0,13,0,170,0,23,8.018,0.7,0.9,0.0,-1.2,-10.0,183
13-feb-2019,0,11.7,0,9.4,0,8.1,0,0.0,1017.2,9.8,0,15,0,200,0,24,8.517,0.9,1.1,0.9,0.9,-8.6,345
14-feb-2019,0,12.0,0,5.0,0,7.3,0,0.0,1016.8,8.8,0,14,0,150,0,21,8.207,0.7,0.9,1.6,1.6,-7.5,486
15-feb-2019,0,12.8,0,2.5,0,-1.4,0,0.2,1010.2,9.6,0,16,0,180,0,26,7.368,0.7,1.0,2.1,2.1,-6.6,322
16-feb-2019,0,11.5,0,6.0,0,3.5,0,0.1,1002.4,9.6,0,15,0,220,0,24,7.633,0.9,1.1,2.8,2.8,-5.5,262
17-feb-2019,0,11.1,0,5.8,0,5.6,0,3.4,996.1,11.4,0,19,0,190,0,30,8.137,0.7,1.0,0.1,0.1,-7.9,688
18-feb-2019,0,10.4,0,4.4,0,2.1,0,6.0,1003.5,9.0,0,16,0,250,0,28,6.703,0.8,1.1,0.0,-5.1,-10.0,433
19-feb-2019,0,11.0,0,3.6,0,0.9,0,9.1,1003.9,8.6,0,14,0,190,0,24,6.448,0.6,0.8,0.0,-8.5,-10.0,176
20-feb-2019,0,14.3,0,10.2,0,5.9,0,4.0,1001.7,8.9,0,14,0,180,0,23,9.757,0.9,1.2,0.0,-3.1,-10.0,444
21-feb-2019,0,13.7,0,11.5,0,10.2,0,0.0,1009.0,12.7,0,19,0,180,0,34,10.278,1.2,1.5,1.2,1.2,-8.3,452
22-feb-2019,0,14.2,0,12.2,0,10.0,0,0.0,1014.7,13.5,0,20,0,160,0,35,10.310,1.5,1.9,2.7,2.7,-6.4,309
23-feb-2019,0,14.1,0,3.6,0,7.3,0,0.0,1019.4,8.7,0,17,0,230,0,27,9.340,0.8,1.1,3.5,3.5,-5.2,586
24-feb-2019,0,13.4,0,3.2,0,-2.8,0,0.2,1024.1,8.1,0,19,0,150,0,26,7.705,0.8,1.0,4.0,4.0,-4.4,295
25-feb-2019,0,15.4,0,7.1,0,4.9,0,0.0,1023.9,7.2,0,15,0,160,0,23,8.894,1.4,1.8,5.4,5.4,-2.7,616
26-feb-2019,0,17.0,0,3.8,0,-0.5,0,0.0,1022.2,5.0,0,8,0,100,0,12,8.626,1.3,1.7,6.6,6.6,-1.3,929
27-feb-2019,0,13.4,0,1.4,0,-3.3,0,0.0,1014.8,4.2,0,10,0,90,0,13,8.090,0.8,1.2,7.4,7.4,-0.4,993
28-feb-2019,0,13.1,0,3.9,0,-1.3,0,0.0,1010.9,4.0,0,9,0,240,0,15,8.623,0.7,1.0,8.1,8.1,0.3,599
01-mar-2019,0,10.5,0,2.2,0,-1.6,0,9.2,1009.0,4.2,0,9,0,160,0,16,7.566,0.4,0.5,0.0,-0.7,-8.5,239
02-mar-2019,0,10.8,0,4.0,0,0.7,0,8.7,997.0,13.1,0,25,0,240,0,42,7.324,0.6,1.0,0.0,-8.1,-10.0,407
03-mar-2019,0,8.2,0,0.3,0,3.1,0,13.6,986.8,5.9,0,19,0,240,0,32,5.466,0.6,0.8,0.0,-10.0,-10.0,129
04-mar-2019,0,8.3,0,0.2,0,-4.6,0,16.1,986.6,7.3,0,16,0,220,0,27,4.619,0.8,1.1,0.0,-10.0,-10.0,611
05-mar-2019,0,9.7,0,4.0,0,0.6,0,16.3,983.1,11.4,0,19,0,220,0,35,6.107,0.9,1.4,0.0,-10.0,-10.0,596
06-mar-2019,0,9.5,0,2.9,0,2.8,0,5.3,978.1,10.3,0,18,0,300,0,25,6.150,1.0,1.5,0.0,-4.3,-10.0,737
07-mar-2019,0,10.9,0,0.0,0,-0.7,0,0.3,993.3,9.9,0,19,0,300,0,30,5.930,1.3,1.9,1.0,1.0,-8.5,1201
08-mar-2019,0,11.8,0,0.7,0,-4.8,0,2.0,1000.2,8.7,0,18,0,230,0,28,6.094,0.8,1.1,0.0,-0.2,-9.3,525
09-mar-2019,0,9.2,0,3.2,0,3.5,0,5.5,1004.2,10.7,0,21,0,260,0,40,6.674,1.0,1.5,0.0,-4.5,-10.0,765
10-mar-2019,0,6.8,0,1.5,0,0.2,0,7.0,1007.1,11.3,0,24,0,280,0,38,5.170,1.2,1.7,0.0,-5.8,-10.0,961
11-mar-2019,0,10.6,0,2.3,0,-1.1,0,9.8,1006.6,10.6,0,18,0,210,0,32,5.267,0.8,1.3,0.0,-9.0,-10.0,607
12-mar-2019,0,8.7,0,4.5,0,3.0,0,5.9,996.4,14.6,0,23,0,280,0,41,6.337,1.4,2.1,0.0,-4.5,-10.0,958
13-mar-2019,0,9.7,0,4.9,0,2.8,0,4.7,1005.7,14.5,0,23,0,290,0,36,6.597,1.0,1.6,0.0,-3.7,-10.0,722
14-mar-2019,0,11.0,0,8.3,0,6.8,0,15.5,1000.8,14.0,0,22,0,240,0,37,8.771,1.1,1.7,0.0,-10.0,-10.0,696
15-mar-2019,0,10.4,0,5.1,0,6.9,0,10.3,999.0,9.9,0,19,0,250,0,32,8.747,0.7,1.2,0.0,-9.6,-10.0,635
16-mar-2019,0,10.9,0,2.0,0,5.0,0,19.8,989.7,14.2,0,25,0,220,0,40,8.541,0.7,1.2,0.0,-10.0,-10.0,593
17-mar-2019,0,10.6,0,1.0,0,-3.3,0,2.1,1005.5,9.0,0,21,0,280,0,34,6.135,1.2,1.8,0.0,-0.9,-10.0,1102
18-mar-2019,0,10.2,0,5.5,0,0.3,0,1.8,1016.8,6.1,0,10,0,280,0,17,7.610,0.8,1.1,0.0,-1.0,-10.0,412
19-mar-2019,0,11.1,0,5.6,0,-0.4,0,2.1,1020.7,7.7,0,13,0,250,0,20,9.005,0.7,1.2,0.0,-1.4,-10.0,827
20-mar-2019,0,12.7,0,8.4,0,7.2,0,1.2,1023.9,8.4,0,15,0,230,0,23,9.898,0.6,1.0,0.0,-0.6,-10.0,418
21-mar-2019,0,12.8,0,9.9,0,9.3,0,0.0,1022.1,7.5,0,13,0,230,0,19,10.717,1.2,1.6,1.2,1.2,-8.3,694
22-mar-2019,0,12.1,0,3.7,0,8.8,0,3.9,1019.6,9.2,0,14,0,260,0,23,9.927,1.3,1.9,0.0,-1.4,-10.0,933
23-mar-2019,0,10.2,0,1.0,0,-0.9,0,0.0,1027.9,3.3,0,7,0,240,0,11,8.264,1.3,1.9,1.3,1.3,-8.2,1224
24-mar-2019,0,11.3,0,1.0,0,-3.6,0,0.0,1029.1,6.8,0,15,0,300,0,20,7.048,1.3,1.9,2.6,2.6,-6.4,920
25-mar-2019,0,12.2,0,1.2,0,-1.0,0,0.0,1031.1,4.0,0,9,0,290,0,12,8.991,1.3,1.9,3.9,3.9,-4.8,1209
26-mar-2019,0,12.2,0,-0.3,0,-4.2,0,0.0,1030.7,4.5,0,12,0,240,0,18,8.640,1.5,2.2,5.4,5.4,-3.0,1527
27-mar-2019,0,11.8,0,2.9,0,0.1,0,0.0,1031.0,5.0,0,10,0,260,0,15,9.542,1.4,2.0,6.8,6.8,-1.4,1237
28-mar-2019,0,13.6,0,2.5,0,-2.6,0,0.0,1028.6,5.5,0,11,0,250,0,18,9.653,1.9,2.7,8.5,8.5,0.5,1833
29-mar-2019,0,13.7,0,6.7,0,2.3,0,0.0,1021.5,7.2,0,12,0,220,0,18,10.145,1.7,2.4,10.1,10.1,2.2,1209
30-mar-2019,0,12.4,0,4.5,0,0.7,0,0.3,1019.4,4.5,0,10,0,350,0,16,9.597,1.1,1.6,10.9,10.9,3.1,678
31-mar-2019,0,11.6,0,1.3,0,-0.4,0,0.0,1020.6,6.3,0,10,0,60,0,16,8.677,1.7,2.4,12.4,12.4,4.7,1539
01-apr-2019,0,10.0,0,2.3,0,-0.8,0,2.2,1012.9,6.1,0,12,0,310,0,19,8.253,1.0,1.5,11.1,11.1,3.6,692
02-apr-2019,0,6.8,0,0.9,0,-3.5,0,4.8,1004.0,9.6,0,20,0,310,0,32,6.300,1.1,1.8,7.3,7.3,-0.1,1156
03-apr-2019,0,8.8,0,2.3,0,0.3,0,4.3,998.0,14.1,0,23,0,320,0,35,6.346,1.4,2.5,4.3,4.3,-3.0,1332
04-apr-2019,0,8.6,0,1.4,0,-0.1,0,4.7,988.2,6.2,0,11,0,50,0,21,7.040,1.4,2.1,1.0,1.0,-6.1,1256
05-apr-2019,0,11.6,0,0.6,0,-1.7,0,0.6,991.7,6.2,0,12,0,80,0,17,8.321,1.7,2.6,2.1,2.1,-4.7,1708
06-apr-2019,0,13.5,0,3.1,0,5.1,0,0.4,1000.8,8.6,0,14,0,70,0,21,9.505,1.8,2.6,3.4,3.4,-3.1,1296
07-apr-2019,0,14.1,0,-1.0,0,-4.8,0,0.0,1003.9,7.2,0,12,0,60,0,18,8.955,2.0,3.0,5.4,5.4,-0.9,1757
08-apr-2019,0,13.9,0,5.1,0,3.1,0,0.0,1005.7,9.1,0,15,0,80,0,23,9.429,1.5,2.2,6.9,6.9,0.7,1006
09-apr-2019,0,13.2,0,3.4,0,4.7,0,0.0,1011.4,7.6,0,13,0,80,0,19,10.195,1.5,2.2,8.3,8.3,2.2,1046
10-apr-2019,0,13.5,0,2.0,0,-1.4,0,0.0,1016.4,4.9,0,11,0,80,0,15,9.868,1.9,2.7,10.0,10.0,4.1,1619
11-apr-2019,0,13.3,0,6.1,0,5.9,0,0.0,1018.8,3.8,0,8,0,180,0,11,11.222,1.6,2.2,11.5,11.5,5.7,1089
12-apr-2019,0,12.9,0,3.0,0,-1.5,0,0.0,1017.4,8.4,0,13,0,120,0,19,9.569,1.6,2.3,12.9,12.9,7.3,1057
13-apr-2019,0,11.3,0,5.4,0,3.8,0,6.5,1013.6,13.2,0,22,0,130,0,33,8.739,1.9,2.8,8.0,8.0,2.6,1080
14-apr-2019,0,7.0,0,4.1,0,3.6,0,6.8,1012.5,12.3,0,16,0,110,0,26,7.102,0.8,1.3,2.0,2.0,-3.3,438
15-apr-2019,0,8.6,0,4.0,0,3.2,0,5.0,1004.8,14.9,0,23,0,130,0,37,7.017,0.9,1.5,0.0,-2.1,-7.2,474
16-apr-2019,0,16.5,0,3.5,0,0.6,0,0.1,1008.4,4.2,0,8,0,170,0,12,10.413,2.3,3.1,2.2,2.2,-4.7,1797
17-apr-2019,0,15.2,0,5.1,0,1.6,0,0.0,1012.9,8.5,0,14,0,100,0,22,10.364,2.1,3.0,4.2,4.2,-2.4,1419
18-apr-2019,0,19.2,0,6.3,0,4.5,0,0.0,1017.5,7.6,0,13,0,110,0,19,12.007,2.9,4.1,7.0,7.0,0.6,2022
19-apr-2019,0,21.7,0,7.3,0,1.9,0,0.0,1023.3,5.7,0,11,0,200,0,17,13.227,2.9,3.9,9.7,9.7,3.5,1796
20-apr-2019,0,18.6,0,9.4,0,5.3,0,0.0,1023.8,3.3,0,7,0,250,0,11,14.173,2.2,2.9,11.7,11.7,5.7,1464
21-apr-2019,0,16.0,0,9.2,0,7.0,0,0.0,1010.8,5.6,0,11,0,200,0,17,13.375,1.5,2.0,13.0,13.0,7.2,773
22-apr-2019,0,21.0,0,6.2,0,2.5,0,0.1,996.3,8.3,0,15,0,150,0,25,13.665,3.3,4.5,15.8,15.8,10.3,1978
23-apr-2019,0,20.3,0,9.9,0,9.2,0,0.4,989.5,7.5,0,15,0,110,0,24,14.090,2.8,3.7,17.8,17.8,12.7,1474
24-apr-2019,0,15.5,0,8.0,0,7.4,0,12.1,984.1,7.2,0,12,0,100,0,20,12.762,1.2,1.7,6.7,6.7,1.8,584
25-apr-2019,0,15.8,0,5.4,0,3.0,0,0.8,987.8,4.5,0,10,0,200,0,17,13.075,2.4,3.3,8.1,8.1,3.4,1765
26-apr-2019,0,10.8,0,6.3,0,6.1,0,12.4,988.4,12.0,0,28,0,300,0,42,11.118,1.3,2.0,0.0,-3.1,-7.7,782
27-apr-2019,0,11.7,0,4.8,0,3.0,0,0.8,1005.7,13.5,0,24,0,280,0,40,9.945,2.6,4.2,1.8,1.8,-5.5,1950
28-apr-2019,0,14.1,0,6.5,0,3.2,0,1.0,1015.8,4.9,0,10,0,230,0,15,10.865,1.5,2.0,2.3,2.3,-4.8,841
29-apr-2019,0,14.6,0,6.7,0,3.6,0,0.1,1015.3,7.5,0,13,0,150,0,20,11.802,1.4,2.0,3.5,3.5,-3.3,788
30-apr-2019,0,13.2,0,3.3,0,8.6,0,4.6,1013.7,7.0,0,12,0,140,0,22,12.710,2.0,3.1,0.8,0.8,-5.7,1878
01-may-2019,0,12.9,0,2.2,0,-2.3,0,0.4,1013.9,6.6,0,14,0,230,0,24,11.260,1.9,2.9,2.3,2.3,-3.9,1686
02-may-2019,0,14.7,0,4.2,0,6.2,0,0.0,1012.0,5.1,0,9,0,250,0,16,12.195,1.9,2.6,4.2,4.2,-1.8,1370
03-may-2019,0,13.0,0,3.7,0,-0.9,0,0.0,1015.6,7.0,0,12,0,340,0,20,12.302,2.3,3.5,6.4,6.4,0.6,1942
04-may-2019,0,12.9,0,-0.5,0,-3.9,0,0.0,1021.6,5.4,0,12,0,40,0,18,11.885,2.8,4.0,9.0,9.0,3.4,2419
05-may-2019,0,14.1,0,-0.1,0,-4.9,0,0.0,1022.6,3.9,0,8,0,330,0,12,12.735,2.9,4.1,11.7,11.7,6.2,2540
06-may-2019,0,13.2,0,1.1,0,-1.2,0,0.0,1016.5,2.8,0,5,0,60,0,9,12.480,2.1,2.9,13.6,13.6,8.4,1671
07-may-2019,0,11.9,0,3.9,0,0.6,0,0.0,1003.3,5.7,0,11,0,70,0,17,11.592,1.5,2.2,14.9,14.9,9.9,1010
08-may-2019,0,11.5,0,5.1,0,6.1,0,0.0,990.6,10.0,0,18,0,60,0,28,10.847,1.7,2.5,16.4,16.4,11.6,982
09-may-2019,0,12.2,0,2.6,0,2.7,0,1.3,996.8,6.7,0,13,0,300,0,18,11.427,2.3,3.4,17.0,17.0,12.6,1993
10-may-2019,0,15.0,0,1.9,0,-1.6,0,1.3,1005.1,3.9,0,8,0,250,0,12,12.560,2.6,3.6,17.9,17.9,13.8,2015
11-may-2019,0,14.6,0,2.3,0,-0.7,0,0.0,1018.8,5.7,0,10,0,310,0,16,13.040,3.0,4.3,20.4,20.4,16.6,2394
12-may-2019,0,18.0,0,3.1,0,-1.0,0,0.0,1028.4,6.2,0,11,0,180,0,19,13.705,3.3,4.6,23.1,23.1,19.7,2274
13-may-2019,0,19.6,0,5.0,0,0.0,0,0.0,1029.6,7.4,0,13,0,170,0,19,14.663,4.0,5.6,26.2,26.2,23.3,2533
14-may-2019,0,19.5,0,6.0,0,2.8,0,0.0,1024.8,8.0,0,12,0,110,0,19,15.140,3.8,5.3,29.1,29.1,26.6,2375
15-may-2019,0,20.3,0,7.8,0,4.3,0,0.0,1018.1,7.2,0,12,0,180,0,17,16.222,3.9,5.4,32.0,32.0,29.9,2437
16-may-2019,0,17.7,0,7.5,0,5.8,0,0.0,1012.8,4.8,0,10,0,100,0,15,15.405,2.3,3.1,33.6,33.6,31.7,1236
17-may-2019,0,18.0,0,5.6,0,3.1,0,1.0,1008.8,5.0,0,12,0,70,0,17,16.052,3.0,4.2,34.7,34.7,33.1,2066
18-may-2019,0,14.5,0,8.8,0,8.1,0,0.1,1006.5,8.7,0,14,0,350,0,22,14.435,2.0,2.9,36.0,36.0,34.6,1176
19-may-2019,0,16.3,0,3.7,0,6.7,0,0.0,1009.0,7.2,0,12,0,330,0,17,15.060,2.6,3.8,37.8,37.8,36.5,1832
20-may-2019,0,17.8,0,1.1,0,-1.9,0,0.0,1012.6,4.2,0,10,0,270,0,15,15.642,3.3,4.6,40.0,40.0,38.9,2556
21-may-2019,0,18.0,0,2.9,0,-0.4,0,0.0,1015.2,4.0,0,10,0,250,0,18,17.210,3.5,4.9,42.2,42.2,41.4,2725
22-may-2019,0,17.8,0,6.7,0,4.3,0,0.0,1013.6,2.6,0,6,0,220,0,11,17.770,2.6,3.5,43.8,43.8,43.2,1753
23-may-2019,0,15.6,0,9.8,0,9.8,0,2.3,1012.2,3.8,0,7,0,240,0,13,16.183,2.0,2.6,42.7,42.7,42.2,1272
24-may-2019,0,15.8,0,11.4,0,8.8,0,0.6,1014.8,4.9,0,10,0,230,0,15,15.977,2.0,2.8,43.3,43.3,43.0,1253
25-may-2019,0,14.8,0,11.6,0,11.4,0,1.9,1013.0,7.9,0,13,0,220,0,20,15.318,1.4,2.1,42.3,42.3,42.1,850
26-may-2019,0,16.2,0,11.0,0,11.8,0,3.5,1009.1,10.1,0,17,0,290,0,24,15.488,2.5,3.7,40.3,40.3,40.3,1672
27-may-2019,0,14.1,0,8.9,0,8.1,0,4.2,1006.6,8.9,0,17,0,270,0,25,14.033,2.4,3.5,37.6,37.6,37.7,1616
28-may-2019,0,14.9,0,8.2,0,7.8,0,2.2,1010.2,6.7,0,14,0,300,0,19,14.620,2.8,4.0,37.3,37.3,37.5,1925
29-may-2019,0,14.0,0,9.2,0,9.1,0,9.0,1008.5,9.6,0,16,0,240,0,29,13.743,0.9,1.4,28.9,28.9,29.2,550
30-may-2019,0,15.7,0,13.4,0,13.2,0,10.3,1010.9,11.3,0,16,0,220,0,26,14.475,1.0,1.6,19.3,19.3,19.7,528
31-may-2019,0,15.8,0,10.9,0,13.9,0,8.0,1012.0,8.5,0,16,0,210,0,23,14.528,1.3,1.8,12.4,12.4,12.9,686
01-jun-2019,0,18.4,0,9.2,0,8.3,0,4.4,1005.7,5.6,0,11,0,150,0,18,15.355,2.3,3.1,10.0,10.0,10.7,1452
02-jun-2019,0,15.3,0,11.1,0,11.4,0,1.8,996.7,14.3,0,23,0,220,0,37,14.810,2.1,3.4,10.1,10.1,11.0,1417
03-jun-2019,0,15.1,0,8.2,0,8.7,0,0.3,1001.9,8.9,0,16,0,230,0,25,14.230,2.9,4.2,12.4,12.4,13.5,2007
04-jun-2019,0,11.1,0,7.3,0,5.6,0,14.0,999.8,6.5,0,12,0,320,0,19,12.677,1.0,1.5,0.0,-0.7,0.5,624
05-jun-2019,0,14.0,0,5.3,0,7.7,0,0.4,1000.4,9.4,0,15,0,310,0,23,13.525,2.6,4.1,2.2,2.2,2.7,2141
06-jun-2019,0,13.0,0,5.2,0,3.1,0,4.6,1001.9,6.4,0,14,0,230,0,20,13.445,2.3,3.4,0.0,-0.1,0.4,1832
07-jun-2019,0,16.7,0,7.0,0,5.7,0,0.0,1002.4,6.8,0,14,0,320,0,20,14.422,2.9,4.1,2.9,2.9,3.2,1952
08-jun-2019,0,14.3,0,7.0,0,5.0,0,3.0,1008.5,7.0,0,14,0,250,0,22,14.365,2.5,3.8,2.3,2.3,2.8,2009
09-jun-2019,0,15.1,0,5.9,0,5.0,0,4.6,1012.8,5.6,0,10,0,230,0,17,15.068,3.4,5.0,1.1,1.1,1.6,2805
10-jun-2019,0,17.3,0,2.5,0,-0.9,0,2.1,1016.3,4.9,0,13,0,40,0,22,15.435,3.1,4.4,2.1,2.1,2.6,2397
11-jun-2019,0,15.5,0,5.4,0,3.4,0,0.0,1018.3,8.6,0,14,0,0,0,24,14.528,2.6,3.9,4.7,4.7,5.3,1825
12-jun-2019,0,17.1,0,9.6,0,9.0,0,0.1,1012.5,9.6,0,17,0,320,0,24,14.682,2.9,4.1,7.3,7.3,8.0,1602
13-jun-2019,0,13.5,0,8.2,0,9.2,0,0.8,1004.1,8.9,0,16,0,330,0,22,13.677,1.9,2.7,8.3,8.3,9.1,1058
14-jun-2019,0,14.8,0,7.6,0,7.7,0,0.7,999.3,4.2,0,10,0,240,0,18,15.335,3.0,4.2,10.4,10.4,11.5,2218
15-jun-2019,0,15.3,0,4.6,0,0.9,0,0.0,1002.3,4.5,0,10,0,250,0,17,15.792,3.0,4.3,13.2,13.2,14.5,2349
16-jun-2019,0,15.0,0,6.0,0,1.9,0,9.5,1002.1,5.6,0,12,0,210,0,21,14.730,2.0,2.9,5.5,5.5,6.9,1480
17-jun-2019,0,16.2,0,10.2,0,9.2,0,2.3,1005.2,9.5,0,17,0,230,0,27,15.665,3.0,4.6,6.0,6.0,7.6,2239
18-jun-2019,0,16.9,0,8.3,0,7.3,0,0.2,1007.0,5.9,0,10,0,230,0,17,17.048,4.0,5.7,9.5,9.5,11.4,3096
19-jun-2019,0,15.9,0,6.2,0,2.4,0,1.2,1004.9,6.6,0,14,0,240,0,22,16.170,2.8,4.1,10.9,10.9,12.9,2178
20-jun-2019,0,15.9,0,7.9,0,4.5,0,0.1,1008.0,6.7,0,14,0,230,0,23,16.142,3.5,5.1,13.9,13.9,16.2,2682
21-jun-2019,0,18.1,0,5.3,0,1.2,0,0.0,1013.0,3.0,0,7,0,190,0,11,17.265,3.6,4.9,17.1,17.1,19.6,2698
22-jun-2019,0,19.0,0,11.1,0,10.1,0,0.8,1012.2,6.7,0,12,0,70,0,18,17.183,2.8,3.7,18.7,18.7,21.4,1433
23-jun-2019,0,14.3,0,11.5,0,10.5,0,12.7,1009.1,10.4,0,14,0,90,0,23,14.750,1.1,1.6,6.9,6.9,9.6,454
24-jun-2019,0,22.4,0,12.8,0,12.9,0,0.0,1011.9,4.4,0,12,0,300,0,15,17.948,3.1,4.2,9.8,9.8,12.8,1856
25-jun-2019,0,21.2,0,10.8,0,9.9,0,0.0,1018.8,5.8,0,9,0,340,0,15,17.475,2.5,3.3,12.1,12.1,15.2,1342
26-jun-2019,0,22.1,0,12.3,0,8.7,0,0.0,1024.3,7.0,0,12,0,70,0,19,19.272,3.9,5.4,15.5,15.5,18.9,2497
27-jun-2019,0,24.3,0,10.9,0,9.8,0,0.0,1021.1,10.7,0,16,0,80,0,24,19.075,4.9,6.9,19.8,19.8,23.3,2856
28-jun-2019,0,21.1,0,13.2,0,13.6,0,0.0,1014.4,7.5,0,13,0,100,0,21,18.035,2.3,2.9,21.6,21.6,25.3,881
29-jun-2019,0,22.1,0,10.6,0,6.0,0,2.1,1009.1,6.0,0,12,0,220,0,17,18.948,3.4,4.7,22.3,22.3,26.1,2165
30-jun-2019,0,16.4,0,12.8,0,13.3,0,4.0,1009.6,10.2,0,16,0,230,0,27,17.712,2.5,3.7,20.3,20.3,24.2,1649
01-jul-2019,0,19.0,0,10.1,0,10.5,0,0.0,1018.1,8.0,0,15,0,300,0,21,17.923,3.3,4.7,23.0,23.0,27.1,2087
02-jul-2019,0,17.0,0,9.2,0,6.7,0,0.0,1024.1,4.5,0,9,0,340,0,13,17.552,2.5,3.4,25.0,25.0,29.1,1531
03-jul-2019,0,21.3,0,5.5,0,2.5,0,0.0,1024.7,3.7,0,7,0,330,0,10,18.760,3.9,5.3,28.0,28.0,32.3,2741
04-jul-2019,0,18.6,0,6.6,0,4.1,0,0.0,1021.6,5.1,0,12,0,230,0,19,19.770,3.7,5.1,30.7,30.7,35.1,2784
05-jul-2019,0,18.2,0,7.4,0,4.7,0,0.2,1016.4,5.6,0,11,0,260,0,17,18.070,2.1,2.9,32.0,32.0,36.5,1317
06-jul-2019,0,17.4,0,12.6,0,11.8,0,4.0,1011.9,3.4,0,7,0,270,0,11,17.757,1.4,1.8,29.0,29.0,33.5,683
07-jul-2019,0,20.0,0,10.2,0,9.0,0,0.0,1013.7,3.8,0,9,0,50,0,13,18.605,3.3,4.4,31.5,31.5,36.1,2055
08-jul-2019,0,20.0,0,10.7,0,8.6,0,0.6,1015.3,3.3,0,9,0,270,0,14,19.058,2.6,3.5,32.7,32.7,37.4,1568
09-jul-2019,0,20.6,0,12.6,0,10.4,0,0.0,1015.0,5.5,0,11,0,260,0,17,20.182,3.7,5.1,35.4,35.4,40.1,2472
10-jul-2019,0,19.1,0,13.8,0,13.0,0,4.6,1010.0,6.6,0,12,0,210,0,21,19.013,1.6,2.2,31.9,31.9,36.7,864
11-jul-2019,0,18.6,0,13.4,0,12.5,0,1.0,1008.4,7.0,0,12,0,250,0,20,19.103,2.8,3.9,32.8,32.8,37.7,1812
12-jul-2019,0,18.8,0,13.2,0,12.4,0,0.0,1016.1,7.1,0,11,0,290,0,15,18.680,2.5,3.4,34.6,34.6,39.5,1359
13-jul-2019,0,20.7,0,11.7,0,13.0,0,0.0,1021.8,4.3,0,8,0,320,0,13,19.222,3.2,4.3,36.8,36.8,41.8,1937
14-jul-2019,0,22.9,0,7.5,0,4.5,0,0.0,1019.7,3.3,0,7,0,90,0,11,20.315,3.9,5.3,39.4,39.4,44.5,2628
15-jul-2019,0,22.6,0,11.0,0,7.8,0,0.2,1015.5,3.8,0,7,0,230,0,13,20.702,3.1,4.0,41.2,41.2,46.3,1768
16-jul-2019,0,21.0,0,13.5,0,10.7,0,0.4,1012.4,5.8,0,12,0,270,0,21,21.682,3.8,5.1,43.1,43.1,48.3,2423
17-jul-2019,0,18.9,0,14.1,0,13.5,0,2.3,1006.3,8.2,0,15,0,240,0,23,18.885,2.0,2.7,42.1,42.1,47.2,980
18-jul-2019,0,18.6,0,13.3,0,11.7,0,0.1,1004.0,7.6,0,13,0,260,0,24,19.060,3.3,4.6,44.0,44.0,49.2,2012
19-jul-2019,0,21.7,0,13.1,0,12.4,0,19.1,997.8,5.6,0,14,0,320,0,21,18.743,2.3,3.0,26.2,26.2,31.5,1192
20-jul-2019,0,18.0,0,11.2,0,9.6,0,0.0,1002.0,7.1,0,12,0,240,0,20,18.000,2.3,3.2,28.0,28.0,33.2,1345
21-jul-2019,0,19.2,0,13.8,0,12.6,0,27.2,1006.0,11.3,0,20,0,220,0,33,17.455,1.3,2.0,1.8,1.8,7.1,625
22-jul-2019,0,22.6,0,18.0,0,17.2,0,0.0,1007.8,12.3,0,18,0,230,0,30,19.153,2.7,3.7,4.5,4.5,9.8,1159
23-jul-2019,0,22.9,0,17.0,0,16.7,0,0.0,1006.0,8.5,0,14,0,150,0,24,20.165,3.7,5.0,8.0,8.0,13.5,1992
24-jul-2019,0,21.3,0,15.4,0,13.6,0,0.0,1001.7,7.8,0,15,0,140,0,21,19.253,2.4,3.1,10.2,10.2,15.8,1042
25-jul-2019,0,22.5,0,17.2,0,16.2,0,3.1,997.8,10.4,0,16,0,150,0,28,19.070,2.4,3.1,9.3,9.3,15.0,938
26-jul-2019,0,18.5,0,11.4,0,14.1,0,2.7,1000.8,8.6,0,15,0,250,0,25,19.020,2.5,3.8,8.9,8.9,14.6,1911
27-jul-2019,0,19.0,0,10.0,0,6.7,0,0.4,1006.5,4.5,0,10,0,300,0,15,18.220,2.7,3.6,11.0,11.0,16.8,1741
28-jul-2019,0,19.6,0,10.9,0,8.1,0,0.5,1005.7,4.4,0,10,0,320,0,15,18.465,2.6,3.4,12.8,12.8,18.7,1521
29-jul-2019,0,20.8,0,11.4,0,10.3,0,2.3,1003.2,4.8,0,11,0,340,0,16,19.533,3.1,4.2,13.2,13.2,19.2,1982
30-jul-2019,0,19.2,0,9.7,0,13.1,0,1.9,1005.7,7.8,0,13,0,310,0,18,18.960,2.3,3.2,13.3,13.3,19.4,1450
31-jul-2019,0,20.5,0,7.7,0,5.4,0,0.4,1011.2,4.1,0,11,0,280,0,16,17.900,2.1,2.8,14.7,14.7,20.9,1167
01-aug-2019,0,21.6,0,7.4,0,5.9,0,0.0,1015.3,2.1,0,5,0,30,0,7,19.022,3.2,4.2,17.5,17.5,23.7,2141
02-aug-2019,0,23.5,0,10.9,0,8.5,0,0.0,1013.7,4.4,0,9,0,110,0,18,20.135,3.4,4.5,20.3,20.3,26.6,2015
03-aug-2019,0,20.3,0,12.4,0,12.1,0,3.5,1008.8,6.3,0,13,0,150,0,22,18.770,1.9,2.5,18.3,18.3,24.6,929
04-aug-2019,0,20.2,0,12.1,0,10.2,0,26.4,1002.7,5.3,0,14,0,200,0,25,17.772,1.8,2.4,0.0,-6.6,-0.2,849
05-aug-2019,0,18.7,0,12.0,0,10.0,0,22.2,998.2,8.8,0,19,0,220,0,28,16.743,2.0,2.7,0.0,-10.0,-10.0,1025
06-aug-2019,0,18.9,0,12.9,0,12.5,0,40.6,996.0,7.5,0,14,0,240,0,25,17.480,2.5,3.6,0.0,-10.0,-10.0,1671
07-aug-2019,0,18.8,0,11.2,0,11.1,0,1.6,1000.5,5.0,0,12,0,290,0,17,17.960,2.1,2.9,0.5,0.5,-9.0,1403
08-aug-2019,0,21.3,0,9.3,0,8.5,0,7.2,996.8,6.8,0,16,0,80,0,24,18.188,2.8,3.9,0.0,-3.9,-10.0,1729
09-aug-2019,0,20.9,0,13.8,0,13.4,0,17.8,983.1,8.0,0,20,0,80,0,26,18.647,2.2,3.1,0.0,-10.0,-10.0,1312
10-aug-2019,0,18.0,0,13.3,0,15.8,0,27.2,991.3,8.5,0,18,0,230,0,29,18.208,1.2,1.8,0.0,-10.0,-10.0,686
11-aug-2019,0,17.1,0,6.6,0,11.7,0,1.0,1006.4,7.2,0,12,0,300,0,21,17.127,1.9,2.7,0.9,0.9,-8.6,1291
12-aug-2019,0,17.7,0,5.6,0,2.5,0,2.6,1011.4,4.6,0,14,0,280,0,20,16.283,2.2,3.0,0.5,0.5,-8.6,1518
13-aug-2019,0,16.5,0,6.3,0,2.7,0,4.1,1008.9,2.7,0,8,0,200,0,13,16.225,1.5,2.0,0.0,-2.1,-10.0,963
14-aug-2019,0,19.2,0,14.1,0,14.1,0,2.2,1002.6,7.5,0,15,0,290,0,26,17.802,2.0,2.8,0.0,-0.2,-9.7,1174
15-aug-2019,0,18.5,0,11.5,0,9.4,0,0.2,1005.7,7.5,0,14,0,240,0,22,17.222,2.0,2.8,1.8,1.8,-7.4,1156
16-aug-2019,0,19.3,0,13.6,0,13.7,0,9.6,996.3,12.1,0,17,0,230,0,28,17.778,2.4,3.6,0.0,-5.5,-10.0,1563
17-aug-2019,0,17.3,0,11.4,0,10.3,0,9.9,993.3,10.8,0,18,0,230,0,30,16.540,2.3,3.5,0.0,-7.6,-10.0,1603
18-aug-2019,0,18.5,0,11.9,0,10.8,0,11.3,997.5,8.5,0,14,0,250,0,29,16.550,2.3,3.2,0.0,-9.0,-10.0,1393
19-aug-2019,0,17.3,0,8.0,0,8.5,0,1.4,1008.6,6.7,0,15,0,300,0,25,16.587,2.3,3.3,0.9,0.9,-8.6,1682
20-aug-2019,0,17.5,0,7.6,0,5.0,0,14.6,1015.8,6.3,0,14,0,230,0,26,15.677,1.5,2.2,0.0,-10.0,-10.0,1017
21-aug-2019,0,15.9,0,11.5,0,9.8,0,14.2,1014.3,8.4,0,17,0,190,0,25,15.030,1.1,1.5,0.0,-10.0,-10.0,478
22-aug-2019,0,18.0,0,13.5,0,13.2,0,9.2,1013.3,10.0,0,17,0,240,0,28,15.980,1.1,1.6,0.0,-8.1,-10.0,522
23-aug-2019,0,19.8,0,14.3,0,12.8,0,0.0,1013.1,8.0,0,14,0,200,0,22,17.103,2.6,3.6,2.6,2.6,-6.9,1600
24-aug-2019,0,21.0,0,13.1,0,12.4,0,0.2,1009.7,4.4,0,9,0,290,0,15,17.680,1.8,2.4,4.1,4.1,-5.0,980
25-aug-2019,0,20.6,0,10.9,0,14.3,0,0.0,1013.0,4.1,0,9,0,230,0,16,18.352,2.1,2.8,6.2,6.2,-2.6,1296
26-aug-2019,0,17.1,0,10.7,0,9.2,0,1.2,1012.3,5.1,0,10,0,220,0,15,16.965,1.5,2.1,6.4,6.4,-2.1,972
27-aug-2019,0,17.0,0,14.2,0,14.1,0,20.7,1005.6,5.5,0,11,0,200,0,18,16.782,0.9,1.2,0.0,-10.0,-10.0,397
28-aug-2019,0,17.9,0,9.1,0,7.8,0,0.5,1004.7,7.1,0,15,0,230,0,24,17.070,2.3,3.3,1.8,1.8,-7.7,1875
29-aug-2019,0,18.3,0,11.5,0,10.3,0,1.0,1006.9,11.9,0,19,0,240,0,30,16.142,1.7,2.4,2.4,2.4,-6.7,853
30-aug-2019,0,17.1,0,14.4,0,12.9,0,35.7,1002.1,10.9,0,16,0,220,0,27,16.245,1.0,1.4,0.0,-10.0,-10.0,323
31-aug-2019,0,17.2,0,9.6,0,10.9,0,11.2,1003.6,8.8,0,18,0,310,0,27,16.565,2.1,3.2,0.0,-9.1,-10.0,1785
01-sep-2019,0,15.5,0,8.4,0,6.9,0,1.2,1014.2,6.0,0,14,0,270,0,27,14.957,1.7,2.4,0.5,0.5,-9.0,1134
02-sep-2019,0,16.5,0,10.8,0,8.9,0,5.3,1015.9,8.4,0,15,0,250,0,26,15.443,1.4,2.1,0.0,-3.3,-10.0,925
03-sep-2019,0,18.2,0,11.2,0,13.4,0,8.2,1012.9,8.7,0,13,0,220,0,21,16.343,1.4,1.9,0.0,-6.8,-10.0,752
04-sep-2019,0,16.2,0,8.6,0,8.6,0,1.6,1017.0,11.1,0,22,0,330,0,35,15.195,1.9,2.8,0.3,0.3,-9.2,1349
05-sep-2019,0,17.2,0,7.2,0,6.0,0,0.1,1022.0,7.9,0,14,0,240,0,26,14.807,2.0,2.9,2.2,2.2,-6.8,1510
06-sep-2019,0,17.9,0,12.1,0,11.9,0,2.0,1018.0,9.3,0,16,0,230,0,29,16.087,2.3,3.3,2.5,2.5,-6.2,1522
07-sep-2019,0,18.6,0,9.3,0,12.0,0,0.0,1022.7,4.6,0,8,0,300,0,11,15.970,1.9,2.6,4.4,4.4,-3.9,1208
08-sep-2019,0,16.6,0,10.3,0,8.4,0,7.7,1015.2,5.4,0,10,0,250,0,17,15.812,1.3,1.8,0.0,-2.1,-10.0,863
09-sep-2019,0,16.4,0,6.0,0,6.5,0,1.0,1011.4,8.3,0,17,0,320,0,25,15.275,1.7,2.5,0.7,0.7,-8.8,1446
10-sep-2019,0,16.2,0,5.3,0,5.6,0,7.8,1012.1,8.0,0,16,0,230,0,27,13.920,0.7,1.2,0.0,-6.4,-10.0,577
11-sep-2019,0,16.6,0,13.0,0,11.7,0,5.4,1011.6,8.8,0,17,0,230,0,28,15.635,1.5,2.2,0.0,-3.9,-10.0,1093
12-sep-2019,0,16.9,0,5.9,0,13.2,0,11.0,1021.0,8.1,0,14,0,320,0,22,15.798,1.0,1.6,0.0,-10.0,-10.0,962
13-sep-2019,0,17.7,0,4.8,0,5.5,0,0.0,1030.9,2.8,0,7,0,270,0,12,14.812,1.9,2.7,1.9,1.9,-7.6,1702
14-sep-2019,0,17.8,0,6.6,0,7.0,0,1.7,1025.4,9.0,0,16,0,220,0,24,14.617,1.5,2.3,1.7,1.7,-7.4,1231
15-sep-2019,0,16.2,0,12.6,0,14.2,0,18.4,1018.9,7.4,0,12,0,220,0,23,15.650,0.7,1.0,0.0,-10.0,-10.0,405
16-sep-2019,0,15.6,0,8.3,0,12.4,0,0.7,1020.0,3.9,0,7,0,80,0,11,15.342,1.1,1.5,0.4,0.4,-9.1,757
17-sep-2019,0,18.7,0,3.5,0,5.0,0,0.0,1023.4,1.6,0,4,0,70,0,8,14.920,1.8,2.6,2.2,2.2,-6.8,1702
18-sep-2019,0,20.3,0,4.6,0,5.7,0,0.0,1025.1,2.1,0,6,0,220,0,10,15.000,1.8,2.6,4.0,4.0,-4.6,1629
19-sep-2019,0,22.1,0,5.3,0,6.0,0,0.0,1023.6,2.7,0,5,0,80,0,9,15.297,2.0,2.8,6.0,6.0,-2.4,1637
20-sep-2019,0,19.6,0,8.2,0,8.5,0,0.0,1012.5,9.1,0,15,0,120,0,26,15.200,2.2,3.1,8.0,8.0,-0.1,1627
21-sep-2019,0,18.7,0,12.6,0,9.9,0,4.7,998.0,10.6,0,15,0,110,0,26,14.705,1.7,2.2,4.8,4.8,-3.2,693
22-sep-2019,0,17.5,0,8.5,0,11.1,0,0.3,995.8,5.1,0,12,0,290,0,19,15.275,1.1,1.5,5.6,5.6,-2.2,737
23-sep-2019,0,17.0,0,7.5,0,3.4,0,13.7,994.7,5.9,0,12,0,120,0,21,13.938,0.7,1.0,0.0,-7.4,-10.0,390
24-sep-2019,0,17.2,0,11.5,0,11.5,0,1.1,989.2,4.5,0,9,0,150,0,17,14.948,1.0,1.4,0.0,-0.1,-9.6,656
25-sep-2019,0,16.1,0,13.2,0,8.0,0,4.8,991.3,7.1,0,15,0,210,0,24,15.108,0.8,1.1,0.0,-4.0,-10.0,398
26-sep-2019,0,15.4,0,10.4,0,11.2,0,15.4,989.5,10.0,0,19,0,230,0,29,14.295,1.1,1.6,0.0,-10.0,-10.0,729
27-sep-2019,0,16.2,0,10.9,0,9.3,0,28.6,992.2,8.2,0,15,0,270,0,26,13.830,1.4,2.0,0.0,-10.0,-10.0,1064
28-sep-2019,0,15.4,0,10.4,0,11.6,0,11.1,994.5,7.5,0,13,0,260,0,22,14.112,1.0,1.4,0.0,-10.0,-10.0,584
29-sep-2019,0,16.8,0,5.6,0,10.1,0,2.7,997.0,7.0,0,13,0,330,0,20,13.847,1.2,1.7,0.0,-1.5,-10.0,909
30-sep-2019,0,12.3,0,4.8,0,2.4,0,30.8,997.7,6.9,0,21,0,80,0,31,12.142,0.5,0.7,0.0,-10.0,-10.0,195
01-oct-2019,0,14.3,0,2.2,0,9.9,0,0.5,1001.9,8.3,0,16,0,10,0,25,12.830,0.9,1.4,0.4,0.4,-9.1,1005
02-oct-2019,0,12.4,0,2.6,0,-1.8,0,0.0,1015.5,2.5,0,6,0,110,0,10,11.505,0.8,1.2,1.3,1.3,-7.8,625
03-oct-2019,0,15.7,0,6.8,0,5.6,0,8.8,1002.8,13.5,0,22,0,250,0,40,11.575,0.9,1.3,0.0,-6.7,-10.0,310
04-oct-2019,0,15.9,0,11.0,0,11.2,0,4.5,998.6,11.2,0,25,0,310,0,44,12.972,1.1,1.5,0.0,-3.4,-10.0,618
05-oct-2019,0,16.3,0,11.0,0,8.0,0,8.2,1002.7,5.8,0,11,0,150,0,25,13.365,0.8,1.0,0.0,-7.4,-10.0,376
06-oct-2019,0,14.9,0,6.7,0,2.8,0,12.1,1006.1,6.3,0,17,0,140,0,25,12.510,1.1,1.5,0.0,-10.0,-10.0,889
07-oct-2019,0,16.3,0,11.2,0,10.1,0,7.8,999.5,11.5,0,18,0,220,0,29,12.975,1.3,1.9,0.0,-6.5,-10.0,915
08-oct-2019,0,13.8,0,9.6,0,8.8,0,7.0,996.2,12.3,0,20,0,240,0,38,12.145,1.3,1.8,0.0,-5.7,-10.0,758
09-oct-2019,0,13.4,0,8.7,0,6.5,0,2.9,998.8,8.6,0,15,0,270,0,29,11.198,1.2,1.6,0.0,-1.7,-10.0,716
10-oct-2019,0,14.7,0,10.0,0,7.8,0,2.9,997.7,11.6,0,19,0,220,0,30,11.690,1.0,1.4,0.0,-1.9,-10.0,446
11-oct-2019,0,13.6,0,7.3,0,8.2,0,1.8,995.7,7.1,0,15,0,240,0,24,11.613,1.0,1.3,0.0,-0.8,-10.0,702
12-oct-2019,0,14.0,0,4.2,0,4.0,0,2.5,997.7,4.7,0,11,0,190,0,17,10.925,0.8,1.2,0.0,-1.7,-10.0,918
13-oct-2019,0,14.1,0,4.4,0,-0.5,0,0.6,996.9,4.4,0,11,0,240,0,18,10.193,0.9,1.2,0.3,0.3,-9.2,880
14-oct-2019,0,12.6,0,6.0,0,-0.2,0,24.1,998.0,5.5,0,11,0,60,0,16,10.255,0.5,0.7,0.0,-10.0,-10.0,169
15-oct-2019,0,13.4,0,7.6,0,1.5,0,1.5,992.1,6.8,0,15,0,150,0,22,11.290,0.6,1.0,0.0,-0.9,-10.0,628
16-oct-2019,0,13.8,0,5.4,0,-0.2,0,1.3,992.9,5.9,0,13,0,230,0,21,10.365,0.9,1.3,0.0,-0.4,-9.9,876
17-oct-2019,0,13.1,0,7.7,0,6.2,0,5.0,988.7,7.1,0,13,0,180,0,23,10.097,1.0,1.3,0.0,-4.0,-10.0,700
18-oct-2019,0,12.0,0,6.5,0,3.3,0,1.6,989.3,5.5,0,12,0,320,0,16,10.073,0.7,0.9,0.0,-0.9,-10.0,627
19-oct-2019,0,13.8,0,6.1,0,3.7,0,1.8,1000.9,7.2,0,12,0,350,0,20,9.940,0.8,1.1,0.0,-1.0,-10.0,517
20-oct-2019,0,11.7,0,5.9,0,2.1,0,0.2,1013.7,7.0,0,13,0,20,0,22,9.265,0.9,1.2,0.7,0.7,-8.8,668
21-oct-2019,0,12.0,0,-0.9,0,-5.1,0,0.0,1019.3,2.7,0,7,0,190,0,10,8.529,0.6,1.0,1.3,1.3,-7.7,928
22-oct-2019,0,11.0,0,6.8,0,-0.7,0,0.2,1012.9,7.8,0,12,0,200,0,21,9.198,0.8,1.0,1.9,1.9,-6.8,328
23-oct-2019,0,12.1,0,9.2,0,7.8,0,6.9,1002.1,7.9,0,14,0,190,0,24,10.110,0.6,0.7,0.0,-4.5,-10.0,156
24-oct-2019,0,13.0,0,1.3,0,6.3,0,4.3,999.8,4.7,0,11,0,320,0,15,10.048,0.6,0.8,0.0,-3.7,-10.0,600
25-oct-2019,0,7.3,0,1.1,0,-2.2,0,1.4,1001.8,3.1,0,5,0,90,0,8,8.070,0.4,0.5,0.0,-1.0,-10.0,215
26-oct-2019,0,10.4,0,-0.7,0,-3.7,0,0.1,1008.6,3.6,0,18,0,270,0,28,7.459,0.5,0.8,0.4,0.4,-9.1,763
27-oct-2019,0,11.6,0,-2.0,0,-5.8,0,0.0,1019.3,3.1,0,9,0,340,0,14,6.381,0.5,0.8,1.0,1.0,-8.1,802
28-oct-2019,0,9.4,0,0.4,0,-3.3,0,0.0,1022.2,6.5,0,14,0,60,0,22,5.972,0.6,0.9,1.6,1.6,-7.0,739
29-oct-2019,0,11.0,0,2.4,0,0.3,0,0.0,1019.8,11.0,0,17,0,90,0,25,5.912,1.0,1.3,2.6,2.6,-5.7,754
30-oct-2019,0,10.1,0,5.7,0,4.2,0,2.5,1015.2,11.3,0,16,0,110,0,26,6.747,0.9,1.1,0.9,0.9,-7.0,193
31-oct-2019,0,11.7,0,7.8,0,7.4,0,4.5,1003.9,6.9,0,10,0,100,0,16,8.558,0.5,0.6,0.0,-3.1,-10.0,124
01-nov-2019,0,12.8,0,9.2,0,8.4,0,11.9,983.3,6.2,0,15,0,240,0,24,10.635,0.4,0.6,0.0,-10.0,-10.0,182
02-nov-2019,0,10.3,0,7.8,0,6.5,0,17.4,970.9,6.1,0,12,0,300,0,19,9.852,0.4,0.6,0.0,-10.0,-10.0,105
03-nov-2019,0,11.1,0,6.5,0,8.7,0,5.1,975.9,4.3,0,9,0,280,0,16,10.028,0.4,0.5,0.0,-4.7,-10.0,252
04-nov-2019,0,11.4,0,4.2,0,1.6,0,0.0,984.7,6.8,0,12,0,20,0,24,8.818,0.5,0.7,0.5,0.5,-9.0,330
05-nov-2019,0,10.6,0,1.1,0,4.4,0,0.5,1000.8,6.3,0,11,0,310,0,16,8.863,0.5,0.6,0.5,0.5,-8.6,287
06-nov-2019,0,7.6,0,0.6,0,-2.4,0,6.2,995.8,4.0,0,13,0,280,0,19,7.247,0.3,0.4,0.0,-5.4,-10.0,186
07-nov-2019,0,8.5,0,2.5,0,0.1,0,2.4,994.5,7.5,0,14,0,350,0,23,7.060,0.4,0.6,0.0,-2.0,-10.0,438
08-nov-2019,0,8.5,0,-1.5,0,-5.0,0,0.0,1005.0,3.4,0,9,0,160,0,15,5.698,0.2,0.4,0.2,0.2,-9.3,575
09-nov-2019,0,10.1,0,3.0,0,-0.9,0,3.5,1001.8,8.7,0,18,0,310,0,30,6.660,0.5,0.7,0.0,-2.7,-10.0,509
10-nov-2019,0,7.8,0,-1.7,0,-5.7,0,6.7,1003.9,6.1,0,18,0,290,0,28,4.958,0.3,0.5,0.0,-6.4,-10.0,182
11-nov-2019,0,8.4,0,3.3,0,-0.0,0,1.4,1000.1,8.5,0,16,0,280,0,27,5.453,0.7,0.8,0.0,-0.7,-10.0,410
12-nov-2019,0,8.9,0,2.3,0,-0.4,0,0.1,1001.1,8.1,0,16,0,300,0,24,4.886,0.6,0.7,0.5,0.5,-9.0,567
13-nov-2019,0,6.1,0,1.4,0,-1.3,0,16.1,991.3,7.1,0,17,0,20,0,28,4.970,0.4,0.6,0.0,-10.0,-10.0,112
14-nov-2019,0,7.6,0,0.9,0,-0.4,0,0.1,1000.9,9.9,0,15,0,0,0,24,4.675,0.4,0.5,0.3,0.3,-9.2,560
15-nov-2019,0,8.0,0,-0.7,0,-4.0,0,0.0,1012.2,6.4,0,12,0,350,0,19,3.574,0.3,0.4,0.7,0.7,-8.4,554
16-nov-2019,0,5.2,0,-2.3,0,-5.6,0,0.0,1007.4,1.5,0,5,0,340,0,7,3.214,0.2,0.3,0.9,0.9,-7.7,208
17-nov-2019,0,8.8,0,-2.2,0,-1.4,0,2.5,1011.8,6.9,0,13,0,320,0,19,5.007,0.3,0.4,0.0,-1.3,-9.6,395
18-nov-2019,0,7.4,0,-4.2,0,-7.9,0,0.0,1010.7,4.6,0,10,0,140,0,15,3.174,0.2,0.3,0.2,0.2,-8.9,422
19-nov-2019,0,9.9,0,4.5,0,-0.7,0,2.8,1001.2,7.1,0,13,0,100,0,19,5.733,0.2,0.3,0.0,-2.4,-10.0,458
20-nov-2019,0,8.9,0,4.0,0,2.3,0,11.7,994.3,8.6,0,16,0,110,0,26,5.646,0.4,0.5,0.0,-10.0,-10.0,138
21-nov-2019,0,7.8,0,5.7,0,5.4,0,5.4,990.1,9.3,0,14,0,80,0,21,6.677,0.4,0.6,0.0,-5.0,-10.0,67
22-nov-2019,0,8.4,0,2.8,0,3.6,0,0.0,986.9,6.6,0,10,0,50,0,16,6.260,0.3,0.4,0.3,0.3,-9.2,235
23-nov-2019,0,9.1,0,3.0,0,-0.3,0,0.6,993.3,5.5,0,9,0,0,0,15,6.116,0.3,0.4,0.0,-0.0,-9.1,245
24-nov-2019,0,8.9,0,2.7,0,-0.3,0,1.3,992.9,6.0,0,15,0,100,0,23,6.306,0.2,0.3,0.0,-1.1,-9.7,206
25-nov-2019,0,11.6,0,6.8,0,4.1,0,10.0,989.1,4.7,0,14,0,100,0,20,8.380,0.2,0.3,0.0,-9.8,-10.0,145
26-nov-2019,0,10.9,0,7.0,0,3.0,0,5.0,979.0,10.3,0,21,0,50,0,32,8.174,0.3,0.5,0.0,-4.7,-10.0,129
27-nov-2019,0,9.9,0,5.7,0,7.1,0,0.1,981.5,4.0,0,6,0,40,0,11,8.295,0.3,0.3,0.2,0.2,-9.3,148
28-nov-2019,0,9.4,0,6.0,0,1.6,0,0.6,996.2,3.7,0,9,0,70,0,13,7.966,0.3,0.4,0.0,-0.2,-9.2,178
29-nov-2019,0,7.0,0,2.1,0,0.9,0,0.0,1008.3,6.2,0,11,0,80,0,15,6.270,0.2,0.2,0.2,0.2,-8.6,384
30-nov-2019,0,8.2,0,1.4,0,-0.5,0,0.0,1014.4,8.9,0,15,0,80,0,21,5.365,0.5,0.6,0.6,0.6,-7.7,208
01-dec-2019,0,6.9,0,-2.9,0,-3.7,0,0.0,1024.3,2.9,0,6,0,350,0,9,4.373,0.0,0.2,0.7,0.7,-7.3,341
02-dec-2019,0,5.0,0,-3.2,0,-6.5,0,0.0,1027.1,3.4,0,8,0,210,0,13,3.447,0.1,0.1,0.7,0.7,-6.8,279
03-dec-2019,0,8.8,0,-0.1,0,-2.7,0,0.0,1017.0,5.9,0,12,0,180,0,22,4.451,0.2,0.2,0.9,0.9,-6.3,364
04-dec-2019,0,10.2,0,5.0,0,-1.7,0,2.5,1010.1,7.3,0,13,0,200,0,20,6.358,0.2,0.2,0.0,-1.4,-8.3,341
05-dec-2019,0,11.7,0,4.8,0,2.0,0,12.5,1005.4,12.8,0,22,0,230,0,36,7.138,0.4,0.6,0.0,-10.0,-10.0,58
06-dec-2019,0,11.3,0,6.8,0,7.2,0,4.0,1000.1,9.6,0,17,0,240,0,27,8.679,0.1,0.1,0.0,-3.9,-10.0,280
07-dec-2019,0,12.4,0,6.8,0,3.6,0,12.5,996.8,10.7,0,21,0,240,0,35,8.331,0.3,0.3,0.0,-10.0,-10.0,194
08-dec-2019,0,9.6,0,4.5,0,4.0,0,11.8,988.8,15.8,0,31,0,310,0,51,7.230,0.7,0.9,0.0,-10.0,-10.0,144
09-dec-2019,0,9.7,0,4.8,0,0.9,0,0.9,1006.2,8.9,0,27,0,310,0,45,6.220,0.4,0.5,0.0,-0.5,-10.0,297
10-dec-2019,0,12.8,0,5.0,0,-0.2,0,16.7,996.1,12.5,0,22,0,220,0,35,7.419,0.6,0.8,0.0,-10.0,-10.0,53
11-dec-2019,0,6.8,0,2.4,0,0.2,0,8.2,993.8,6.5,0,19,0,230,0,33,4.757,0.4,0.5,0.0,-7.8,-10.0,184
12-dec-2019,0,9.0,0,4.2,0,-0.7,0,10.3,979.7,8.2,0,21,0,290,0,33,5.835,0.3,0.4,0.0,-10.0,-10.0,145
13-dec-2019,0,8.1,0,3.6,0,2.2,0,2.3,975.8,11.0,0,21,0,280,0,35,5.043,0.7,0.8,0.0,-1.6,-10.0,200
14-dec-2019,0,7.2,0,0.3,0,1.1,0,5.2,978.3,10.5,0,19,0,260,0,37,3.788,0.8,0.9,0.0,-4.4,-10.0,206
15-dec-2019,0,4.6,0,-0.5,0,-4.1,0,3.1,979.8,6.2,0,13,0,300,0,20,2.773,0.2,0.3,0.0,-2.9,-10.0,172
16-dec-2019,0,6.2,0,0.7,0,-3.4,0,1.0,987.7,5.6,0,9,0,200,0,13,3.190,0.0,0.0,0.0,-1.0,-10.0,332
17-dec-2019,0,6.5,0,-0.7,0,-4.0,0,1.5,993.3,3.2,0,7,0,190,0,10,3.402,0.0,0.0,0.0,-1.5,-10.0,300
18-dec-2019,0,12.0,0,-0.7,0,-4.0,0,7.1,982.4,13.8,0,26,0,180,0,43,4.332,0.7,0.9,0.0,-6.4,-10.0,31
19-dec-2019,0,9.4,0,6.2,0,4.0,0,14.1,977.3,5.2,0,14,0,200,0,22,6.039,0.3,0.4,0.0,-10.0,-10.0,177
20-dec-2019,0,6.7,0,1.5,0,2.8,0,0.6,972.5,4.1,0,7,0,90,0,11,5.548,0.2,0.2,0.0,-0.4,-9.9,130
21-dec-2019,0,4.8,0,0.4,0,0.1,0,0.0,969.3,3.6,0,7,0,90,0,9,4.464,0.1,0.1,0.1,0.1,-9.4,163
22-dec-2019,0,9.2,0,3.3,0,1.3,0,6.3,982.5,6.3,0,12,0,240,0,23,5.275,0.2,0.2,0.0,-6.1,-10.0,218
23-dec-2019,0,9.3,0,5.1,0,3.3,0,5.3,997.2,7.2,0,13,0,250,0,24,5.272,0.4,0.4,0.0,-4.9,-10.0,239
24-dec-2019,0,9.1,0,0.3,0,3.7,0,4.1,1004.6,5.5,0,13,0,220,0,23,5.726,0.1,0.1,0.0,-4.0,-10.0,214
25-dec-2019,0,7.4,0,-2.5,0,-6.7,0,0.1,1011.4,6.5,0,19,0,110,0,27,2.878,0.4,0.5,0.3,0.3,-9.2,145
26-dec-2019,0,11.7,0,7.3,0,-2.5,0,8.5,1005.0,9.2,0,19,0,110,0,32,6.185,0.5,0.6,0.0,-7.7,-10.0,97
27-dec-2019,0,12.0,0,10.7,0,7.5,0,2.8,1015.6,7.6,0,12,0,190,0,20,8.887,0.4,0.6,0.0,-2.4,-10.0,65
28-dec-2019,0,11.2,0,10.0,0,9.1,0,0.1,1018.4,11.1,0,18,0,190,0,30,8.515,0.8,0.9,0.7,0.7,-8.8,137
29-dec-2019,0,11.8,0,7.8,0,9.1,0,0.1,1017.3,8.5,0,16,0,180,0,28,8.304,0.6,0.7,1.2,1.2,-7.9,103
30-dec-2019,0,9.3,0,5.9,0,3.1,0,2.7,1020.9,6.0,0,12,0,50,0,18,7.226,0.4,0.5,0.0,-1.1,-9.8,31
31-dec-2019,0,7.9,0,4.9,0,4.5,0,0.0,1025.6,5.3,0,11,0,50,0,17,6.598,0.4,0.5,0.4,0.4,-8.9,112
01-jan-2020,0,8.9,0,4.8,0,0.8,0,0.0,1016.9,4.9,0,13,0,200,0,21,6.364,0.3,0.4,0.7,0.7,-8.1,189
02-jan-2020,0,11.6,0,6.3,0,5.2,0,5.5,1003.8,12.6,0,21,0,330,0,30,7.478,0.7,0.8,0.0,-4.1,-10.0,100
03-jan-2020,0,9.4,0,3.0,0,-0.3,0,0.1,1018.5,6.1,0,11,0,320,0,16,6.287,0.3,0.4,0.2,0.2,-9.3,297
04-jan-2020,0,9.5,0,5.9,0,1.5,0,1.8,1025.8,7.5,0,13,0,230,0,20,6.714,0.4,0.4,0.0,-1.2,-10.0,167
05-jan-2020,0,10.8,0,7.7,0,6.5,0,0.9,1017.0,9.5,0,14,0,180,0,24,7.859,0.5,0.7,0.0,-0.4,-9.9,76
06-jan-2020,0,10.2,0,4.8,0,7.7,0,8.6,1005.2,10.6,0,18,0,180,0,33,7.512,0.3,0.3,0.0,-8.3,-10.0,311
07-jan-2020,0,13.5,0,6.8,0,2.0,0,4.5,1005.0,13.7,0,23,0,230,0,36,8.250,0.8,1.0,0.0,-3.7,-10.0,51
08-jan-2020,0,8.6,0,4.0,0,3.0,0,4.2,1009.1,5.4,0,12,0,80,0,22,6.779,0.4,0.6,0.0,-3.8,-10.0,196
09-jan-2020,0,5.5,0,2.4,0,1.4,0,1.7,1006.4,4.5,0,11,0,80,0,22,5.193,0.3,0.5,0.0,-1.4,-10.0,100
10-jan-2020,0,10.7,0,-0.2,0,-4.7,0,4.1,1011.2,9.3,0,18,0,200,0,27,4.575,0.2,0.3,0.0,-3.9,-10.0,241
11-jan-2020,0,12.4,0,6.3,0,1.8,0,19.7,1003.7,10.9,0,20,0,190,0,33,8.325,0.5,0.6,0.0,-10.0,-10.0,75
12-jan-2020,0,8.2,0,3.7,0,1.5,0,3.7,1007.4,6.5,0,14,0,220,0,25,6.130,0.3,0.3,0.0,-3.4,-10.0,300
13-jan-2020,0,9.2,0,3.1,0,1.4,0,11.1,987.3,16.1,0,27,0,210,0,47,5.254,1.0,1.3,0.0,-10.0,-10.0,116
14-jan-2020,0,5.8,0,2.7,0,0.8,0,10.2,979.4,9.2,0,16,0,260,0,28,4.064,0.6,0.8,0.0,-9.6,-10.0,132
15-jan-2020,0,8.2,0,3.0,0,1.1,0,3.1,991.3,10.4,0,21,0,220,0,34,3.852,0.6,0.7,0.0,-2.5,-10.0,318
16-jan-2020,0,10.8,0,4.1,0,2.1,0,2.5,991.2,12.3,0,23,0,150,0,37,6.095,0.6,0.7,0.0,-1.9,-10.0,233
17-jan-2020,0,6.7,0,-2.0,0,-0.3,0,0.2,1007.3,5.3,0,11,0,300,0,16,3.957,0.3,0.4,0.1,0.1,-9.4,285
18-jan-2020,0,6.8,0,-4.1,0,-8.9,0,0.1,1026.0,1.8,0,4,0,10,0,6,1.870,0.0,0.2,0.0,0.0,-9.0,401
19-jan-2020,0,6.5,0,-4.4,0,-9.1,0,0.1,1037.9,3.7,0,8,0,200,0,12,1.240,0.1,0.2,0.0,0.0,-8.5,434
20-jan-2020,0,8.2,0,0.8,0,-4.5,0,0.2,1040.2,6.0,0,10,0,190,0,16,2.675,0.4,0.5,0.2,0.2,-7.9,293
21-jan-2020,0,8.6,0,6.7,0,0.9,0,0.1,1037.7,3.7,0,7,0,250,0,12,5.694,0.4,0.5,0.5,0.5,-7.3,97
22-jan-2020,0,9.2,0,5.3,0,4.5,0,0.2,1034.1,1.5,0,3,0,230,0,5,6.753,0.2,0.3,0.5,0.5,-6.9,182
23-jan-2020,0,7.4,0,4.2,0,3.7,0,0.4,1026.8,2.2,0,5,0,200,0,7,6.757,0.2,0.3,0.3,0.3,-6.7,207
24-jan-2020,0,8.2,0,5.3,0,4.3,0,0.9,1017.0,4.7,0,8,0,190,0,13,6.820,0.3,0.4,0.0,-0.3,-7.0,218
25-jan-2020,0,9.3,0,6.0,0,5.2,0,0.1,1004.2,8.0,0,12,0,190,0,20,6.602,0.6,0.7,0.5,0.5,-6.2,153
26-jan-2020,0,9.4,0,2.5,0,3.5,0,7.8,994.1,8.4,0,17,0,170,0,31,6.386,0.4,0.5,0.0,-6.9,-10.0,360
27-jan-2020,0,4.4,0,-0.1,0,-0.0,0,9.0,985.9,7.7,0,19,0,240,0,35,3.501,0.3,0.5,0.0,-8.7,-10.0,228
28-jan-2020,0,6.0,0,0.2,0,-2.5,0,3.8,991.0,8.6,0,19,0,310,0,29,2.971,0.5,0.7,0.0,-3.3,-10.0,245
29-jan-2020,0,9.4,0,2.7,0,1.0,0,0.8,998.9,9.8,0,18,0,240,0,31,4.696,0.5,0.6,0.0,-0.3,-9.8,276
30-jan-2020,0,10.3,0,4.7,0,2.6,0,0.8,994.2,9.0,0,19,0,240,0,31,6.671,0.4,0.6,0.0,-0.4,-9.7,229
31-jan-2020,0,12.0,0,8.2,0,6.5,0,12.5,990.5,14.9,0,21,0,230,0,37,8.548,0.8,1.1,0.0,-10.0,-10.0,223
01-feb-2020,0,10.9,0,6.0,0,5.7,0,3.5,994.1,11.2,0,22,0,230,0,37,7.333,0.6,0.8,0.0,-2.9,-10.0,372
02-feb-2020,0,10.8,0,4.0,0,2.9,0,4.3,997.2,11.9,0,20,0,220,0,35,6.947,0.6,0.8,0.0,-3.7,-10.0,347
03-feb-2020,0,8.3,0,3.9,0,3.3,0,2.5,1007.6,9.4,0,15,0,270,0,29,5.747,0.7,0.9,0.0,-1.8,-10.0,412
04-feb-2020,0,9.6,0,0.5,0,1.5,0,1.0,1022.7,6.4,0,18,0,290,0,29,4.798,0.6,0.8,0.0,-0.4,-9.9,544
05-feb-2020,0,8.8,0,-0.5,0,-5.1,0,0.1,1028.9,3.3,0,9,0,200,0,14,4.111,0.3,0.5,0.2,0.2,-9.2,489
06-feb-2020,0,10.1,0,0.8,0,-3.9,0,0.0,1019.2,5.6,0,11,0,140,0,17,4.767,0.6,0.7,0.8,0.8,-8.1,489
07-feb-2020,0,11.1,0,3.3,0,2.8,0,2.3,1001.6,9.3,0,21,0,210,0,34,5.516,0.8,1.0,0.0,-0.8,-9.3,161
08-feb-2020,0,10.8,0,3.5,0,1.8,0,14.7,989.8,13.4,0,23,0,230,0,34,5.299,0.6,0.9,0.0,-10.0,-10.0,179
09-feb-2020,0,11.3,0,3.7,0,4.0,0,26.2,976.1,17.0,0,25,0,230,0,42,7.764,0.6,0.9,0.0,-10.0,-10.0,365
10-feb-2020,0,6.2,0,1.2,0,0.5,0,5.9,989.8,15.9,0,26,0,270,0,44,4.246,1.0,1.5,0.0,-4.9,-10.0,300
11-feb-2020,0,5.7,0,0.9,0,-0.4,0,4.0,1000.6,12.4,0,21,0,270,0,37,2.964,0.9,1.2,0.0,-3.1,-10.0,438
12-feb-2020,0,7.3,0,-0.1,0,-4.1,0,6.7,993.8,8.1,0,18,0,260,0,28,3.514,0.5,0.7,0.0,-6.2,-10.0,480
13-feb-2020,0,8.0,0,1.2,0,-2.7,0,2.0,991.0,5.5,0,14,0,310,0,21,4.789,0.5,0.7,0.0,-1.5,-10.0,495
14-feb-2020,0,10.4,0,5.0,0,-2.1,0,4.8,998.4,11.1,0,21,0,220,0,35,6.041,0.7,1.0,0.0,-4.1,-10.0,438
15-feb-2020,0,10.2,0,5.2,0,2.1,0,19.7,983.6,13.6,0,26,0,220,0,42,6.227,0.6,0.9,0.0,-10.0,-10.0,133
16-feb-2020,0,7.6,0,3.3,0,1.3,0,6.9,977.8,19.0,0,27,0,220,0,46,4.899,1.1,1.6,0.0,-5.8,-10.0,419
17-feb-2020,0,8.0,0,3.3,0,2.4,0,2.3,996.8,11.8,0,21,0,230,0,37,5.027,1.0,1.3,0.0,-1.3,-10.0,670
18-feb-2020,0,7.0,0,1.7,0,1.7,0,11.8,1009.6,9.9,0,19,0,240,0,38,4.638,0.6,0.9,0.0,-10.0,-10.0,454
19-feb-2020,0,10.0,0,3.3,0,-0.4,0,29.6,1004.1,11.4,0,20,0,220,0,34,5.490,0.6,0.8,0.0,-10.0,-10.0,79
20-feb-2020,0,9.7,0,1.8,0,1.3,0,9.5,1001.8,10.9,0,20,0,270,0,33,6.217,0.6,0.9,0.0,-8.9,-10.0,710
21-feb-2020,0,10.9,0,7.1,0,2.1,0,12.8,1004.3,20.5,0,26,0,220,0,41,7.089,0.9,1.4,0.0,-10.0,-10.0,145
22-feb-2020,0,10.2,0,5.0,0,3.8,0,17.6,1004.6,11.7,0,22,0,240,0,35,6.674,0.9,1.2,0.0,-10.0,-10.0,343
23-feb-2020,0,8.1,0,2.9,0,4.1,0,13.9,1008.3,5.4,0,14,0,100,0,20,6.680,0.5,0.8,0.0,-10.0,-10.0,574
24-feb-2020,0,10.8,0,3.2,0,2.5,0,19.7,999.3,11.6,0,21,0,230,0,35,6.787,0.6,0.9,0.0,-10.0,-10.0,499
25-feb-2020,0,6.2,0,1.1,0,0.1,0,4.7,995.6,9.4,0,18,0,290,0,30,4.492,0.8,1.1,0.0,-3.9,-10.0,457
26-feb-2020,0,7.6,0,0.4,0,-0.7,0,2.6,999.6,6.9,0,16,0,290,0,23,4.081,0.8,1.2,0.0,-1.8,-10.0,777
27-feb-2020,0,8.9,0,-2.0,0,-7.1,0,0.1,1000.3,5.1,0,11,0,260,0,18,4.514,0.8,1.2,0.7,0.7,-8.8,969
28-feb-2020,0,11.4,0,3.6,0,0.1,0,9.0,987.2,9.7,0,17,0,220,0,28,6.480,0.7,1.1,0.0,-7.5,-10.0,465
29-feb-2020,0,6.9,0,0.5,0,-0.0,0,10.3,967.2,17.5,0,33,0,230,0,54,4.713,0.7,1.2,0.0,-9.6,-10.0,209
01-mar-2020,0,7.4,0,1.2,0,0.5,0,3.2,976.0,10.6,0,20,0,260,0,35,4.478,1.1,1.6,0.0,-2.1,-10.0,969
02-mar-2020,0,7.3,0,0.1,0,-2.7,0,4.3,984.0,8.6,0,17,0,280,0,29,3.655,0.9,1.3,0.0,-3.4,-10.0,816
03-mar-2020,0,8.8,0,1.9,0,-0.3,0,1.0,996.2,5.5,0,14,0,290,0,22,4.864,1.0,1.4,0.0,-0.0,-9.5,942
04-mar-2020,0,10.1,0,-1.4,0,-4.9,0,0.0,1000.8,2.9,0,6,0,310,0,10,5.738,1.0,1.5,1.0,1.0,-8.1,1245
05-mar-2020,0,8.1,0,-2.0,0,-6.6,0,1.7,995.2,4.5,0,12,0,200,0,19,4.788,0.8,1.1,0.0,0.0,-8.6,912
06-mar-2020,0,9.9,0,3.1,0,-0.2,0,3.8,998.8,9.5,0,18,0,310,0,25,6.101,1.1,1.6,0.0,-2.7,-10.0,1062
07-mar-2020,0,12.2,0,7.3,0,5.7,0,8.2,997.0,15.1,0,21,0,210,0,34,8.298,0.8,1.2,0.0,-7.4,-10.0,215
08-mar-2020,0,9.5,0,4.5,0,4.4,0,3.4,996.4,11.5,0,19,0,250,0,33,7.166,1.2,1.7,0.0,-2.2,-10.0,887
09-mar-2020,0,11.0,0,5.5,0,2.7,0,19.2,999.7,13.0,0,20,0,230,0,36,6.824,0.7,1.0,0.0,-10.0,-10.0,163
10-mar-2020,0,10.9,0,4.9,0,6.2,0,5.0,996.0,12.1,0,20,0,230,0,34,8.660,0.7,1.1,0.0,-4.3,-10.0,618
11-mar-2020,0,9.3,0,0.9,0,2.8,0,13.8,994.6,12.0,0,21,0,220,0,35,6.530,0.9,1.4,0.0,-10.0,-10.0,453
12-mar-2020,0,9.2,0,0.9,0,-0.0,0,6.5,1001.6,13.8,0,25,0,260,0,45,5.351,1.2,1.9,0.0,-5.3,-10.0,902
13-mar-2020,0,9.8,0,5.2,0,3.6,0,0.2,1006.6,7.2,0,12,0,120,0,22,6.990,1.2,1.7,1.0,1.0,-8.5,880
14-mar-2020,0,11.1,0,5.5,0,3.8,0,8.1,997.5,10.1,0,19,0,230,0,34,7.148,0.7,1.0,0.0,-6.4,-10.0,257
15-mar-2020,0,10.2,0,-0.2,0,1.6,0,2.9,1001.9,9.2,0,20,0,310,0,31,6.972,1.3,2.0,0.0,-1.6,-10.0,1241
16-mar-2020,0,10.0,0,-1.0,0,-6.5,0,9.0,1010.7,9.7,0,17,0,210,0,29,5.203,0.6,0.9,0.0,-8.4,-10.0,419
17-mar-2020,0,12.3,0,4.7,0,6.5,0,11.5,1012.1,8.6,0,19,0,220,0,32,7.731,0.6,0.8,0.0,-10.0,-10.0,209
18-mar-2020,0,8.0,0,-0.7,0,2.6,0,0.0,1019.6,4.4,0,11,0,280,0,15,6.854,0.8,1.2,0.8,0.8,-8.7,699
19-mar-2020,0,9.8,0,-3.0,0,-7.2,0,0.1,1025.9,5.8,0,14,0,20,0,22,5.355,1.3,1.9,2.0,2.0,-7.1,1321
20-mar-2020,0,10.2,0,-1.1,0,-5.4,0,0.1,1026.0,7.7,0,14,0,100,0,20,5.200,1.7,2.4,3.5,3.5,-5.1,1440
21-mar-2020,0,5.4,0,3.6,0,2.2,0,4.6,1020.1,6.5,0,13,0,80,0,18,4.892,0.8,1.1,0.0,-0.3,-8.7,207
22-mar-2020,0,10.7,0,1.4,0,-0.5,0,0.0,1019.5,5.3,0,11,0,130,0,16,6.668,1.5,2.2,1.5,1.5,-6.7,1388
23-mar-2020,0,11.6,0,3.2,0,-0.9,0,0.0,1015.4,7.8,0,14,0,200,0,20,6.643,1.3,1.8,2.9,2.9,-5.0,706
24-mar-2020,0,13.0,0,7.0,0,5.4,0,0.0,1011.2,10.1,0,17,0,200,0,26,7.966,1.6,2.2,4.5,4.5,-3.2,644
25-mar-2020,0,15.3,0,7.3,0,7.9,0,1.5,1015.5,6.2,0,10,0,200,0,16,9.765,1.4,1.8,4.3,4.3,-3.1,737
26-mar-2020,0,12.3,0,4.9,0,6.7,0,0.0,1020.6,5.5,0,8,0,50,0,12,9.420,1.1,1.5,5.4,5.4,-1.8,664
27-mar-2020,0,14.3,0,1.4,0,-1.3,0,0.0,1024.6,6.3,0,11,0,50,0,17,8.790,1.9,2.6,7.1,7.1,0.1,1563
28-mar-2020,0,12.2,0,3.8,0,2.6,0,0.0,1032.8,9.7,0,18,0,60,0,26,8.961,2.1,3.1,9.1,9.1,2.2,1588
29-mar-2020,0,8.2,0,-0.7,0,-1.2,0,0.0,1040.9,7.8,0,14,0,60,0,21,7.327,1.9,2.8,10.8,10.8,4.1,1835
30-mar-2020,0,10.9,0,-1.9,0,-4.2,0,0.1,1038.3,8.0,0,15,0,10,0,24,6.982,1.5,2.1,12.1,12.1,5.5,1030
31-mar-2020,0,9.9,0,4.7,0,4.0,0,0.0,1031.1,6.5,0,10,0,20,0,16,8.194,1.6,2.3,13.5,13.5,7.1,1069
01-apr-2020,0,11.4,0,3.9,0,2.9,0,0.0,1023.2,7.0,0,14,0,320,0,19,8.548,1.4,2.1,14.8,14.8,8.6,1056
02-apr-2020,0,11.7,0,5.7,0,2.6,0,0.2,1015.5,7.7,0,16,0,290,0,25,8.722,1.2,1.8,15.7,15.7,9.6,746
03-apr-2020,0,11.3,0,5.1,0,2.5,0,0.0,1011.8,6.0,0,14,0,250,0,22,9.277,1.5,2.2,17.0,17.0,11.1,1298
04-apr-2020,0,13.1,0,5.2,0,3.4,0,0.0,1005.7,8.5,0,15,0,150,0,26,9.007,1.7,2.4,18.4,18.4,12.9,1050
05-apr-2020,0,14.2,0,8.6,0,6.6,0,2.9,993.4,13.1,0,19,0,140,0,35,9.305,1.6,2.1,16.8,16.8,11.5,524
06-apr-2020,0,12.0,0,4.4,0,5.4,0,0.4,1006.2,9.9,0,16,0,230,0,26,9.740,2.0,3.1,18.1,18.1,13.0,1894
07-apr-2020,0,14.9,0,1.0,0,-3.7,0,0.0,1019.6,5.5,0,14,0,190,0,23,9.157,2.2,3.1,19.9,19.9,15.1,1771
08-apr-2020,0,16.5,0,5.3,0,1.0,0,0.0,1019.4,3.8,0,8,0,190,0,12,11.432,2.4,3.3,21.9,21.9,17.4,2029
09-apr-2020,0,18.7,0,3.1,0,-1.0,0,0.0,1017.7,4.3,0,10,0,130,0,14,11.895,2.1,2.9,23.5,23.5,19.3,1479
10-apr-2020,0,17.5,0,7.5,0,4.0,0,0.1,1016.8,3.4,0,6,0,250,0,10,12.510,1.7,2.3,24.8,24.8,20.8,1050
11-apr-2020,0,13.1,0,8.4,0,9.4,0,0.1,1017.0,6.5,0,12,0,260,0,18,13.410,2.2,3.3,26.4,26.4,22.6,2107
12-apr-2020,0,9.7,0,6.6,0,7.2,0,5.0,1013.6,7.4,0,15,0,20,0,24,10.660,0.9,1.2,22.1,22.1,18.4,371
13-apr-2020,0,11.4,0,1.6,0,3.6,0,0.0,1021.7,9.5,0,17,0,50,0,24,9.865,2.2,3.5,23.9,23.9,20.5,2062
14-apr-2020,0,15.2,0,-1.1,0,-5.9,0,0.1,1022.4,3.8,0,8,0,200,0,12,10.291,2.5,3.5,25.7,25.7,22.6,2261
15-apr-2020,0,17.1,0,-0.1,0,-4.6,0,0.0,1016.4,3.9,0,8,0,110,0,12,11.574,2.7,3.8,27.8,27.8,24.9,2314
16-apr-2020,0,16.7,0,4.7,0,0.9,0,0.0,1011.2,7.7,0,12,0,90,0,21,11.932,2.7,3.8,29.8,29.8,27.2,1970
17-apr-2020,0,17.6,0,6.7,0,4.9,0,0.5,1009.3,8.6,0,14,0,60,0,20,12.430,2.5,3.6,31.1,31.1,28.8,1671
18-apr-2020,0,11.7,0,8.2,0,8.0,0,3.7,1011.9,7.9,0,13,0,80,0,19,11.395,1.1,1.6,28.2,28.2,26.0,574
19-apr-2020,0,15.9,0,6.5,0,4.1,0,0.0,1014.2,8.0,0,13,0,120,0,19,11.958,2.1,3.0,29.8,29.8,27.7,1407
20-apr-2020,0,15.7,0,5.0,0,2.7,0,0.0,1014.8,8.5,0,14,0,70,0,20,12.045,2.9,4.2,31.9,31.9,30.1,2059
21-apr-2020,0,16.3,0,4.0,0,1.0,0,0.0,1015.9,7.5,0,13,0,80,0,22,11.698,2.8,3.9,33.8,33.8,32.4,1909
22-apr-2020,0,16.7,0,6.2,0,1.6,0,0.0,1018.1,6.9,0,12,0,70,0,18,12.480,2.7,3.7,35.7,35.7,34.4,1788
23-apr-2020,0,20.2,0,5.4,0,1.5,0,0.0,1015.6,4.3,0,8,0,80,0,11,14.030,2.9,4.0,37.7,37.7,36.6,1982
24-apr-2020,0,19.4,0,7.1,0,5.8,0,0.0,1011.1,3.5,0,6,0,80,0,10,15.592,2.8,3.8,39.5,39.5,38.7,1953
25-apr-2020,0,20.4,0,5.6,0,1.0,0,0.0,1008.0,4.7,0,11,0,350,0,17,15.953,2.8,3.9,41.4,41.4,40.7,1963
26-apr-2020,0,13.4,0,3.2,0,6.6,0,0.0,1007.6,5.6,0,11,0,350,0,17,13.712,1.6,2.3,42.4,42.4,41.9,986
27-apr-2020,0,14.5,0,-0.4,0,-5.3,0,0.0,1005.1,4.1,0,9,0,50,0,15,13.160,2.5,3.6,43.9,43.9,43.6,2262
28-apr-2020,0,15.1,0,1.6,0,-2.9,0,1.0,999.3,3.0,0,8,0,220,0,11,13.695,2.5,3.5,44.4,44.4,44.3,2077
29-apr-2020,0,13.4,0,5.0,0,4.2,0,25.6,989.6,6.8,0,13,0,120,0,22,13.000,2.1,3.0,20.1,20.1,20.1,1495
30-apr-2020,0,12.7,0,4.1,0,2.9,0,7.2,987.9,5.5,0,15,0,320,0,21,11.453,1.8,2.6,14.4,14.4,14.5,1326
01-may-2020,0,12.6,0,4.8,0,-1.1,0,0.5,997.7,7.3,0,17,0,320,0,25,11.278,2.3,3.4,15.9,15.9,16.2,1746
02-may-2020,0,15.9,0,2.4,0,-2.1,0,0.0,1006.2,3.3,0,7,0,320,0,9,12.880,2.8,3.9,18.4,18.4,18.9,2252
03-may-2020,0,17.0,0,6.0,0,2.0,0,0.0,1011.6,4.5,0,9,0,0,0,15,13.858,2.8,3.8,20.7,20.7,21.5,1852
04-may-2020,0,16.6,0,4.3,0,-0.6,0,0.0,1014.9,8.2,0,15,0,60,0,22,13.773,3.6,5.2,23.6,23.6,24.6,2692
05-may-2020,0,17.2,0,7.5,0,4.2,0,0.0,1014.3,10.8,0,17,0,90,0,28,13.530,3.3,4.7,26.2,26.2,27.4,1997
06-may-2020,0,18.6,0,8.9,0,6.0,0,0.9,1016.7,8.7,0,15,0,100,0,23,14.462,3.2,4.3,27.7,27.7,29.1,1760
07-may-2020,0,16.4,0,9.2,0,6.5,0,8.0,1013.9,6.0,0,12,0,150,0,17,14.355,2.1,3.0,21.2,21.2,22.8,1461
08-may-2020,0,19.6,0,7.9,0,3.2,0,0.0,1011.9,2.9,0,6,0,340,0,9,16.185,3.1,4.1,23.7,23.7,25.5,2122
09-may-2020,0,22.1,0,6.1,0,3.4,0,0.0,1008.9,3.5,0,9,0,340,0,12,17.310,3.5,4.7,26.4,26.4,28.4,2374
10-may-2020,0,13.2,0,4.4,0,8.9,0,0.1,1013.8,9.9,0,18,0,80,0,26,14.940,1.9,2.8,27.7,27.7,29.8,1224
11-may-2020,0,12.4,0,0.7,0,-1.1,0,0.0,1022.0,7.5,0,15,0,80,0,23,12.962,3.3,4.9,30.2,30.2,32.5,2770
12-may-2020,0,12.9,0,-1.6,0,-5.6,0,0.0,1019.7,4.4,0,9,0,350,0,16,12.292,2.1,3.0,31.7,31.7,34.1,1667
13-may-2020,0,12.3,0,2.4,0,-1.1,0,0.0,1017.7,6.2,0,12,0,60,0,21,12.837,2.7,3.9,33.6,33.6,36.1,2190
14-may-2020,0,15.8,0,-1.1,0,-5.1,0,0.0,1021.4,4.2,0,11,0,340,0,18,14.053,3.3,4.7,35.9,35.9,38.6,2835
15-may-2020,0,13.5,0,1.6,0,-2.1,0,0.0,1022.9,4.4,0,10,0,280,0,15,13.797,2.2,3.1,37.4,37.4,40.1,1613
16-may-2020,0,14.4,0,6.0,0,2.9,0,0.0,1020.1,5.7,0,11,0,260,0,17,14.183,2.4,3.3,39.0,39.0,41.8,1672
17-may-2020,0,15.1,0,9.9,0,9.3,0,2.9,1016.1,8.3,0,15,0,220,0,22,13.712,1.8,2.5,37.2,37.2,40.1,1034
18-may-2020,0,16.4,0,10.7,0,10.2,0,10.2,1014.4,7.9,0,12,0,200,0,20,14.255,1.9,2.7,28.2,28.2,31.2,1101
19-may-2020,0,16.7,0,12.1,0,12.3,0,5.1,1016.0,6.8,0,13,0,220,0,21,15.360,2.4,3.4,24.9,24.9,28.0,1589
20-may-2020,0,18.2,0,10.4,0,5.3,0,0.0,1012.0,6.6,0,12,0,140,0,21,15.458,3.1,4.2,27.3,27.3,30.5,1865
21-may-2020,0,16.6,0,9.1,0,5.3,0,8.8,1004.3,7.7,0,15,0,150,0,24,14.908,2.7,3.7,20.5,20.5,23.8,1494
22-may-2020,0,14.0,0,9.8,0,8.2,0,2.3,998.3,19.8,0,29,0,220,0,46,12.833,2.3,3.9,20.1,20.1,23.5,1486
23-may-2020,0,13.3,0,7.6,0,6.3,0,9.8,1012.3,14.1,0,20,0,220,0,37,12.307,1.8,3.0,11.7,11.7,15.2,1370
24-may-2020,0,15.6,0,7.4,0,10.6,0,0.0,1023.8,8.8,0,15,0,230,0,24,14.783,3.1,4.9,14.5,14.5,18.2,2776
25-may-2020,0,16.3,0,6.4,0,1.2,0,1.0,1026.8,7.2,0,13,0,220,0,22,13.625,2.0,2.9,15.2,15.2,19.0,1403
26-may-2020,0,18.9,0,8.8,0,6.0,0,0.0,1030.9,3.7,0,7,0,260,0,12,16.380,3.9,5.3,18.6,18.6,22.5,2686
27-may-2020,0,23.3,0,6.3,0,3.9,0,0.0,1031.0,2.2,0,6,0,100,0,10,17.710,3.5,4.7,21.5,21.5,25.6,2338
28-may-2020,0,25.4,0,10.5,0,7.0,0,0.0,1025.0,5.7,0,11,0,140,0,18,18.935,4.3,5.7,24.9,24.9,29.2,2497
29-may-2020,0,24.2,0,12.4,0,9.5,0,0.0,1017.9,7.9,0,13,0,150,0,22,19.302,4.8,6.4,28.6,28.6,33.1,2654
30-may-2020,0,24.7,0,8.6,0,4.1,0,0.0,1014.5,7.4,0,13,0,100,0,21,19.333,5.2,6.9,32.5,32.5,37.1,2936
31-may-2020,0,25.0,0,11.1,0,8.1,0,0.0,1016.4,6.7,0,11,0,90,0,18,20.030,5.0,6.6,36.0,36.0,40.8,2732
01-jun-2020,0,26.6,0,9.2,0,5.0,0,0.0,1019.2,4.0,0,12,0,320,0,18,20.655,4.6,6.1,39.1,39.1,43.9,2669
02-jun-2020,0,21.5,0,8.5,0,5.7,0,0.9,1016.9,5.9,0,12,0,260,0,20,19.962,3.7,5.1,40.6,40.6,45.5,2467
03-jun-2020,0,17.3,0,9.5,0,8.2,0,0.0,1012.6,10.6,0,16,0,10,0,26,19.280,4.0,6.1,43.1,43.1,48.1,2940
04-jun-2020,0,16.0,0,9.5,0,8.3,0,0.3,1005.8,9.1,0,16,0,310,0,24,16.538,2.0,2.8,44.0,44.0,49.0,962
05-jun-2020,0,15.1,0,5.9,0,9.0,0,0.8,1000.4,11.7,0,20,0,340,0,30,16.250,3.1,4.8,45.1,45.1,50.1,2175
06-jun-2020,0,13.1,0,5.1,0,2.9,0,0.4,1002.8,13.3,0,19,0,320,0,29,13.752,1.7,2.6,45.7,45.7,50.7,938
07-jun-2020,0,13.9,0,9.3,0,9.3,0,0.0,1010.0,9.2,0,15,0,330,0,20,14.403,2.0,2.8,46.9,46.9,51.9,1008
08-jun-2020,0,15.0,0,8.9,0,9.0,0,0.0,1016.1,5.0,0,9,0,240,0,15,15.815,2.8,3.9,48.5,48.5,53.5,1752
09-jun-2020,0,14.5,0,7.7,0,7.2,0,0.1,1014.4,4.7,0,10,0,220,0,16,15.450,1.9,2.6,49.4,49.4,54.5,1171
10-jun-2020,0,14.6,0,8.8,0,9.2,0,2.5,1009.7,7.8,0,17,0,0,0,23,15.163,2.1,3.1,48.1,48.1,53.2,1410
11-jun-2020,0,17.6,0,9.0,0,7.5,0,0.6,1012.0,9.9,0,16,0,50,0,24,14.977,2.8,3.9,49.0,49.0,54.1,1442
12-jun-2020,0,17.7,0,10.6,0,8.4,0,0.1,1008.3,8.2,0,13,0,50,0,21,14.780,2.1,2.7,50.1,50.1,55.2,760
13-jun-2020,0,16.8,0,12.1,0,12.0,0,0.1,1004.9,5.6,0,9,0,60,0,14,15.260,1.5,2.0,50.8,50.8,55.9,657
14-jun-2020,0,22.2,0,11.4,0,8.6,0,1.8,1008.6,5.3,0,10,0,60,0,16,16.417,2.8,3.7,50.5,50.5,55.6,1444
15-jun-2020,0,24.3,0,10.5,0,8.3,0,2.0,1010.8,3.6,0,9,0,30,0,15,18.212,3.3,4.3,50.3,50.3,55.4,1828
16-jun-2020,0,15.9,0,11.1,0,12.1,0,0.0,1011.4,5.4,0,9,0,340,0,13,16.622,1.5,2.0,51.1,51.1,56.3,703
17-jun-2020,0,17.8,0,11.4,0,10.3,0,0.4,1010.7,6.4,0,9,0,330,0,14,16.097,2.0,2.7,51.8,51.8,56.9,979
18-jun-2020,0,20.8,0,10.1,0,8.1,0,0.0,1007.9,4.8,0,10,0,260,0,17,17.013,3.1,4.1,53.4,53.4,58.6,1821
19-jun-2020,0,17.4,0,9.2,0,9.2,0,2.9,1007.0,6.2,0,12,0,270,0,21,17.030,3.0,4.1,52.1,52.1,57.2,1948
20-jun-2020,0,17.3,0,6.3,0,2.3,0,5.9,1001.9,11.3,0,22,0,140,0,36,14.882,1.5,2.2,46.9,46.9,52.1,852
21-jun-2020,0,15.9,0,10.3,0,10.7,0,1.5,1004.9,11.2,0,19,0,240,0,31,15.238,3.2,5.1,47.3,47.3,52.5,2470
22-jun-2020,0,20.5,0,11.2,0,7.8,0,9.9,1007.7,9.8,0,19,0,180,0,29,15.217,2.2,3.0,38.7,38.7,43.8,905
23-jun-2020,0,17.0,0,11.9,0,11.7,0,15.0,1011.2,4.1,0,10,0,140,0,15,15.665,1.4,1.9,24.6,24.6,29.8,772
24-jun-2020,0,20.0,0,11.7,0,11.5,0,5.3,1014.3,3.8,0,9,0,300,0,12,17.497,4.0,5.3,22.4,22.4,27.7,2579
25-jun-2020,0,23.2,0,11.2,0,10.6,0,0.0,1010.1,3.3,0,8,0,220,0,13,18.815,3.2,4.2,24.9,24.9,30.3,1850
26-jun-2020,0,16.3,0,12.3,0,11.0,0,2.0,999.3,5.0,0,10,0,90,0,15,17.995,1.7,2.3,24.3,24.3,29.7,974
27-jun-2020,0,14.3,0,11.3,0,11.9,0,8.6,993.3,8.7,0,16,0,290,0,28,16.253,1.6,2.4,16.9,16.9,22.4,1073
28-jun-2020,0,15.1,0,10.8,0,10.1,0,5.7,998.2,13.8,0,19,0,240,0,37,14.400,2.1,3.1,13.0,13.0,18.5,980
29-jun-2020,0,12.9,0,11.1,0,10.4,0,0.2,1001.5,10.2,0,16,0,250,0,29,13.605,1.1,1.6,13.8,13.8,19.4,426
30-jun-2020,0,17.9,0,10.5,0,9.9,0,0.9,999.5,4.1,0,7,0,250,0,14,15.273,2.4,3.2,15.0,15.0,20.7,1409
01-jul-2020,0,17.4,0,11.5,0,11.4,0,3.6,1001.4,4.7,0,9,0,320,0,14,16.597,2.4,3.3,13.5,13.5,19.3,1520
02-jul-2020,0,16.4,0,9.3,0,8.6,0,1.2,1007.1,6.9,0,12,0,200,0,19,16.260,2.6,3.6,14.6,14.6,20.4,1580
03-jul-2020,0,15.6,0,10.9,0,10.5,0,20.6,1002.7,11.1,0,17,0,210,0,29,15.260,1.1,1.7,0.0,-5.0,0.8,616
04-jul-2020,0,16.8,0,12.6,0,13.2,0,6.9,998.0,10.7,0,20,0,220,0,35,15.843,1.5,2.3,0.0,-5.4,-4.6,950
05-jul-2020,0,15.2,0,11.0,0,9.3,0,2.1,1005.8,13.0,0,21,0,240,0,38,14.735,2.5,3.8,0.4,0.4,-4.0,1545
06-jul-2020,0,16.6,0,9.3,0,7.0,0,0.1,1016.3,6.8,0,11,0,240,0,19,15.110,2.6,3.6,2.8,2.8,-1.3,1629
07-jul-2020,0,15.3,0,10.0,0,9.9,0,14.5,1013.3,6.4,0,13,0,240,0,23,14.863,1.2,1.7,0.0,-10.0,-10.0,731
08-jul-2020,0,14.8,0,11.1,0,11.6,0,14.0,1007.0,6.3,0,11,0,60,0,17,15.222,1.1,1.6,0.0,-10.0,-10.0,654
09-jul-2020,0,18.4,0,8.3,0,10.7,0,0.1,1011.1,8.2,0,14,0,330,0,19,16.278,3.3,4.8,3.2,3.2,-6.3,2263
10-jul-2020,0,18.1,0,6.3,0,3.6,0,0.2,1019.4,7.2,0,14,0,310,0,21,16.180,3.3,4.7,6.2,6.2,-2.9,2323
11-jul-2020,0,18.2,0,5.5,0,1.8,0,0.0,1022.9,2.9,0,6,0,220,0,10,16.800,3.4,4.5,9.4,9.4,0.6,2454
12-jul-2020,0,16.2,0,9.2,0,5.9,0,10.2,1019.7,5.6,0,10,0,200,0,15,15.983,1.3,1.7,0.3,0.3,-8.3,671
13-jul-2020,0,16.1,0,11.1,0,13.4,0,3.4,1016.6,6.7,0,11,0,230,0,17,16.465,1.8,2.6,0.0,-1.3,-9.5,1164
14-jul-2020,0,14.9,0,10.4,0,9.5,0,2.3,1015.2,6.0,0,11,0,240,0,19,15.215,1.4,1.9,0.0,-0.9,-10.0,713
15-jul-2020,0,20.9,0,11.9,0,11.2,0,0.0,1014.8,7.0,0,12,0,270,0,17,16.580,3.0,4.0,3.0,3.0,-6.5,1658
16-jul-2020,0,18.7,0,13.9,0,13.7,0,0.5,1016.8,8.3,0,13,0,210,0,22,17.628,2.6,3.7,5.0,5.0,-4.1,1687
17-jul-2020,0,16.1,0,14.1,0,14.4,0,16.8,1013.3,10.8,0,14,0,220,0,24,16.688,1.0,1.6,0.0,-10.0,-10.0,629
18-jul-2020,0,18.0,0,7.4,0,10.6,0,0.4,1013.6,5.1,0,10,0,320,0,15,17.032,2.5,3.5,2.1,2.1,-7.4,1803
19-jul-2020,0,18.8,0,4.5,0,-0.3,0,0.0,1018.5,4.4,0,10,0,320,0,16,16.525,3.2,4.4,5.2,5.2,-3.8,2336
20-jul-2020,0,18.7,0,4.0,0,-0.6,0,0.0,1021.3,3.4,0,8,0,220,0,14,17.020,3.4,4.7,8.5,8.5,-0.2,2594
21-jul-2020,0,18.8,0,8.4,0,4.1,0,0.1,1020.3,4.5,0,9,0,250,0,15,18.017,3.2,4.4,11.4,11.4,2.9,2293
22-jul-2020,0,16.7,0,12.6,0,11.7,0,8.7,1014.8,8.4,0,13,0,220,0,23,16.660,1.2,1.8,3.8,3.8,-4.5,645
23-jul-2020,0,17.4,0,13.5,0,13.9,0,2.6,1009.7,6.5,0,9,0,250,0,16,17.140,2.0,2.8,3.1,3.1,-4.9,1215
24-jul-2020,0,16.8,0,12.6,0,12.6,0,12.2,1003.7,6.7,0,14,0,200,0,22,16.560,1.2,1.6,0.0,-7.9,-10.0,572
25-jul-2020,0,16.9,0,12.2,0,11.9,0,3.5,999.2,7.2,0,13,0,230,0,26,16.610,2.0,2.9,0.0,-1.5,-10.0,1341
26-jul-2020,0,17.6,0,12.1,0,10.2,0,4.4,999.8,6.8,0,12,0,250,0,24,16.885,2.8,3.9,0.0,-1.6,-10.0,1746
27-jul-2020,0,17.7,0,10.3,0,12.6,0,10.7,998.7,9.0,0,18,0,300,0,28,16.915,2.5,3.7,0.0,-8.2,-10.0,1711
28-jul-2020,0,17.4,0,9.8,0,4.8,0,0.5,1011.4,7.0,0,12,0,290,0,19,16.325,2.8,3.9,2.3,2.3,-7.2,1820
29-jul-2020,0,15.4,0,11.2,0,11.0,0,16.4,1010.8,5.2,0,10,0,140,0,15,16.157,1.5,2.0,0.0,-10.0,-10.0,915
30-jul-2020,0,19.0,0,15.3,0,14.4,0,8.1,1003.4,8.4,0,15,0,140,0,23,17.013,2.2,3.0,0.0,-5.9,-10.0,1081
31-jul-2020,0,19.6,0,12.5,0,14.7,0,10.2,1003.2,6.8,0,14,0,150,0,25,17.455,2.1,3.0,0.0,-8.1,-10.0,1284
01-aug-2020,0,17.6,0,11.4,0,10.0,0,4.6,1009.5,5.8,0,11,0,230,0,19,16.798,2.4,3.2,0.0,-2.2,-10.0,1449
02-aug-2020,0,16.6,0,10.7,0,7.6,0,0.3,1011.8,5.6,0,12,0,220,0,19,16.083,2.5,3.5,2.2,2.2,-7.3,1726
03-aug-2020,0,17.2,0,10.2,0,7.8,0,2.6,1011.8,5.0,0,10,0,230,0,16,16.493,2.7,3.6,2.2,2.2,-6.9,1765
04-aug-2020,0,21.0,0,11.9,0,11.6,0,4.9,1003.6,12.7,0,23,0,210,0,36,16.595,2.0,2.8,0.0,-0.7,-9.4,887
05-aug-2020,0,18.4,0,14.2,0,14.0,0,17.6,1001.3,5.8,0,11,0,230,0,19,17.102,2.0,2.8,0.0,-10.0,-10.0,1165
06-aug-2020,0,21.7,0,12.0,0,8.9,0,0.1,1006.8,6.1,0,12,0,150,0,19,17.510,2.3,3.1,2.2,2.2,-7.3,1288
07-aug-2020,0,19.1,0,9.2,0,14.7,0,1.0,1012.3,5.7,0,11,0,230,0,17,18.733,2.7,3.9,3.8,3.8,-5.3,2115
08-aug-2020,0,23.0,0,7.1,0,3.0,0,0.0,1018.7,2.6,0,6,0,290,0,10,18.792,3.5,4.7,7.2,7.2,-1.5,2476
09-aug-2020,0,24.0,0,8.8,0,5.6,0,0.0,1015.9,2.8,0,7,0,330,0,12,19.650,3.3,4.4,10.4,10.4,2.0,2168
10-aug-2020,0,20.9,0,10.3,0,7.5,0,0.9,1013.4,3.0,0,9,0,70,0,12,18.550,1.8,2.4,11.1,11.1,2.9,1002
11-aug-2020,0,24.6,0,13.5,0,9.8,0,0.1,1012.2,2.4,0,5,0,220,0,8,19.985,3.0,3.9,13.7,13.7,5.8,1783
12-aug-2020,0,24.9,0,11.8,0,8.2,0,0.0,1010.9,4.1,0,9,0,340,0,15,20.575,3.2,4.2,16.5,16.5,9.0,1886
13-aug-2020,0,24.2,0,13.8,0,13.6,0,7.3,1010.8,5.3,0,10,0,320,0,15,19.507,2.0,2.6,10.9,10.9,3.7,920
14-aug-2020,0,21.3,0,16.3,0,14.3,0,2.5,1010.8,5.1,0,9,0,60,0,14,19.525,1.7,2.2,9.9,9.9,2.9,820
15-aug-2020,0,23.0,0,14.7,0,13.4,0,0.0,1010.0,5.0,0,8,0,80,0,12,19.535,2.2,2.9,12.0,12.0,5.1,1233
16-aug-2020,0,19.8,0,14.6,0,13.2,0,0.0,1006.9,6.5,0,10,0,60,0,16,18.800,1.7,2.3,13.5,13.5,6.8,866
17-aug-2020,0,18.9,0,15.5,0,15.5,0,2.4,1001.7,3.6,0,6,0,90,0,10,18.430,1.2,1.5,12.2,12.2,5.6,479
18-aug-2020,0,20.7,0,13.9,0,14.8,0,7.7,998.8,5.1,0,10,0,260,0,16,19.077,2.5,3.4,6.7,6.7,0.4,1612
19-aug-2020,0,18.1,0,12.8,0,10.7,0,3.0,980.2,8.9,0,25,0,90,0,46,17.760,1.0,1.5,4.7,4.7,-1.5,565
20-aug-2020,0,19.7,0,13.0,0,12.2,0,11.4,971.9,12.4,0,36,0,220,0,56,16.862,2.5,3.5,0.0,-4.4,-10.0,1253
21-aug-2020,0,17.3,0,13.6,0,13.0,0,5.0,984.1,11.9,0,21,0,210,0,34,16.507,1.8,2.8,0.0,-3.2,-10.0,1247
22-aug-2020,0,19.2,0,13.9,0,13.4,0,4.4,1002.2,10.5,0,18,0,220,0,29,16.583,2.3,3.2,0.0,-2.1,-10.0,1187
23-aug-2020,0,17.0,0,12.3,0,12.7,0,0.7,1010.6,7.4,0,14,0,230,0,25,16.552,1.8,2.5,1.1,1.1,-8.4,1068
24-aug-2020,0,18.7,0,9.5,0,6.2,0,10.8,1001.3,4.6,0,16,0,80,0,26,16.993,1.9,2.6,0.0,-7.8,-10.0,1285
25-aug-2020,0,17.4,0,12.3,0,12.9,0,19.6,988.5,11.4,0,21,0,90,0,30,16.240,1.1,1.6,0.0,-10.0,-10.0,536
26-aug-2020,0,17.9,0,11.9,0,11.0,0,0.0,1006.9,6.2,0,13,0,240,0,23,16.462,2.4,3.4,2.4,2.4,-7.1,1750
27-aug-2020,0,16.1,0,11.6,0,10.1,0,2.6,1004.5,5.2,0,9,0,350,0,15,16.097,1.3,1.8,1.1,1.1,-8.0,713
28-aug-2020,0,17.9,0,8.9,0,10.4,0,0.2,1006.4,9.9,0,15,0,350,0,26,16.080,2.2,3.3,3.1,3.1,-5.6,1527
29-aug-2020,0,15.8,0,6.2,0,6.6,0,0.1,1015.2,7.6,0,15,0,350,0,23,15.265,2.0,2.8,4.9,4.9,-3.4,1350
30-aug-2020,0,17.7,0,5.1,0,0.8,0,0.0,1016.6,2.3,0,6,0,0,0,8,14.938,1.8,2.4,6.6,6.6,-1.5,1225
31-aug-2020,0,18.7,0,5.2,0,1.3,0,0.0,1013.2,5.9,0,10,0,170,0,17,15.005,2.2,3.1,8.7,8.7,0.8,1556
01-sep-2020,0,19.5,0,13.9,0,13.0,0,0.9,1009.7,6.1,0,11,0,190,0,17,16.853,2.2,2.9,9.8,9.8,2.1,1253
02-sep-2020,0,18.2,0,13.4,0,13.0,0,25.7,1005.1,10.0,0,15,0,210,0,24,16.267,0.8,1.1,0.0,-10.0,-10.0,237
03-sep-2020,0,17.1,0,11.5,0,12.4,0,1.0,1008.3,9.4,0,16,0,230,0,28,16.138,2.2,3.1,1.2,1.2,-8.3,1472
04-sep-2020,0,16.7,0,11.0,0,8.1,0,1.9,1015.2,7.5,0,14,0,300,0,23,15.405,2.0,2.8,1.3,1.3,-7.8,1327
05-sep-2020,0,16.0,0,9.1,0,6.0,0,1.1,1016.9,6.3,0,12,0,270,0,22,14.735,1.4,1.9,1.6,1.6,-7.1,828
06-sep-2020,0,19.2,0,11.9,0,8.8,0,0.1,1016.8,5.4,0,11,0,290,0,16,15.738,2.0,2.7,3.4,3.4,-4.8,1166
07-sep-2020,0,16.5,0,13.3,0,12.4,0,13.5,1015.8,10.3,0,16,0,220,0,26,15.983,1.0,1.4,0.0,-9.1,-10.0,539
08-sep-2020,0,17.2,0,14.5,0,14.9,0,11.4,1016.2,9.2,0,14,0,220,0,27,16.525,0.8,1.1,0.0,-10.0,-10.0,428
09-sep-2020,0,18.2,0,9.1,0,3.2,0,0.0,1020.3,5.3,0,12,0,310,0,18,16.215,1.7,2.3,1.7,1.7,-7.8,1202
10-sep-2020,0,14.7,0,10.8,0,10.4,0,0.8,1016.5,5.7,0,14,0,220,0,21,15.295,1.3,1.7,2.2,2.2,-6.9,638
11-sep-2020,0,15.4,0,10.9,0,11.2,0,2.4,1007.5,9.4,0,16,0,220,0,25,14.767,1.3,1.7,1.0,1.0,-7.7,620
12-sep-2020,0,16.9,0,10.9,0,7.1,0,0.9,1009.5,11.2,0,21,0,220,0,33,14.382,1.6,2.1,1.7,1.7,-6.6,729
13-sep-2020,0,19.5,0,14.5,0,13.7,0,0.1,1011.4,11.0,0,19,0,210,0,31,16.195,2.0,2.7,3.5,3.5,-4.4,994
14-sep-2020,0,18.0,0,13.8,0,12.6,0,1.8,1011.7,5.1,0,11,0,80,0,15,15.957,1.0,1.3,2.7,2.7,-5.0,386
15-sep-2020,0,22.4,0,11.5,0,8.4,0,10.8,1013.9,3.2,0,9,0,190,0,12,16.950,1.7,2.3,0.0,-6.4,-10.0,1167
16-sep-2020,0,23.5,0,14.4,0,14.6,0,0.1,1020.4,4.2,0,9,0,80,0,13,18.620,1.8,2.4,1.7,1.7,-7.8,1084
17-sep-2020,0,19.2,0,13.1,0,12.0,0,0.0,1022.2,6.0,0,12,0,90,0,15,17.305,1.2,1.7,3.0,3.0,-6.1,642
18-sep-2020,0,18.8,0,8.9,0,8.1,0,0.2,1019.5,7.4,0,13,0,40,0,20,16.505,2.0,2.8,4.7,4.7,-4.0,1423
19-sep-2020,0,16.5,0,7.4,0,4.2,0,0.1,1017.2,6.5,0,13,0,80,0,22,14.545,1.6,2.2,6.2,6.2,-2.3,1108
20-sep-2020,0,18.7,0,7.1,0,2.8,0,0.0,1016.4,4.8,0,10,0,90,0,16,14.485,1.9,2.6,7.9,7.9,-0.3,1453
21-sep-2020,0,15.4,0,8.2,0,4.4,0,0.0,1011.1,4.5,0,9,0,230,0,17,14.340,1.0,1.3,8.8,8.8,0.7,525
22-sep-2020,0,15.7,0,7.2,0,11.4,0,3.1,1001.8,8.4,0,16,0,210,0,25,14.097,0.9,1.2,6.5,6.5,-1.5,333
23-sep-2020,0,14.1,0,4.3,0,0.4,0,0.1,992.6,4.3,0,10,0,220,0,15,13.470,1.4,2.1,7.8,7.8,-0.1,1386
24-sep-2020,0,13.6,0,6.6,0,1.1,0,1.9,991.9,9.5,0,16,0,340,0,28,12.653,1.6,2.2,7.4,7.4,-0.4,1045
25-sep-2020,0,13.8,0,2.0,0,5.0,0,0.3,1008.7,8.9,0,18,0,320,0,26,12.378,1.6,2.3,8.5,8.5,0.9,1440
26-sep-2020,0,14.3,0,0.6,0,-3.1,0,0.0,1015.5,4.1,0,9,0,0,0,15,11.495,1.5,2.2,10.0,10.0,2.4,1482
27-sep-2020,0,14.9,0,-0.0,0,-3.4,0,0.0,1012.0,3.2,0,8,0,200,0,12,11.305,0.9,1.3,10.8,10.8,3.3,817
28-sep-2020,0,16.9,0,3.9,0,11.0,0,2.1,1008.6,5.6,0,13,0,280,0,18,13.833,1.2,1.8,9.8,9.8,2.4,1134
29-sep-2020,0,15.2,0,3.6,0,-0.2,0,2.9,1003.1,7.0,0,16,0,150,0,29,12.225,1.1,1.5,7.9,7.9,0.6,755
30-sep-2020,0,13.1,0,2.3,0,9.6,0,7.1,995.2,6.2,0,15,0,310,0,22,12.960,0.7,1.0,1.4,1.4,-5.8,573
01-oct-2020,0,11.6,0,2.4,0,-1.5,0,2.0,992.0,3.8,0,9,0,340,0,14,11.200,0.9,1.3,0.3,0.3,-6.6,792
02-oct-2020,0,13.9,0,1.9,0,-1.0,0,0.2,994.6,8.1,0,15,0,320,0,24,11.260,1.2,1.7,1.3,1.3,-5.2,977
03-oct-2020,0,14.6,0,4.5,0,1.5,0,0.0,993.5,5.5,0,10,0,310,0,15,11.480,1.3,1.8,2.6,2.6,-3.7,1037
04-oct-2020,0,11.8,0,4.8,0,1.0,0,3.3,988.9,14.9,0,22,0,300,0,35,10.548,0.5,0.9,0.0,-0.2,-6.3,228
05-oct-2020,0,13.6,0,10.9,0,9.3,0,1.8,992.4,8.8,0,16,0,300,0,23,12.180,1.1,1.5,0.0,-0.7,-6.6,591
06-oct-2020,0,13.8,0,8.8,0,9.6,0,4.0,996.6,9.0,0,17,0,290,0,23,12.295,1.0,1.5,0.0,-3.0,-9.3,673
07-oct-2020,0,12.7,0,5.3,0,1.2,0,14.4,1003.5,4.3,0,10,0,340,0,17,11.523,0.7,0.9,0.0,-10.0,-10.0,449
08-oct-2020,0,13.9,0,6.5,0,3.3,0,1.1,1007.1,8.0,0,15,0,220,0,22,11.760,1.3,1.8,0.2,0.2,-9.3,1082
09-oct-2020,0,12.8,0,5.7,0,4.7,0,2.2,1015.8,5.6,0,17,0,280,0,28,11.255,1.0,1.3,0.0,-1.1,-10.0,853
10-oct-2020,0,13.0,0,5.1,0,2.1,0,0.4,1023.4,6.9,0,13,0,300,0,19,10.708,0.8,1.2,0.4,0.4,-9.1,652
11-oct-2020,0,14.6,0,6.0,0,1.3,0,4.9,1022.2,2.7,0,6,0,300,0,8,11.552,0.9,1.3,0.0,-3.6,-10.0,914
12-oct-2020,0,13.6,0,7.9,0,7.2,0,2.3,1015.8,9.0,0,17,0,320,0,34,12.170,0.9,1.3,0.0,-1.4,-10.0,821
13-oct-2020,0,12.5,0,6.8,0,4.9,0,0.7,1015.3,7.4,0,12,0,320,0,19,11.030,0.9,1.2,0.2,0.2,-9.3,563
14-oct-2020,0,14.4,0,5.4,0,4.3,0,0.0,1021.6,6.1,0,11,0,60,0,18,10.560,0.9,1.3,1.1,1.1,-7.9,773
15-oct-2020,0,14.8,0,3.7,0,0.2,0,0.2,1023.1,5.4,0,9,0,110,0,14,10.530,0.9,1.3,1.8,1.8,-6.9,907
16-oct-2020,0,12.9,0,4.1,0,1.7,0,0.0,1020.5,6.5,0,12,0,120,0,19,10.188,1.0,1.4,2.7,2.7,-5.5,904
17-oct-2020,0,13.2,0,4.2,0,1.2,0,0.2,1018.3,7.2,0,15,0,70,0,22,9.915,0.9,1.2,3.4,3.4,-4.5,538
18-oct-2020,0,14.7,0,5.9,0,2.9,0,0.2,1013.7,5.6,0,10,0,170,0,20,10.448,0.8,1.0,4.0,4.0,-3.8,553
19-oct-2020,0,13.5,0,11.1,0,6.6,0,24.5,995.8,9.0,0,14,0,100,0,21,11.812,0.6,0.8,0.0,-10.0,-10.0,83
20-oct-2020,0,13.6,0,10.9,0,9.5,0,8.3,979.5,10.9,0,19,0,140,0,28,11.645,0.7,1.0,0.0,-7.6,-10.0,230
21-oct-2020,0,12.3,0,5.6,0,10.1,0,1.4,992.7,9.7,0,18,0,310,0,26,11.740,0.6,0.9,0.0,-0.8,-10.0,562
22-oct-2020,0,12.4,0,3.9,0,0.2,0,0.5,999.5,6.1,0,10,0,230,0,18,9.590,0.9,1.2,0.4,0.4,-9.1,747
23-oct-2020,0,12.0,0,5.2,0,1.4,0,4.0,992.5,8.3,0,18,0,170,0,31,9.665,0.8,1.1,0.0,-2.8,-10.0,745
24-oct-2020,0,11.8,0,6.9,0,6.2,0,9.2,981.5,11.5,0,20,0,220,0,36,9.640,0.8,1.1,0.0,-8.4,-10.0,556
25-oct-2020,0,11.4,0,6.4,0,4.5,0,7.4,980.9,11.0,0,18,0,200,0,33,8.748,0.8,1.1,0.0,-6.6,-10.0,603
26-oct-2020,0,13.1,0,6.9,0,4.3,0,0.7,989.8,7.1,0,15,0,280,0,23,9.552,0.8,1.1,0.1,0.1,-9.4,728
27-oct-2020,0,12.1,0,6.3,0,6.3,0,5.6,986.0,9.7,0,17,0,200,0,28,9.565,0.6,0.9,0.0,-4.8,-10.0,593
28-oct-2020,0,9.9,0,5.5,0,3.3,0,18.7,991.3,8.8,0,18,0,210,0,35,8.049,0.7,0.9,0.0,-10.0,-10.0,407
29-oct-2020,0,14.7,0,8.3,0,4.6,0,36.2,995.0,14.3,0,23,0,220,0,38,10.460,0.7,0.9,0.0,-10.0,-10.0,73
30-oct-2020,0,12.1,0,7.1,0,6.0,0,0.1,1001.4,6.1,0,15,0,100,0,22,10.382,0.6,0.8,0.5,0.5,-9.0,585
31-oct-2020,0,15.8,0,8.0,0,5.7,0,13.5,987.4,14.7,0,24,0,240,0,44,10.172,1.0,1.3,0.0,-10.0,-10.0,439
01-nov-2020,0,10.8,0,6.1,0,7.0,0,12.8,982.3,10.3,0,20,0,190,0,34,9.430,0.5,0.7,0.0,-10.0,-10.0,150
02-nov-2020,0,9.5,0,5.4,0,5.2,0,14.9,993.7,8.5,0,20,0,260,0,31,8.239,0.8,1.0,0.0,-10.0,-10.0,206
03-nov-2020,0,10.7,0,0.3,0,-0.7,0,1.1,1014.3,6.1,0,13,0,310,0,24,6.938,0.6,0.8,0.0,-0.5,-10.0,513
04-nov-2020,0,10.1,0,-1.6,0,-4.9,0,0.0,1030.3,1.9,0,5,0,280,0,6,5.745,0.3,0.5,0.3,0.3,-9.2,365
05-nov-2020,0,10.9,0,2.8,0,-0.3,0,0.0,1031.5,2.8,0,5,0,180,0,8,7.505,0.3,0.5,0.6,0.6,-8.4,377
06-nov-2020,0,10.8,0,4.4,0,5.6,0,0.0,1020.7,5.6,0,12,0,90,0,16,8.466,0.3,0.5,1.0,1.0,-7.6,662
07-nov-2020,0,11.0,0,6.5,0,1.3,0,6.0,1011.2,6.4,0,10,0,70,0,16,8.319,0.5,0.6,0.0,-4.6,-10.0,277
08-nov-2020,0,14.9,0,10.6,0,7.3,0,1.0,1007.1,6.9,0,10,0,110,0,16,10.305,0.6,0.8,0.0,-0.4,-9.9,277
09-nov-2020,0,15.5,0,9.5,0,10.0,0,0.1,1008.1,5.5,0,10,0,110,0,15,11.095,0.4,0.6,0.3,0.3,-9.1,399
10-nov-2020,0,12.5,0,9.0,0,4.9,0,3.3,1008.5,6.7,0,13,0,140,0,23,10.735,0.4,0.5,0.0,-2.6,-10.0,345
11-nov-2020,0,13.7,0,6.4,0,8.8,0,21.0,996.7,8.9,0,14,0,160,0,28,11.113,0.6,0.8,0.0,-10.0,-10.0,76
12-nov-2020,0,12.6,0,5.9,0,2.2,0,10.5,996.4,8.7,0,14,0,190,0,26,9.131,0.6,0.7,0.0,-9.9,-10.0,308
13-nov-2020,0,9.1,0,5.8,0,3.9,0,6.2,996.9,8.0,0,13,0,190,0,31,8.083,0.4,0.6,0.0,-5.8,-10.0,274
14-nov-2020,0,13.3,0,8.0,0,5.6,0,7.7,986.1,10.9,0,22,0,230,0,37,9.257,0.6,0.8,0.0,-7.1,-10.0,172
15-nov-2020,0,10.8,0,6.6,0,5.8,0,2.6,987.2,9.6,0,15,0,260,0,26,8.802,0.6,0.7,0.0,-2.0,-10.0,203
16-nov-2020,0,13.3,0,7.9,0,6.1,0,9.4,1000.8,11.4,0,21,0,220,0,32,9.057,0.8,1.0,0.0,-8.6,-10.0,97
17-nov-2020,0,14.9,0,12.6,0,8.1,0,0.9,1002.1,11.2,0,17,0,220,0,29,11.570,0.7,0.9,0.0,-0.2,-9.7,71
18-nov-2020,0,14.2,0,7.0,0,6.5,0,9.2,1005.5,13.6,0,24,0,220,0,40,10.198,0.8,0.9,0.0,-8.4,-10.0,314
19-nov-2020,0,8.6,0,3.0,0,-1.3,0,2.1,1022.3,6.6,0,17,0,290,0,27,7.508,0.3,0.4,0.0,-1.8,-10.0,317
20-nov-2020,0,12.4,0,7.9,0,2.7,0,6.5,1019.7,13.3,0,19,0,220,0,31,9.682,0.4,0.5,0.0,-6.1,-10.0,223
21-nov-2020,0,11.6,0,4.9,0,7.5,0,2.5,1016.2,8.6,0,19,0,210,0,30,9.830,0.2,0.3,0.0,-2.3,-10.0,387
22-nov-2020,0,10.1,0,0.4,0,-4.6,0,0.3,1020.4,3.6,0,9,0,240,0,16,6.254,0.2,0.4,0.0,-0.1,-9.6,367
23-nov-2020,0,11.3,0,2.4,0,-2.0,0,12.2,1012.9,9.9,0,17,0,190,0,26,6.895,0.4,0.5,0.0,-10.0,-10.0,64
24-nov-2020,0,12.0,0,3.1,0,7.5,0,16.4,1001.3,7.4,0,16,0,310,0,24,8.918,0.4,0.5,0.0,-10.0,-10.0,99
25-nov-2020,0,10.0,0,-0.1,0,-3.0,0,0.1,1009.4,3.3,0,8,0,280,0,11,5.671,0.1,0.2,0.0,-0.0,-9.5,375
26-nov-2020,0,8.1,0,-1.0,0,-3.7,0,0.1,1017.2,2.0,0,6,0,180,0,10,5.203,0.1,0.2,0.0,-0.0,-9.0,244
27-nov-2020,0,7.1,0,-0.0,0,2.7,0,0.0,1012.5,2.9,0,5,0,90,0,8,5.976,0.3,0.4,0.3,0.3,-8.3,151
28-nov-2020,0,8.5,0,0.4,0,-5.0,0,0.1,1012.8,5.6,0,9,0,60,0,13,5.006,0.4,0.5,0.5,0.5,-7.6,92
29-nov-2020,0,8.8,0,6.2,0,1.6,0,0.1,1020.3,2.8,0,5,0,220,0,9,7.205,0.2,0.3,0.7,0.7,-7.1,117
30-nov-2020,0,10.9,0,7.0,0,4.3,0,1.0,1022.4,6.1,0,12,0,230,0,19,8.346,0.3,0.4,0.0,0.0,-7.4,94
01-dec-2020,0,10.3,0,8.2,0,7.2,0,0.5,1023.2,4.8,0,9,0,260,0,19,8.863,0.2,0.3,0.0,-0.3,-7.3,191
02-dec-2020,0,9.4,0,5.1,0,2.2,0,1.8,1009.4,7.8,0,15,0,250,0,26,7.467,0.3,0.4,0.0,-1.5,-8.5,239
03-dec-2020,0,6.0,0,-1.4,0,2.7,0,5.0,989.1,4.9,0,12,0,260,0,23,5.377,0.2,0.2,0.0,-4.8,-10.0,258
04-dec-2020,0,7.2,0,-0.3,0,-4.8,0,2.2,985.4,14.5,0,22,0,340,0,44,3.814,0.4,0.5,0.0,-1.8,-10.0,272
05-dec-2020,0,7.5,0,1.4,0,1.0,0,5.4,994.6,11.1,0,21,0,320,0,30,5.620,0.4,0.5,0.0,-5.0,-10.0,174
06-dec-2020,0,7.4,0,1.0,0,-1.6,0,0.0,998.1,3.4,0,9,0,80,0,13,4.672,0.1,0.1,0.1,0.1,-9.4,284
07-dec-2020,0,2.1,0,-1.8,0,-0.9,0,0.0,997.3,3.9,0,9,0,70,0,12,3.839,0.1,0.2,0.2,0.2,-8.8,139
08-dec-2020,0,8.3,0,-1.8,0,-5.1,0,0.0,1002.3,5.5,0,11,0,300,0,18,3.448,0.2,0.2,0.4,0.4,-8.2,345
09-dec-2020,0,8.4,0,0.3,0,-4.8,0,17.7,995.3,5.9,0,12,0,150,0,20,4.412,0.3,0.4,0.0,-10.0,-10.0,54
10-dec-2020,0,10.7,0,1.9,0,-2.0,0,6.2,983.8,6.3,0,14,0,230,0,21,6.088,0.2,0.3,0.0,-6.0,-10.0,130
11-dec-2020,0,10.1,0,4.0,0,4.8,0,6.2,982.6,5.2,0,10,0,280,0,16,7.476,0.1,0.2,0.0,-6.1,-10.0,258
12-dec-2020,0,9.1,0,2.6,0,-1.4,0,2.8,994.6,5.2,0,15,0,140,0,22,5.109,0.2,0.3,0.0,-2.6,-10.0,276
13-dec-2020,0,11.9,0,6.0,0,-1.0,0,13.8,981.7,7.6,0,13,0,130,0,21,7.356,0.3,0.4,0.0,-10.0,-10.0,186
14-dec-2020,0,9.1,0,5.9,0,5.3,0,0.7,980.1,9.3,0,13,0,190,0,20,6.907,0.3,0.3,0.0,-0.4,-9.9,260
15-dec-2020,0,8.4,0,4.3,0,1.4,0,1.2,987.3,7.2,0,12,0,190,0,20,5.438,0.1,0.1,0.0,-1.1,-10.0,315
16-dec-2020,0,10.2,0,4.9,0,4.2,0,10.1,984.7,10.2,0,21,0,180,0,38,7.039,0.3,0.4,0.0,-9.8,-10.0,162
17-dec-2020,0,11.6,0,4.8,0,2.9,0,3.7,995.8,7.7,0,13,0,170,0,26,6.725,0.2,0.3,0.0,-3.5,-10.0,162
18-dec-2020,0,12.0,0,7.1,0,5.4,0,2.2,988.9,8.9,0,18,0,130,0,29,7.978,0.4,0.4,0.0,-1.8,-10.0,229
19-dec-2020,0,8.1,0,4.9,0,3.8,0,6.6,987.0,8.8,0,15,0,200,0,26,6.437,0.4,0.5,0.0,-6.2,-10.0,157
20-dec-2020,0,8.2,0,3.1,0,2.2,0,5.9,997.5,7.1,0,13,0,220,0,20,5.613,0.2,0.2,0.0,-5.7,-10.0,255
21-dec-2020,0,7.3,0,-1.2,0,0.0,0,10.0,998.2,5.2,0,12,0,350,0,18,5.494,0.2,0.3,0.0,-9.8,-10.0,93
22-dec-2020,0,4.7,0,-2.1,0,-6.4,0,7.3,1005.1,3.4,0,11,0,30,0,18,3.654,0.1,0.2,0.0,-7.2,-10.0,164
23-dec-2020,0,7.1,0,2.0,0,-2.0,0,0.8,1013.4,10.0,0,16,0,350,0,27,4.323,0.4,0.5,0.0,-0.4,-9.9,168
24-dec-2020,0,6.3,0,0.2,0,-1.6,0,0.0,1027.8,5.3,0,11,0,310,0,15,3.150,0.1,0.2,0.1,0.1,-9.2,286
25-dec-2020,0,8.9,0,0.6,0,-3.7,0,1.5,1025.9,6.6,0,14,0,230,0,23,4.098,0.2,0.2,0.0,-1.2,-10.0,139
26-dec-2020,0,8.9,0,5.3,0,3.1,0,19.9,997.2,16.3,0,28,0,220,0,45,6.336,0.6,0.9,0.0,-10.0,-10.0,70
27-dec-2020,0,5.4,0,1.2,0,-0.6,0,8.0,970.2,7.7,0,16,0,270,0,33,4.074,0.4,0.5,0.0,-7.6,-10.0,125
28-dec-2020,0,6.2,0,3.0,0,-0.7,0,7.1,976.6,15.0,0,24,0,320,0,37,3.884,0.5,0.6,0.0,-6.6,-10.0,205
29-dec-2020,0,6.0,0,0.7,0,1.5,0,3.9,993.8,12.0,0,24,0,310,0,35,3.758,0.5,0.6,0.0,-3.4,-10.0,206
30-dec-2020,0,4.1,0,-3.4,0,-2.7,0,0.0,1001.3,2.9,0,6,0,310,0,8,2.484,0.1,0.1,0.1,0.1,-9.4,221
31-dec-2020,0,5.7,0,-4.5,0,-9.4,0,1.1,1007.4,7.0,0,13,0,300,0,20,1.669,0.2,0.2,0.0,-0.9,-9.9,277
01-jan-2021,0,5.8,0,-3.2,0,-4.3,0,0.0,1014.4,5.7,0,11,0,320,0,15,1.707,0.0,0.0,0.0,0.0,-9.4,339
02-jan-2021,0,5.6,0,-3.8,0,-8.9,0,0.2,1018.8,4.5,0,8,0,320,0,12,1.326,0.1,0.2,0.0,-0.0,-9.0,198
03-jan-2021,0,4.9,0,-5.6,0,-10.6,0,0.0,1021.0,4.3,0,8,0,10,0,13,0.939,0.0,0.1,0.0,0.0,-8.5,373
04-jan-2021,0,3.7,0,-1.1,0,-8.3,0,0.0,1023.4,6.1,0,9,0,20,0,17,0.709,0.1,0.1,0.1,0.1,-8.0,361
05-jan-2021,0,4.5,0,-0.9,0,-2.3,0,0.0,1024.6,6.3,0,9,0,0,0,14,0.776,0.2,0.2,0.3,0.3,-7.4,376
06-jan-2021,0,3.6,0,-6.1,0,-10.4,0,0.0,1020.2,2.4,0,6,0,330,0,9,0.689,0.0,0.1,0.3,0.3,-7.0,375
07-jan-2021,0,5.7,0,-1.5,0,-9.8,0,2.8,1016.4,4.8,0,13,0,320,0,20,0.743,0.1,0.2,0.0,-2.4,-9.3,285
08-jan-2021,0,3.5,0,-1.9,0,-3.9,0,0.0,1019.8,5.1,0,9,0,330,0,12,0.776,0.0,0.1,0.0,0.0,-8.8,395
09-jan-2021,0,3.2,0,-4.3,0,-9.8,0,1.0,1022.2,4.0,0,7,0,190,0,12,0.732,0.0,0.0,0.0,-1.0,-9.4,396
10-jan-2021,0,7.4,0,1.4,0,-3.9,0,0.8,1019.1,5.8,0,12,0,240,0,21,2.237,0.2,0.2,0.0,-0.6,-9.6,197
11-jan-2021,0,9.6,0,6.5,0,3.3,0,14.5,1010.8,13.0,0,17,0,220,0,29,5.792,0.3,0.5,0.0,-10.0,-10.0,81
12-jan-2021,0,10.0,0,6.1,0,7.8,0,14.2,1009.3,6.3,0,11,0,250,0,21,7.299,0.4,0.5,0.0,-10.0,-10.0,70
13-jan-2021,0,10.9,0,8.7,0,5.8,0,16.0,1010.6,9.1,0,14,0,230,0,23,8.319,0.3,0.4,0.0,-10.0,-10.0,67
14-jan-2021,0,9.7,0,1.0,0,2.4,0,0.1,1017.1,4.8,0,11,0,290,0,17,6.993,0.0,0.1,0.0,-0.1,-9.6,355
15-jan-2021,0,10.1,0,-0.5,0,-5.2,0,10.4,1013.8,7.8,0,16,0,140,0,25,4.579,0.3,0.4,0.0,-10.0,-10.0,108
16-jan-2021,0,9.7,0,3.7,0,2.3,0,1.4,1011.9,8.4,0,15,0,250,0,26,6.229,0.2,0.3,0.0,-1.2,-10.0,293
17-jan-2021,0,7.9,0,1.6,0,-2.5,0,0.9,1020.3,4.7,0,10,0,230,0,18,4.137,0.3,0.4,0.0,-0.6,-10.0,221
18-jan-2021,0,8.6,0,3.9,0,-0.2,0,10.6,1008.8,4.4,0,9,0,200,0,12,5.367,0.3,0.4,0.0,-10.0,-10.0,130
19-jan-2021,0,10.7,0,5.7,0,4.6,0,38.6,989.7,9.4,0,17,0,220,0,27,8.021,0.3,0.4,0.0,-10.0,-10.0,82
20-jan-2021,0,5.9,0,0.6,0,2.6,0,0.9,978.2,4.7,0,9,0,300,0,13,6.130,0.1,0.1,0.0,-0.8,-10.0,361
21-jan-2021,0,7.1,0,-2.2,0,-3.6,0,0.1,980.0,4.5,0,10,0,300,0,15,3.658,0.2,0.3,0.1,0.1,-9.4,409
22-jan-2021,0,6.1,0,-2.7,0,-6.7,0,0.3,987.8,3.9,0,14,0,270,0,20,2.689,0.2,0.3,0.0,-0.0,-9.1,454
23-jan-2021,0,4.5,0,-5.3,0,-10.9,0,1.7,991.0,3.7,0,11,0,190,0,22,1.406,0.2,0.3,0.0,-1.5,-10.0,425
24-jan-2021,0,2.6,0,-6.0,0,-7.8,0,5.7,995.2,3.6,0,9,0,320,0,14,1.554,0.1,0.2,0.0,-5.6,-10.0,405
25-jan-2021,0,4.4,0,-6.4,0,-8.7,0,0.0,1004.8,3.8,0,7,0,200,0,10,1.188,0.1,0.2,0.1,0.1,-9.4,524
26-jan-2021,0,10.0,0,4.0,0,-4.5,0,7.5,1002.3,6.9,0,12,0,220,0,20,4.014,0.4,0.6,0.0,-6.9,-10.0,135
27-jan-2021,0,10.9,0,8.2,0,6.5,0,8.3,998.6,3.6,0,10,0,190,0,16,6.929,0.4,0.5,0.0,-7.9,-10.0,106
28-jan-2021,0,11.4,0,8.2,0,8.6,0,9.0,989.4,9.9,0,17,0,230,0,28,8.303,0.5,0.6,0.0,-8.5,-10.0,120
29-jan-2021,0,11.3,0,5.7,0,6.2,0,1.8,991.2,6.7,0,16,0,80,0,23,7.521,0.5,0.7,0.0,-1.3,-10.0,439
30-jan-2021,0,7.0,0,3.9,0,2.5,0,12.1,991.0,14.0,0,19,0,70,0,30,5.863,0.7,1.0,0.0,-10.0,-10.0,134
31-jan-2021,0,6.2,0,2.9,0,2.6,0,8.4,989.0,10.2,0,16,0,90,0,24,4.826,0.5,0.7,0.0,-7.9,-10.0,168
01-feb-2021,0,8.4,0,3.9,0,2.8,0,11.1,984.9,7.1,0,14,0,80,0,20,5.613,0.4,0.5,0.0,-10.0,-10.0,124
02-feb-2021,0,10.3,0,7.0,0,4.8,0,11.9,977.9,7.0,0,14,0,220,0,22,7.318,0.4,0.6,0.0,-10.0,-10.0,228
03-feb-2021,0,8.1,0,6.0,0,5.1,0,10.1,984.0,8.7,0,14,0,130,0,22,7.199,0.4,0.6,0.0,-9.7,-10.0,208
04-feb-2021,0,9.6,0,4.1,0,3.9,0,1.3,993.8,4.3,0,13,0,220,0,20,7.189,0.4,0.6,0.0,-0.9,-10.0,327
05-feb-2021,0,7.0,0,2.1,0,-1.0,0,0.5,1001.9,5.6,0,11,0,290,0,16,5.611,0.4,0.5,0.0,-0.1,-9.6,323
06-feb-2021,0,6.6,0,3.3,0,1.4,0,0.0,1005.6,5.8,0,10,0,60,0,14,5.671,0.5,0.6,0.5,0.5,-8.7,240
07-feb-2021,0,4.9,0,2.1,0,2.7,0,0.1,1004.2,11.7,0,17,0,70,0,28,4.586,0.9,1.1,1.2,1.2,-7.5,196
08-feb-2021,0,3.3,0,-0.3,0,0.8,0,0.0,1003.3,10.7,0,15,0,70,0,29,2.639,1.0,1.3,2.2,2.2,-6.1,286
09-feb-2021,0,3.3,0,-0.8,0,-2.0,0,0.0,1004.5,11.0,0,18,0,80,0,28,1.745,0.8,1.1,3.0,3.0,-5.0,609
10-feb-2021,0,3.5,0,-2.4,0,-3.6,0,0.0,1011.9,7.2,0,12,0,60,0,19,1.555,0.7,1.0,3.7,3.7,-4.0,601
11-feb-2021,0,1.9,0,-1.7,0,-5.6,0,4.7,1013.4,12.9,0,18,0,90,0,27,0.934,0.8,1.1,0.0,-0.2,-7.7,186
12-feb-2021,0,4.9,0,1.2,0,-0.0,0,1.5,1013.6,13.3,0,17,0,110,0,31,1.633,0.9,1.2,0.0,-0.6,-7.9,226
13-feb-2021,0,11.3,0,1.3,0,0.5,0,2.4,1007.0,14.9,0,21,0,110,0,33,3.478,1.0,1.3,0.0,-1.4,-9.0,129
14-feb-2021,0,13.4,0,7.7,0,3.3,0,1.0,996.0,13.4,0,22,0,180,0,34,7.412,0.9,1.3,0.0,-0.1,-8.6,431
15-feb-2021,0,12.9,0,7.8,0,4.9,0,10.3,996.4,9.5,0,16,0,140,0,26,7.376,1.0,1.2,0.0,-9.3,-10.0,569
16-feb-2021,0,10.7,0,7.0,0,6.1,0,1.1,991.5,11.6,0,18,0,190,0,30,7.571,1.0,1.4,0.0,-0.1,-9.6,777
17-feb-2021,0,9.1,0,1.6,0,2.3,0,18.7,988.0,10.3,0,20,0,190,0,34,6.201,0.6,0.9,0.0,-10.0,-10.0,508
18-feb-2021,0,9.1,0,1.6,0,1.1,0,6.5,987.7,9.5,0,18,0,130,0,29,5.574,0.8,1.1,0.0,-5.7,-10.0,635
19-feb-2021,0,12.6,0,6.6,0,2.2,0,11.0,981.7,10.1,0,20,0,140,0,34,7.378,0.9,1.1,0.0,-10.0,-10.0,298
20-feb-2021,0,12.9,0,5.6,0,2.5,0,2.9,978.5,10.5,0,20,0,140,0,35,6.805,1.0,1.3,0.0,-1.9,-10.0,366
21-feb-2021,0,11.2,0,3.4,0,2.7,0,1.0,994.2,7.6,0,14,0,190,0,23,6.448,1.0,1.4,0.0,0.0,-9.5,857
22-feb-2021,0,11.4,0,-0.3,0,-6.1,0,0.7,1000.7,9.1,0,22,0,140,0,36,5.314,0.9,1.3,0.2,0.2,-8.8,871
23-feb-2021,0,13.3,0,8.9,0,4.2,0,13.4,993.7,12.7,0,20,0,180,0,36,8.499,0.9,1.2,0.0,-10.0,-10.0,225
24-feb-2021,0,11.2,0,5.5,0,8.1,0,1.2,1005.7,9.6,0,17,0,190,0,25,8.378,0.8,1.1,0.0,-0.4,-9.9,450
25-feb-2021,0,9.7,0,3.0,0,-1.5,0,0.0,1019.8,6.4,0,14,0,230,0,21,6.480,0.9,1.3,0.9,0.9,-8.5,1067
26-feb-2021,0,11.9,0,2.1,0,-2.9,0,0.1,1029.5,5.7,0,12,0,190,0,19,6.174,0.9,1.3,1.7,1.7,-7.2,955
27-feb-2021,0,10.2,0,7.1,0,3.9,0,1.8,1033.6,3.5,0,7,0,200,0,12,7.922,0.7,0.9,0.6,0.6,-8.0,420
28-feb-2021,0,11.6,0,2.3,0,0.0,0,0.1,1031.3,3.7,0,9,0,120,0,13,8.312,0.9,1.3,1.4,1.4,-6.8,1202
01-mar-2021,0,11.5,0,1.0,0,-4.5,0,0.0,1025.4,6.1,0,10,0,90,0,15,6.516,1.0,1.4,2.3,2.3,-5.5,991
02-mar-2021,0,6.9,0,0.9,0,-4.6,0,0.0,1023.6,4.6,0,8,0,70,0,12,5.893,0.5,0.8,2.9,2.9,-4.7,423
03-mar-2021,0,5.0,0,2.3,0,-1.6,0,0.0,1023.6,4.8,0,8,0,60,0,11,5.277,0.5,0.7,3.4,3.4,-3.9,246
04-mar-2021,0,5.5,0,3.3,0,2.7,0,0.0,1023.7,4.3,0,10,0,70,0,15,5.846,0.8,1.1,4.1,4.1,-3.0,607
05-mar-2021,0,7.1,0,0.4,0,-3.1,0,0.0,1027.3,5.5,0,10,0,110,0,15,5.529,0.8,1.1,4.9,4.9,-2.0,683
06-mar-2021,0,8.9,0,1.7,0,0.2,0,0.0,1027.3,5.3,0,10,0,140,0,16,5.874,1.2,1.6,6.0,6.0,-0.8,1044
07-mar-2021,0,7.2,0,3.8,0,-2.1,0,0.0,1023.1,4.9,0,7,0,190,0,11,5.759,0.8,1.1,6.7,6.7,0.1,363
08-mar-2021,0,8.8,0,5.6,0,4.4,0,4.9,1017.4,5.6,0,9,0,220,0,15,6.878,0.7,0.9,2.4,2.4,-4.2,414
09-mar-2021,0,10.1,0,6.5,0,4.5,0,4.5,1005.1,10.3,0,20,0,190,0,32,7.688,0.5,0.8,0.0,-1.5,-7.9,218
10-mar-2021,0,12.6,0,6.5,0,6.0,0,11.4,982.6,14.3,0,27,0,220,0,48,7.959,0.9,1.3,0.0,-10.0,-10.0,284
11-mar-2021,0,9.2,0,4.1,0,2.7,0,7.0,981.2,12.5,0,22,0,210,0,36,6.990,0.9,1.5,0.0,-6.1,-10.0,863
12-mar-2021,0,8.8,0,2.5,0,-0.5,0,9.6,986.3,11.6,0,20,0,200,0,32,6.084,1.0,1.6,0.0,-8.6,-10.0,789
13-mar-2021,0,8.2,0,1.4,0,-0.2,0,3.9,993.4,10.4,0,20,0,290,0,32,5.512,1.0,1.5,0.0,-2.9,-10.0,760
14-mar-2021,0,10.9,0,4.4,0,0.3,0,0.7,1011.6,8.9,0,16,0,280,0,25,6.368,0.9,1.2,0.2,0.2,-9.3,337
15-mar-2021,0,11.4,0,7.3,0,4.1,0,0.1,1020.1,7.2,0,11,0,240,0,18,8.802,0.8,1.2,0.9,0.9,-8.1,614
16-mar-2021,0,14.7,0,4.2,0,8.7,0,0.4,1028.9,6.3,0,10,0,310,0,17,10.497,1.4,2.1,1.9,1.9,-6.7,1432
17-mar-2021,0,12.8,0,-0.6,0,-4.5,0,0.0,1033.5,4.6,0,9,0,340,0,13,8.036,1.1,1.6,3.0,3.0,-5.3,1054
18-mar-2021,0,11.9,0,7.1,0,7.1,0,0.2,1031.1,7.0,0,12,0,330,0,18,9.663,0.8,1.2,3.6,3.6,-4.4,544
19-mar-2021,0,13.1,0,2.8,0,6.7,0,0.2,1028.8,5.3,0,11,0,340,0,18,9.968,1.1,1.6,4.5,4.5,-3.2,855
20-mar-2021,0,11.0,0,2.9,0,-1.1,0,0.3,1029.8,3.2,0,9,0,340,0,16,8.799,0.7,1.0,4.9,4.9,-2.6,515
21-mar-2021,0,11.2,0,5.8,0,0.0,0,0.0,1026.9,4.3,0,9,0,230,0,13,9.188,0.9,1.3,5.8,5.8,-1.6,613
22-mar-2021,0,11.0,0,6.3,0,5.8,0,0.1,1019.5,5.8,0,10,0,190,0,15,8.728,1.0,1.3,6.6,6.6,-0.6,432
23-mar-2021,0,11.8,0,6.0,0,7.5,0,1.6,1011.3,9.5,0,18,0,210,0,32,8.465,1.2,1.7,6.2,6.2,-0.9,626
24-mar-2021,0,10.2,0,4.0,0,1.4,0,6.2,1010.1,8.5,0,18,0,200,0,28,7.419,1.0,1.5,0.9,0.9,-6.1,718
25-mar-2021,0,12.5,0,6.3,0,4.5,0,7.0,1002.2,10.7,0,19,0,220,0,31,8.564,1.4,2.1,0.0,-4.7,-10.0,876
26-mar-2021,0,7.9,0,1.7,0,-0.1,0,7.9,1000.5,10.7,0,21,0,270,0,38,6.478,1.3,2.0,0.0,-6.6,-10.0,1010
27-mar-2021,0,11.0,0,3.0,0,0.3,0,5.0,1005.7,11.6,0,21,0,210,0,32,6.182,1.1,1.7,0.0,-3.9,-10.0,704
28-mar-2021,0,12.6,0,8.9,0,7.6,0,26.4,1003.5,17.2,0,24,0,210,0,39,9.592,0.7,1.1,0.0,-10.0,-10.0,267
29-mar-2021,0,14.0,0,11.7,0,10.6,0,1.2,1011.4,14.0,0,22,0,210,0,36,11.012,1.2,1.7,0.0,0.0,-9.5,371
30-mar-2021,0,15.8,0,7.7,0,9.7,0,0.0,1017.4,7.9,0,12,0,190,0,18,11.648,1.9,2.8,1.9,1.9,-7.1,1521
31-mar-2021,0,11.2,0,7.4,0,6.7,0,3.5,1014.6,4.0,0,7,0,340,0,11,10.908,0.9,1.2,0.0,-0.7,-9.4,549
01-apr-2021,0,13.9,0,6.4,0,4.8,0,0.1,1020.2,10.6,0,16,0,80,0,24,10.413,1.7,2.5,1.6,1.6,-7.3,1154
02-apr-2021,0,14.3,0,4.1,0,2.1,0,0.0,1027.7,6.9,0,13,0,70,0,18,9.888,2.3,3.3,3.8,3.8,-4.7,1948
03-apr-2021,0,14.3,0,1.1,0,-2.5,0,0.0,1029.5,4.1,0,8,0,80,0,11,9.964,2.1,3.0,5.9,5.9,-2.3,1939
04-apr-2021,0,12.5,0,0.2,0,-4.2,0,0.0,1023.3,5.9,0,12,0,290,0,18,9.505,1.7,2.5,7.5,7.5,-0.5,1608
05-apr-2021,0,8.1,0,-1.2,0,3.1,0,0.4,1022.4,9.0,0,15,0,340,0,24,8.537,1.3,2.1,8.2,8.2,0.4,1380
06-apr-2021,0,9.2,0,-1.5,0,-5.8,0,1.0,1023.8,8.2,0,15,0,330,0,26,6.925,1.6,2.5,8.7,8.7,1.0,1610
07-apr-2021,0,11.3,0,-0.3,0,-3.9,0,0.4,1020.6,5.7,0,14,0,290,0,21,7.899,1.4,2.0,9.6,9.6,1.9,1196
08-apr-2021,0,10.5,0,5.5,0,2.3,0,1.8,1013.6,10.0,0,19,0,250,0,30,8.470,1.6,2.5,9.3,9.3,1.7,1275
09-apr-2021,0,9.8,0,-0.2,0,-1.4,0,0.1,1011.1,5.5,0,14,0,350,0,22,8.825,1.7,2.5,10.7,10.7,3.4,1655
10-apr-2021,0,8.8,0,-3.7,0,-8.3,0,0.2,1014.9,5.3,0,14,0,320,0,21,7.057,1.7,2.5,12.0,12.0,4.8,1693
11-apr-2021,0,10.6,0,-2.6,0,-5.1,0,0.1,1019.3,6.6,0,14,0,290,0,21,7.017,1.8,2.7,13.5,13.5,6.5,1679
12-apr-2021,0,10.1,0,3.4,0,3.1,0,4.7,1024.6,4.4,0,10,0,230,0,18,8.783,1.5,2.2,10.2,10.2,3.3,1339
13-apr-2021,0,14.8,0,-0.5,0,-4.9,0,0.0,1027.3,2.4,0,5,0,0,0,8,10.060,2.4,3.4,12.3,12.3,5.7,2272
14-apr-2021,0,15.1,0,1.3,0,-4.1,0,0.0,1027.4,4.2,0,9,0,110,0,14,10.627,2.4,3.4,14.4,14.4,8.1,2037
15-apr-2021,0,14.9,0,1.3,0,-3.3,0,0.0,1026.0,5.6,0,10,0,180,0,15,10.870,2.6,3.7,16.7,16.7,10.7,2205
16-apr-2021,0,11.2,0,3.3,0,-1.1,0,0.0,1023.6,7.1,0,13,0,190,0,21,9.695,1.7,2.5,18.2,18.2,12.4,1187
17-apr-2021,0,12.9,0,7.1,0,5.8,0,1.2,1020.6,8.2,0,13,0,190,0,21,10.458,2.3,3.2,18.9,18.9,13.4,1429
18-apr-2021,0,11.4,0,7.0,0,6.6,0,3.3,1016.9,5.1,0,7,0,180,0,13,9.993,1.0,1.3,16.4,16.4,11.1,422
19-apr-2021,0,10.9,0,7.7,0,7.3,0,5.8,1013.7,5.5,0,10,0,140,0,17,10.307,1.3,1.8,11.7,11.7,6.5,772
20-apr-2021,0,12.7,0,7.1,0,6.0,0,0.1,1014.3,4.5,0,10,0,10,0,15,11.003,1.4,1.9,12.8,12.8,7.9,911
21-apr-2021,0,16.9,0,5.4,0,5.3,0,0.0,1016.4,6.5,0,10,0,100,0,20,11.967,2.9,4.1,15.4,15.4,10.8,2186
22-apr-2021,0,16.5,0,4.4,0,0.7,0,0.0,1019.0,6.6,0,12,0,100,0,20,12.255,3.0,4.4,18.0,18.0,13.8,2385
23-apr-2021,0,17.1,0,3.7,0,1.9,0,0.0,1018.7,8.0,0,13,0,90,0,20,11.625,3.1,4.3,20.6,20.6,16.8,1941
24-apr-2021,0,18.5,0,5.4,0,2.3,0,0.0,1020.8,7.3,0,13,0,100,0,19,12.900,3.8,5.3,23.7,23.7,20.4,2480
25-apr-2021,0,17.4,0,3.9,0,-0.5,0,0.0,1022.9,8.1,0,15,0,60,0,22,13.038,3.3,4.8,26.3,26.3,23.3,2505
26-apr-2021,0,17.1,0,0.2,0,-2.5,0,0.0,1017.5,5.4,0,12,0,320,0,18,13.458,3.0,4.3,28.6,28.6,25.9,2492
27-apr-2021,0,13.0,0,7.3,0,6.6,0,4.0,1009.5,8.0,0,16,0,0,0,25,12.595,2.1,3.0,26.1,26.1,23.7,1414
28-apr-2021,0,12.6,0,4.1,0,2.8,0,0.0,1009.3,7.2,0,11,0,30,0,19,11.480,2.5,3.5,28.0,28.0,25.8,1827
29-apr-2021,0,12.2,0,0.0,0,-2.4,0,0.7,1010.5,4.3,0,11,0,0,0,17,10.765,2.0,2.9,28.8,28.8,26.8,1661
30-apr-2021,0,12.5,0,2.8,0,-0.1,0,0.0,1012.4,4.1,0,10,0,50,0,16,11.212,2.3,3.2,30.5,30.5,28.7,1803
01-may-2021,0,12.9,0,-0.1,0,-3.0,0,0.0,1014.0,3.6,0,9,0,220,0,14,12.155,2.3,3.2,32.2,32.2,30.6,1968
02-may-2021,0,12.3,0,-1.1,0,-4.4,0,0.0,1013.7,4.3,0,10,0,260,0,16,11.837,2.3,3.2,33.8,33.8,32.4,2031
03-may-2021,0,11.4,0,6.4,0,5.5,0,13.3,997.4,14.6,0,25,0,300,0,42,10.903,1.5,2.7,21.6,21.6,20.3,1282
04-may-2021,0,10.6,0,3.8,0,2.5,0,2.2,1002.6,13.2,0,21,0,290,0,35,9.855,2.5,4.2,21.3,21.3,20.3,2209
05-may-2021,0,11.0,0,0.5,0,-1.5,0,1.8,1006.9,5.9,0,16,0,310,0,22,9.912,2.3,3.4,21.4,21.4,20.5,2033
06-may-2021,0,12.1,0,-2.6,0,-5.6,0,0.0,1007.8,5.9,0,14,0,330,0,23,9.653,2.6,3.8,23.5,23.5,22.8,2267
07-may-2021,0,13.3,0,-2.9,0,-5.8,0,3.1,1004.1,6.5,0,16,0,100,0,26,10.493,2.7,4.0,22.4,22.4,22.1,2392
08-may-2021,0,16.3,0,5.0,0,4.7,0,12.9,988.7,10.3,0,20,0,90,0,31,11.410,2.3,3.5,11.4,11.4,11.2,1584
09-may-2021,0,15.4,0,9.4,0,7.5,0,8.0,978.6,10.8,0,19,0,190,0,33,12.435,2.6,4.0,5.7,5.7,5.8,1851
10-may-2021,0,13.5,0,7.4,0,7.3,0,3.2,985.1,9.0,0,18,0,210,0,28,12.512,2.1,3.1,4.5,4.5,4.7,1474
11-may-2021,0,15.6,0,5.7,0,1.1,0,0.0,994.7,7.1,0,13,0,160,0,23,11.738,3.2,4.5,7.6,7.6,7.8,2173
12-may-2021,0,16.1,0,3.8,0,2.9,0,0.6,1001.3,5.5,0,9,0,100,0,13,12.450,2.7,3.8,9.5,9.5,10.0,1943
13-may-2021,0,14.1,0,2.6,0,-0.0,0,2.1,1005.7,3.4,0,10,0,300,0,16,12.363,2.0,2.7,9.2,9.2,9.9,1475
14-may-2021,0,15.6,0,3.7,0,0.6,0,2.4,1000.8,4.5,0,13,0,170,0,19,12.762,2.3,3.2,9.0,9.0,9.8,1636
15-may-2021,0,13.9,0,7.1,0,6.9,0,5.7,991.9,5.9,0,11,0,90,0,18,12.945,2.1,3.0,5.2,5.2,6.2,1527
16-may-2021,0,15.4,0,7.3,0,6.2,0,0.2,994.1,5.9,0,13,0,10,0,21,13.318,2.3,3.2,7.2,7.2,8.3,1487
17-may-2021,0,13.9,0,2.6,0,0.7,0,0.4,1002.4,5.7,0,13,0,220,0,20,13.163,2.6,3.8,9.3,9.3,10.6,2259
18-may-2021,0,14.5,0,5.4,0,1.0,0,0.4,1008.4,5.3,0,13,0,220,0,19,14.017,3.3,4.7,11.9,11.9,13.4,2789
19-may-2021,0,15.1,0,2.5,0,-1.3,0,0.1,1011.3,4.9,0,11,0,240,0,17,14.528,3.2,4.7,14.7,14.7,16.4,2810
20-may-2021,0,13.5,0,8.1,0,7.5,0,17.0,992.4,11.9,0,19,0,100,0,32,13.212,1.2,1.9,0.0,-1.3,0.6,740
21-may-2021,0,10.8,0,5.4,0,8.1,0,3.1,992.2,12.1,0,17,0,320,0,25,11.427,1.0,1.5,0.0,-2.1,-1.5,481
22-may-2021,0,11.8,0,2.1,0,0.8,0,0.6,1001.4,7.2,0,13,0,250,0,22,11.122,2.4,3.7,1.8,1.8,0.4,2150
23-may-2021,0,12.9,0,6.4,0,6.0,0,6.8,994.1,7.6,0,14,0,190,0,25,12.200,2.8,4.2,0.0,-2.2,-3.6,2282
24-may-2021,0,13.7,0,6.0,0,5.6,0,1.2,1001.2,9.3,0,18,0,310,0,27,12.420,2.4,3.8,1.2,1.2,-2.2,1962
25-may-2021,0,15.7,0,4.5,0,4.5,0,0.2,1012.3,6.1,0,13,0,320,0,19,12.677,2.4,3.4,3.4,3.4,0.1,1663
26-may-2021,0,18.0,0,1.9,0,-0.7,0,0.0,1012.7,2.6,0,5,0,330,0,8,13.743,3.1,4.2,6.5,6.5,3.2,2353
27-may-2021,0,12.9,0,4.1,0,-0.1,0,10.3,1013.1,5.3,0,10,0,150,0,18,12.570,1.1,1.6,0.0,-2.8,-6.0,695
28-may-2021,0,16.4,0,8.1,0,6.1,0,0.1,1016.2,3.3,0,6,0,330,0,10,14.410,2.4,3.2,2.3,2.3,-3.4,1604
29-may-2021,0,20.0,0,7.8,0,5.7,0,0.0,1020.6,2.7,0,6,0,100,0,11,16.608,3.8,5.0,6.0,6.0,0.6,2646
30-may-2021,0,21.8,0,6.8,0,2.5,0,0.0,1020.1,3.7,0,10,0,190,0,20,17.083,3.5,4.7,9.3,9.3,4.1,2288
31-may-2021,0,20.9,0,7.9,0,4.3,0,0.0,1012.1,6.7,0,15,0,150,0,24,16.790,3.6,4.9,12.6,12.6,7.7,2099
01-jun-2021,0,16.5,0,9.5,0,10.4,0,2.5,1009.1,6.1,0,13,0,330,0,19,15.760,2.0,2.8,11.9,11.9,7.2,1195
02-jun-2021,0,16.0,0,9.2,0,8.5,0,2.4,1006.9,4.7,0,12,0,310,0,15,14.645,1.2,1.6,10.6,10.6,6.0,625
03-jun-2021,0,18.7,0,10.2,0,10.8,0,0.6,1009.3,7.3,0,17,0,170,0,31,15.892,2.8,3.9,12.5,12.5,8.2,1687
04-jun-2021,0,17.8,0,10.3,0,9.4,0,0.8,1014.4,7.1,0,12,0,200,0,21,15.372,2.8,3.9,14.2,14.2,10.2,1665
05-jun-2021,0,15.9,0,9.4,0,10.9,0,0.3,1018.2,5.4,0,11,0,270,0,16,16.267,2.8,4.0,16.3,16.3,12.7,1996
06-jun-2021,0,17.2,0,4.3,0,0.6,0,0.0,1019.8,3.2,0,7,0,230,0,13,17.100,3.6,4.9,19.4,19.4,16.2,2806
07-jun-2021,0,18.3,0,8.6,0,7.2,0,0.7,1015.6,6.3,0,13,0,190,0,20,17.478,3.1,4.3,21.2,21.2,18.4,2058
08-jun-2021,0,20.2,0,12.9,0,12.4,0,0.5,1012.3,6.8,0,13,0,170,0,20,16.790,2.2,2.9,22.5,22.5,19.9,1060
09-jun-2021,0,17.5,0,14.8,0,14.2,0,1.0,1010.3,7.2,0,12,0,220,0,20,16.945,1.8,2.5,22.9,22.9,20.5,949
10-jun-2021,0,19.2,0,14.0,0,14.2,0,0.8,1009.0,10.8,0,21,0,220,0,30,17.185,2.4,3.5,24.1,24.1,21.9,1351
11-jun-2021,0,16.2,0,11.5,0,12.2,0,0.1,1013.0,8.1,0,14,0,200,0,22,16.970,2.5,3.7,25.9,25.9,24.0,1703
12-jun-2021,0,17.9,0,11.3,0,11.0,0,0.0,1020.0,5.8,0,11,0,220,0,19,17.028,2.5,3.3,27.8,27.8,26.2,1433
13-jun-2021,0,18.7,0,11.9,0,10.4,0,0.1,1019.4,6.2,0,12,0,250,0,19,18.010,2.7,3.8,29.8,29.8,28.3,1777
14-jun-2021,0,14.9,0,7.5,0,7.4,0,0.4,1018.4,5.9,0,10,0,270,0,19,16.890,2.1,3.1,30.9,30.9,29.7,1555
15-jun-2021,0,18.8,0,6.0,0,1.6,0,5.3,1012.4,6.2,0,13,0,200,0,21,15.408,1.5,2.0,26.6,26.6,25.5,723
16-jun-2021,0,16.5,0,9.4,0,9.5,0,1.0,1005.3,7.0,0,11,0,230,0,18,16.200,3.0,4.3,27.9,27.9,27.1,2155
17-jun-2021,0,17.1,0,5.2,0,1.7,0,0.0,1011.5,6.9,0,16,0,300,0,22,16.235,3.1,4.5,30.2,30.2,29.6,2232
18-jun-2021,0,16.1,0,2.1,0,-1.6,0,0.0,1014.4,3.4,0,7,0,310,0,11,15.888,2.8,3.8,32.2,32.2,31.9,2050
19-jun-2021,0,17.8,0,7.7,0,6.6,0,0.0,1007.2,5.1,0,12,0,140,0,20,16.810,3.1,4.2,34.4,34.4,34.3,1929
20-jun-2021,0,20.9,0,9.1,0,5.1,0,0.0,1007.4,6.3,0,12,0,350,0,24,16.525,2.6,3.3,36.2,36.2,36.2,1087
21-jun-2021,0,16.8,0,7.1,0,8.7,0,1.0,1015.7,9.1,0,14,0,0,0,24,16.940,3.5,5.3,37.5,37.5,37.8,2618
22-jun-2021,0,14.4,0,3.7,0,-0.0,0,4.6,1020.8,4.3,0,8,0,250,0,14,15.370,1.8,2.5,34.2,34.2,34.5,1299
23-jun-2021,0,18.4,0,10.9,0,10.1,0,0.8,1020.4,5.7,0,11,0,230,0,17,16.780,2.8,3.8,35.3,35.3,35.8,1835
24-jun-2021,0,15.3,0,8.9,0,5.4,0,6.8,1018.8,6.5,0,12,0,230,0,21,15.637,1.3,1.8,29.3,29.3,30.0,762
25-jun-2021,0,15.4,0,6.6,0,8.8,0,0.1,1018.2,8.0,0,12,0,340,0,21,14.948,2.2,3.2,30.9,30.9,31.7,1327
26-jun-2021,0,17.4,0,5.2,0,3.3,0,0.0,1017.5,7.1,0,11,0,60,0,19,14.988,2.9,4.2,33.0,33.0,34.0,2033
27-jun-2021,0,21.1,0,7.3,0,6.0,0,0.0,1016.0,6.9,0,13,0,330,0,18,16.845,3.8,5.4,35.7,35.7,36.9,2560
28-jun-2021,0,19.7,0,10.0,0,9.6,0,0.0,1014.6,6.6,0,12,0,310,0,17,17.862,3.6,5.0,38.1,38.1,39.5,2352
29-jun-2021,0,19.7,0,7.4,0,3.7,0,0.0,1015.3,6.7,0,10,0,320,0,17,18.030,3.2,4.5,40.1,40.1,41.7,2189
30-jun-2021,0,20.7,0,7.1,0,2.8,0,0.0,1014.4,3.3,0,7,0,290,0,11,18.882,3.7,5.0,42.5,42.5,44.2,2580
01-jul-2021,0,16.4,0,6.5,0,2.6,0,0.0,1013.7,4.2,0,10,0,250,0,16,17.835,2.1,2.8,43.7,43.7,45.6,1339
02-jul-2021,0,18.3,0,11.0,0,8.7,0,2.3,1009.1,3.6,0,7,0,180,0,12,17.615,2.1,2.7,42.7,42.7,44.6,1099
03-jul-2021,0,18.5,0,13.2,0,12.9,0,9.8,1001.9,5.9,0,11,0,110,0,18,17.358,2.1,2.9,34.2,34.2,36.2,1299
04-jul-2021,0,16.9,0,11.5,0,14.1,0,7.4,997.9,4.7,0,10,0,250,0,18,17.535,1.7,2.3,27.9,27.9,30.0,986
05-jul-2021,0,18.4,0,9.9,0,9.4,0,1.7,995.8,5.0,0,9,0,250,0,13,17.145,3.0,4.1,28.5,28.5,30.8,2037
06-jul-2021,0,16.9,0,11.5,0,8.9,0,7.5,995.0,6.3,0,11,0,290,0,16,16.413,1.4,1.8,22.0,22.0,24.3,597
07-jul-2021,0,19.1,0,11.8,0,11.0,0,1.0,1006.3,7.7,0,14,0,300,0,20,16.827,2.5,3.5,23.0,23.0,25.5,1500
08-jul-2021,0,16.7,0,12.1,0,12.1,0,1.0,1014.9,3.6,0,7,0,270,0,13,17.403,2.3,3.0,23.8,23.8,26.4,1348
09-jul-2021,0,17.9,0,12.6,0,12.5,0,0.6,1013.6,4.1,0,7,0,110,0,13,17.360,1.9,2.5,24.6,24.6,27.3,981
10-jul-2021,0,21.2,0,14.0,0,14.0,0,1.9,1009.0,4.0,0,8,0,160,0,14,18.365,2.8,3.6,24.9,24.9,27.7,1565
11-jul-2021,0,21.2,0,13.5,0,12.9,0,5.7,1005.1,4.5,0,9,0,330,0,15,18.815,2.7,3.6,21.3,21.3,24.3,1481
12-jul-2021,0,22.5,0,13.1,0,13.2,0,0.5,1009.8,5.1,0,12,0,310,0,17,19.468,3.2,4.2,23.4,23.4,26.5,1805
13-jul-2021,0,19.9,0,11.6,0,8.6,0,0.1,1014.6,3.7,0,9,0,220,0,15,19.225,2.9,3.8,25.5,25.5,28.8,1767
14-jul-2021,0,17.6,0,12.1,0,10.7,0,0.1,1018.3,5.8,0,10,0,240,0,16,18.705,2.2,3.0,27.1,27.1,30.4,1404
15-jul-2021,0,21.7,0,14.0,0,14.1,0,0.0,1022.2,4.1,0,8,0,270,0,15,19.230,2.7,3.6,29.1,29.1,32.6,1544
16-jul-2021,0,25.4,0,13.4,0,13.1,0,0.1,1024.9,3.2,0,7,0,220,0,10,21.118,4.2,5.5,32.2,32.2,35.8,2583
17-jul-2021,0,29.5,0,12.2,0,9.5,0,0.0,1024.4,3.1,0,8,0,320,0,13,22.538,4.7,6.1,35.5,35.5,39.3,2702
18-jul-2021,0,28.9,0,13.4,0,11.7,0,0.0,1020.5,4.7,0,10,0,330,0,15,23.317,4.5,5.9,38.5,38.5,42.5,2495
19-jul-2021,0,28.6,0,12.5,0,10.3,0,0.0,1016.2,3.0,0,5,0,330,0,12,23.663,4.3,5.5,41.3,41.3,45.4,2449
20-jul-2021,0,28.6,0,15.4, , ,0,0.0, , ,0,8,1, ,0,13, , , , , , , 
21-jul-2021,0,29.2,0,14.2,0,10.8,0,0.0,1017.1,3.2,0,6,0,80,0,11,24.700,4.3,5.6,4.3,4.3,4.3,2411
22-jul-2021,0,29.4,0,17.0,0,13.9,0,0.0,1015.6,5.3,0,10,0,100,0,15,24.740,4.7,6.0,8.8,8.8,9.0,2331
23-jul-2021,0,28.6,0,16.0,0,11.6,0,1.8,1011.0,5.6,0,13,0,190,0,27,23.805,3.8,4.8,10.5,10.5,11.0,1799
24-jul-2021,0,26.0,0,14.6,0,10.1,0,0.0,1006.5,4.5,0,9,0,90,0,16,23.150,4.5,6.0,14.6,14.6,15.5,2657
25-jul-2021,0,26.3,0,11.2,0,7.2,0,0.0,1006.8,4.5,0,9,0,220,0,16,23.147,3.9,5.2,18.0,18.0,19.2,2334
26-jul-2021,0,18.9,0,13.8,0,11.5,0,7.8,1006.5,3.1,0,8,0,290,0,12,20.835,1.4,1.7,11.4,11.4,12.7,606
27-jul-2021,0,20.2,0,12.1,0,13.2,0,5.0,1004.1,6.1,0,12,0,310,0,17,19.420,2.5,3.4,8.6,8.6,10.1,1400
28-jul-2021,0,19.2,0,11.7,0,8.7,0,4.0,1001.7,8.3,0,19,0,290,0,27,18.300,3.3,4.7,7.7,7.7,9.4,2064
29-jul-2021,0,17.8,0,11.0,0,8.4,0,0.0,1003.3,4.9,0,9,0,250,0,16,17.795,2.5,3.3,10.0,10.0,11.9,1514
30-jul-2021,0,19.3,0,12.4,0,11.9,0,0.2,1003.6,8.3,0,14,0,300,0,20,17.715,2.2,3.0,11.8,11.8,13.9,1125
31-jul-2021,0,19.8,0,12.9,0,13.2,0,0.0,1006.6,5.5,0,10,0,320,0,16,18.183,2.3,3.0,13.9,13.9,16.1,1115
01-aug-2021,0,18.5,0,7.7,0,11.6,0,0.1,1010.5,6.2,0,12,0,340,0,18,17.692,2.4,3.2,15.9,15.9,18.2,1392
02-aug-2021,0,17.5,0,7.4,0,4.6,0,6.3,1011.0,3.0,0,8,0,190,0,12,16.535,1.7,2.2,11.0,11.0,13.5,992
03-aug-2021,0,20.8,0,9.1,0,6.8,0,0.0,1007.7,3.1,0,7,0,270,0,11,17.728,3.0,3.9,13.6,13.6,16.3,1966
04-aug-2021,0,19.8,0,13.3,0,12.1,0,4.5,1002.3,4.2,0,9,0,200,0,14,18.575,2.1,2.8,11.0,11.0,13.8,1246
05-aug-2021,0,19.6,0,13.7,0,13.4,0,15.4,991.4,6.7,0,12,0,110,0,20,18.415,2.5,3.5,0.0,-2.2,0.8,1602
06-aug-2021,0,16.2,0,13.7,0,13.2,0,8.0,987.6,8.5,0,14,0,250,0,25,17.565,1.4,2.1,0.0,-6.6,-5.8,886
07-aug-2021,0,16.4,0,13.5,0,13.4,0,3.4,991.8,9.8,0,16,0,270,0,25,16.612,1.3,1.8,0.0,-2.1,-7.6,620
08-aug-2021,0,17.7,0,12.0,0,12.4,0,0.2,998.5,8.0,0,13,0,220,0,21,16.747,2.5,3.5,2.3,2.3,-5.0,1590
09-aug-2021,0,20.3,0,12.1,0,9.4,0,6.1,1004.7,6.8,0,12,0,300,0,18,16.712,2.1,2.8,0.0,-1.8,-8.8,1105
10-aug-2021,0,18.5,0,11.0,0,8.2,0,0.0,1008.3,3.7,0,8,0,200,0,12,17.028,1.7,2.3,1.7,1.7,-6.6,990
11-aug-2021,0,18.4,0,10.7,0,14.5,0,2.1,1006.2,6.8,0,13,0,190,0,20,18.235,3.0,4.4,2.6,2.6,-5.3,2388
12-aug-2021,0,17.5,0,10.6,0,7.9,0,5.1,1005.0,10.9,0,18,0,220,0,30,16.448,2.5,3.8,0.0,-0.0,-7.6,1714
13-aug-2021,0,17.2,0,12.3,0,11.4,0,3.7,1010.3,9.8,0,15,0,230,0,29,16.100,2.1,3.1,0.0,-1.6,-8.8,1337
14-aug-2021,0,15.3,0,12.7,0,12.3,0,7.4,1009.9,5.4,0,12,0,70,0,16,15.997,1.0,1.3,0.0,-6.4,-10.0,522
15-aug-2021,0,18.4,0,13.3,0,13.1,0,0.0,1009.9,7.7,0,15,0,330,0,24,16.917,2.2,3.0,2.2,2.2,-7.3,1280
16-aug-2021,0,18.0,0,12.8,0,12.1,0,0.0,1017.3,7.1,0,13,0,290,0,20,16.570,2.2,2.9,4.4,4.4,-4.7,1100
17-aug-2021,0,18.0,0,12.2,0,10.4,0,0.0,1018.9,5.9,0,10,0,300,0,15,16.150,1.5,2.0,5.8,5.8,-3.0,638
18-aug-2021,0,16.8,0,11.4,0,11.1,0,2.0,1013.6,4.3,0,10,0,240,0,15,16.587,2.1,2.8,5.8,5.8,-2.7,1369
19-aug-2021,0,19.7,0,11.9,0,9.5,0,3.6,1007.2,4.1,0,9,0,240,0,14,17.487,2.0,2.7,4.1,4.1,-4.1,1357
20-aug-2021,0,20.1,0,11.5,0,11.1,0,16.2,1004.1,5.2,0,11,0,150,0,18,17.737,1.1,1.5,0.0,-10.0,-10.0,510
21-aug-2021,0,18.5,0,11.8,0,10.2,0,0.3,1008.0,5.5,0,11,0,220,0,19,17.148,2.0,2.7,1.7,1.7,-7.8,1336
22-aug-2021,0,20.1,0,12.8,0,10.3,0,0.3,1017.1,2.9,0,6,0,230,0,9,18.380,2.2,2.9,3.6,3.6,-5.5,1465
23-aug-2021,0,23.4,0,14.5,0,16.4,0,0.0,1024.2,2.6,0,6,0,100,0,9,19.938,2.5,3.2,6.0,6.0,-2.8,1459
24-aug-2021,0,24.1,0,11.8,0,10.6,0,0.0,1025.5,5.3,0,9,0,70,0,15,19.615,3.2,4.3,9.0,9.0,0.6,2082
25-aug-2021,0,24.0,0,10.9,0,10.1,0,0.0,1023.0,4.6,0,9,0,80,0,16,19.752,3.1,4.1,11.8,11.8,3.7,2026
26-aug-2021,0,26.3,0,11.6,0,10.6,0,0.0,1019.4,2.8,0,5,0,330,0,9,20.688,3.1,4.1,14.6,14.6,6.7,1996
27-aug-2021,0,23.5,0,12.9,0,11.7,0,0.0,1020.2,4.2,0,8,0,70,0,11,20.560,2.7,3.6,16.9,16.9,9.5,1705
28-aug-2021,0,21.4,0,10.1,0,8.8,0,0.0,1022.9,4.1,0,7,0,60,0,11,19.743,2.7,3.7,19.2,19.2,12.2,1957
29-aug-2021,0,17.6,0,12.3,0,10.8,0,0.1,1023.6,4.2,0,7,0,70,0,11,18.625,1.2,1.6,20.1,20.1,13.2,589
30-aug-2021,0,17.2,0,12.3,0,14.1,0,0.0,1025.1,5.4,0,11,0,60,0,16,17.790,1.5,1.9,21.3,21.3,14.7,692
31-aug-2021,0,17.8,0,12.3,0,10.1,0,0.0,1028.4,6.0,0,11,0,80,0,17,17.425,2.2,2.9,23.1,23.1,16.7,1171
01-sep-2021,0,17.6,0,11.4,0,11.1,0,0.1,1028.7,4.5,0,9,0,80,0,14,16.827,1.5,2.0,24.2,24.2,18.1,675
02-sep-2021,0,16.2,0,10.9,0,9.1,0,0.0,1025.4,4.5,0,11,0,80,0,16,16.325,1.3,1.8,25.2,25.2,19.3,654
03-sep-2021,0,18.4,0,12.5,0,12.3,0,0.0,1018.6,3.6,0,6,0,70,0,10,16.638,1.5,1.9,26.4,26.4,20.7,645
04-sep-2021,0,19.2,0,12.1,0,11.6,0,0.0,1012.6,5.0,0,8,0,120,0,13,17.472,1.8,2.4,27.7,27.7,22.3,1095
05-sep-2021,0,19.2,0,14.2,0,13.0,0,0.0,1013.1,4.5,0,9,0,150,0,14,17.557,1.3,1.7,28.7,28.7,23.4,610
06-sep-2021,0,22.5,0,14.5,0,12.8,0,0.0,1016.6,3.6,0,8,0,190,0,11,18.632,1.9,2.6,30.2,30.2,25.1,1165
07-sep-2021,0,26.9,0,12.8,0,9.5,0,0.1,1012.9,4.0,0,8,0,100,0,13,19.740,2.7,3.5,32.0,32.0,27.3,1645
08-sep-2021,0,22.0,0,16.1,0,13.2,0,8.1,1005.3,4.7,0,9,0,80,0,14,19.188,1.4,1.8,24.9,24.9,20.4,570
09-sep-2021,0,22.8,0,16.6,0,16.5,0,1.9,1000.0,3.0,0,6,0,320,0,11,19.737,2.0,2.6,24.5,24.5,20.2,1190
10-sep-2021,0,17.4,0,13.8,0,15.8,0,2.9,1005.3,4.6,0,8,0,310,0,12,18.708,0.7,0.9,22.2,22.2,18.0,307
11-sep-2021,2,17.0,2,11.1, , ,8, , , ,0,6,0,330,0,8, , , , , , , 
12-sep-2021,0,17.5,0,9.8,2,8.5,0,0.0,1014.6,4.0,0,8,0,70,0,14,16.983,1.7,2.3,1.7,1.7,1.7,1150
13-sep-2021,0,16.5,0,11.7,0,6.0,0,4.5,1009.8,5.0,0,9,0,100,0,14,16.220,0.9,1.2,0.0,-1.8,-1.8,425
14-sep-2021,0,19.1,0,13.9,0,13.1,0,5.9,1007.7,4.3,0,8,0,170,0,12,16.855,1.2,1.6,0.0,-4.7,-6.4,680
15-sep-2021,0,17.9,0,12.0,0,13.1,0,0.0,1010.8,3.2,0,8,0,240,0,13,17.373,1.4,1.9,1.4,1.4,-4.7,906
16-sep-2021,0,19.1,0,11.2,0,9.6,0,2.2,1007.1,7.4,0,15,0,150,0,21,16.603,1.2,1.6,0.4,0.4,-5.5,640
17-sep-2021,0,18.3,0,7.0,0,13.9,0,3.8,1005.0,4.8,0,10,0,150,0,16,17.118,1.3,1.9,0.0,-2.1,-7.7,1065
18-sep-2021,0,16.5,0,6.4,0,4.0,0,6.0,1007.0,3.6,0,8,0,190,0,13,15.105,1.1,1.4,0.0,-4.9,-10.0,541
19-sep-2021,0,17.7,0,6.2,0,3.3,0,2.1,1011.0,4.4,0,11,0,250,0,18,15.307,1.7,2.4,0.0,-0.4,-9.9,1505
20-sep-2021,0,18.7,0,12.4,0,11.2,0,0.1,1021.0,3.8,0,9,0,270,0,15,16.438,1.5,2.0,1.4,1.4,-8.0,1026
21-sep-2021,0,17.0,0,14.0,0,13.0,0,1.2,1024.7,6.2,0,10,0,230,0,18,16.655,1.2,1.6,1.4,1.4,-7.6,701
22-sep-2021,0,18.3,0,14.1,0,12.4,0,3.5,1019.9,10.1,0,16,0,220,0,27,16.335,1.5,2.1,0.0,-0.6,-9.2,931
23-sep-2021,0,17.4,0,11.5,0,9.2,0,0.2,1014.7,6.7,0,12,0,220,0,19,16.298,1.5,2.2,1.3,1.3,-7.5,1404
24-sep-2021,0,16.8,0,15.6,0,11.7,0,2.0,1010.7,8.0,0,12,0,220,0,21,16.765,0.8,1.1,0.0,0.0,-8.3,486
25-sep-2021,0,18.3,0,14.3,0,14.8,0,0.9,1004.7,5.3,0,9,0,180,0,14,17.202,1.2,1.6,0.3,0.3,-7.6,731
26-sep-2021,0,17.8,0,10.2,0,12.0,0,5.6,997.7,6.1,0,13,0,180,0,22,16.150,1.0,1.4,0.0,-4.2,-10.0,439
27-sep-2021,0,14.3,0,8.3,0,6.3,0,7.8,1000.1,6.8,0,16,0,230,0,27,14.150,1.4,1.9,0.0,-6.4,-10.0,858
28-sep-2021,0,13.5,0,5.4,0,7.1,0,11.5,1006.3,5.7,0,13,0,280,0,23,12.938,1.1,1.5,0.0,-10.0,-10.0,823
29-sep-2021,0,14.4,0,3.1,0,0.5,0,10.0,1013.6,5.8,0,12,0,180,0,22,12.075,1.1,1.6,0.0,-8.9,-10.0,1006
30-sep-2021,0,15.2,0,12.0,0,9.2,0,7.7,1002.5,11.1,0,17,0,210,0,27,13.438,0.7,1.1,0.0,-7.0,-10.0,318
01-oct-2021,0,13.4,0,7.7,0,5.6,0,11.0,999.2,8.8,0,17,0,270,0,29,12.695,1.2,1.7,0.0,-9.8,-10.0,1010
02-oct-2021,0,13.8,0,7.6,0,6.4,0,4.2,988.4,6.4,0,12,0,250,0,19,12.380,1.4,2.0,0.0,-2.8,-10.0,1251
03-oct-2021,0,14.6,0,8.2,0,6.3,0,9.1,987.5,7.4,0,14,0,260,0,27,12.430,1.2,1.7,0.0,-7.9,-10.0,1037
04-oct-2021,0,12.9,0,6.2,0,4.9,0,15.8,995.0,4.6,0,10,0,180,0,15,12.140,0.8,1.1,0.0,-10.0,-10.0,597
05-oct-2021,0,15.5,0,5.2,0,1.1,0,0.1,1004.5,7.0,0,17,0,300,0,23,11.847,1.4,1.9,1.3,1.3,-8.2,1174
06-oct-2021,0,16.4,0,6.7,0,3.4,0,4.0,1011.1,5.9,0,12,0,200,0,18,12.090,0.6,0.8,0.0,-2.2,-10.0,188
07-oct-2021,0,18.5,0,15.7,0,10.2,0,9.6,1011.9,8.5,0,13,0,190,0,22,14.650,0.9,1.1,0.0,-8.7,-10.0,268
08-oct-2021,0,17.4,0,14.8,0,15.3,0,10.6,1016.5,7.4,0,12,0,140,0,19,15.243,0.9,1.2,0.0,-9.7,-10.0,274
09-oct-2021,0,18.1,0,5.9,0,13.7,0,3.8,1022.3,5.1,0,12,0,200,0,22,15.318,1.0,1.4,0.0,-2.8,-10.0,911
10-oct-2021,0,16.3,0,4.1,0,2.1,0,0.0,1028.9,2.6,0,8,0,260,0,12,13.340,0.9,1.4,0.9,0.9,-8.6,1045
11-oct-2021,0,14.6,0,3.4,0,2.0,0,0.2,1028.2,2.5,0,6,0,200,0,10,12.330,0.8,1.1,1.5,1.5,-7.6,827
12-oct-2021,0,14.4,0,10.8,0,5.6,0,0.0,1025.1,1.7,0,5,0,300,0,7,13.427,0.7,1.0,2.2,2.2,-6.5,465
13-oct-2021,0,14.3,0,10.1,0,8.7,0,0.0,1022.3,2.6,0,6,0,200,0,9,13.800,0.8,1.1,3.0,3.0,-5.4,536
14-oct-2021,0,15.1,0,10.2,0,10.1,0,0.5,1017.4,4.9,0,9,0,250,0,15,13.500,0.8,1.1,3.3,3.3,-4.8,409
15-oct-2021,0,13.2,0,9.4,0,9.3,0,0.3,1016.0,4.7,0,9,0,70,0,15,13.505,0.7,1.0,3.7,3.7,-4.1,586
16-oct-2021,0,14.7,0,8.6,0,6.6,0,7.7,1009.0,6.5,0,12,0,180,0,22,13.075,0.6,0.8,0.0,-3.4,-10.0,258
17-oct-2021,0,15.2,0,11.5,0,12.3,0,1.5,1004.7,6.3,0,11,0,210,0,18,13.935,0.6,0.9,0.0,-0.9,-10.0,473
18-oct-2021,0,17.5,0,13.8,0,9.2,0,6.2,1000.5,8.0,0,14,0,210,0,28,14.587,0.9,1.1,0.0,-5.3,-10.0,435
19-oct-2021,0,18.4,0,10.4,0,13.9,0,3.8,997.1,10.0,0,22,0,210,0,32,14.783,1.0,1.3,0.0,-2.8,-10.0,424
20-oct-2021,0,14.1,0,7.3,0,4.6,0,0.7,994.9,4.8,0,14,0,320,0,27,13.012,0.9,1.2,0.2,0.2,-9.3,820
21-oct-2021,0,13.5,0,3.2,0,-0.5,0,0.0,1007.2,6.6,0,11,0,290,0,16,11.443,1.0,1.3,1.1,1.1,-7.9,921
22-oct-2021,0,13.5,0,8.3,0,2.1,0,0.0,1016.0,6.2,0,10,0,260,0,18,11.510,0.9,1.2,2.0,2.0,-6.6,706
23-oct-2021,0,13.7,0,7.9,0,6.0,0,8.9,1007.9,9.2,0,14,0,170,0,25,11.622,0.6,0.9,0.0,-6.2,-10.0,162
24-oct-2021,0,14.8,0,8.1,0,9.1,0,6.7,1001.6,8.4,0,15,0,190,0,25,11.995,0.8,1.0,0.0,-5.9,-10.0,557
25-oct-2021,0,13.5,0,6.6,0,3.8,0,2.4,1004.7,5.9,0,11,0,190,0,19,11.142,0.8,1.0,0.0,-1.6,-10.0,588
26-oct-2021,0,16.9,0,9.5,0,7.7,0,23.8,1002.4,14.4,0,20,0,210,0,34,12.320,0.9,1.2,0.0,-10.0,-10.0,226
27-oct-2021,0,15.3,0,11.7,0,13.9,0,16.6,997.6,7.4,0,14,0,210,0,22,13.708,0.5,0.6,0.0,-10.0,-10.0,150
28-oct-2021,0,14.4,0,8.2,0,6.5,0,0.1,991.8,3.2,0,10,0,260,0,17,12.842,0.5,0.7,0.4,0.4,-9.1,488
29-oct-2021,0,12.8,0,5.2,0,1.7,0,4.6,985.5,4.0,0,11,0,190,0,17,11.510,0.5,0.7,0.0,-3.8,-10.0,514
30-oct-2021,0,12.2,0,4.7,0,1.2,0,4.8,982.1,6.3,0,15,0,110,0,22,10.327,0.5,0.7,0.0,-4.3,-10.0,574
31-oct-2021,0,10.1,0,4.5,0,0.9,0,7.0,977.5,7.7,0,20,0,270,0,33,10.140,0.4,0.6,0.0,-6.6,-10.0,346
01-nov-2021,0,12.0,0,3.0,0,2.9,0,0.0,987.7,5.5,0,10,0,250,0,18,9.510,0.6,0.8,0.6,0.6,-8.9,577
02-nov-2021,0,11.7,0,-0.2,0,-2.5,0,1.3,996.6,4.8,0,13,0,300,0,20,8.503,0.4,0.6,0.0,-0.3,-9.4,609
03-nov-2021,0,11.1,0,2.9,0,-0.8,0,0.2,1008.7,7.0,0,14,0,340,0,22,8.265,0.5,0.7,0.3,0.3,-8.6,648
04-nov-2021,0,11.1,0,2.1,0,-2.2,0,0.1,1018.8,5.7,0,10,0,310,0,15,7.973,0.5,0.7,0.7,0.7,-7.8,509
05-nov-2021,0,11.4,0,7.5,0,4.6,0,0.3,1022.0,4.0,0,11,0,210,0,20,9.312,0.5,0.6,0.8,0.8,-7.2,273
06-nov-2021,0,13.5,0,6.9,0,8.1,0,6.0,1016.7,10.6,0,20,0,220,0,32,10.310,0.6,0.7,0.0,-4.6,-10.0,227
07-nov-2021,0,13.4,0,5.3,0,0.0,0,0.0,1018.2,4.3,0,8,0,260,0,12,9.435,0.4,0.6,0.4,0.4,-9.1,489
08-nov-2021,0,16.1,0,10.3,0,6.9,0,17.2,1013.2,10.1,0,15,0,210,0,24,11.288,0.7,0.9,0.0,-10.0,-10.0,277
09-nov-2021,0,13.7,0,9.1,0,7.7,0,7.2,1012.8,5.3,0,10,0,190,0,15,11.945,0.2,0.4,0.0,-7.0,-10.0,500
10-nov-2021,0,11.3,0,3.6,0,0.4,0,0.6,1017.0,2.4,0,7,0,180,0,12,10.415,0.3,0.4,0.0,-0.3,-9.8,350
11-nov-2021,0,15.4,0,4.0,0,0.7,0,5.3,1007.1,9.2,0,17,0,190,0,30,10.267,0.6,0.7,0.0,-4.7,-10.0,306
12-nov-2021,0,13.8,0,10.0,0,9.1,0,6.3,1002.3,11.5,0,20,0,220,0,35,11.130,0.6,0.7,0.0,-5.7,-10.0,422
13-nov-2021,0,13.4,0,10.2,0,8.2,0,1.2,1013.0,4.0,0,8,0,220,0,13,11.238,0.4,0.5,0.0,-0.8,-10.0,144
14-nov-2021,0,16.2,0,10.7,0,9.9,0,2.4,1018.3,5.6,0,11,0,320,0,17,12.280,0.4,0.6,0.0,-2.0,-10.0,324
15-nov-2021,0,12.4,0,7.0,0,4.4,0,0.8,1021.7,3.0,0,7,0,180,0,10,11.710,0.2,0.3,0.0,-0.6,-10.0,377
16-nov-2021,0,12.3,0,8.4,0,6.7,0,0.6,1015.7,8.9,0,16,0,220,0,25,10.657,0.7,0.9,0.1,0.1,-9.4,137
17-nov-2021,0,12.0,0,8.9,0,5.7,0,1.6,1018.6,8.3,0,14,0,230,0,22,10.100,0.6,0.8,0.0,-0.9,-9.9,182
18-nov-2021,0,13.8,0,11.9,0,9.1,0,2.1,1021.6,9.8,0,14,0,230,0,23,11.505,0.6,0.8,0.0,-1.5,-10.0,170
19-nov-2021,0,12.1,0,9.4,0,9.4,0,0.8,1022.9,5.8,0,9,0,200,0,16,11.485,0.4,0.5,0.0,-0.4,-9.9,200
20-nov-2021,0,11.6,0,3.2,0,6.7,0,1.6,1020.1,6.1,0,17,0,250,0,33,10.753,0.2,0.3,0.0,-1.4,-10.0,184
21-nov-2021,0,9.2,0,-0.6,0,-1.1,0,0.2,1025.2,5.4,0,11,0,10,0,20,8.200,0.2,0.3,0.0,-0.0,-9.5,457
22-nov-2021,0,9.3,0,-2.6,0,-5.7,0,0.0,1030.4,2.0,0,6,0,350,0,9,6.247,0.0,0.2,0.0,0.0,-9.0,460
23-nov-2021,0,7.8,0,-1.9,0,-4.1,0,0.0,1028.7,2.7,0,7,0,180,0,11,6.279,0.1,0.3,0.1,0.1,-8.4,321
24-nov-2021,0,7.8,0,1.3,0,0.7,0,1.9,1020.7,6.2,0,14,0,290,0,20,6.585,0.2,0.2,0.0,-1.6,-9.8,287
25-nov-2021,0,7.7,0,1.1,0,-2.9,0,0.3,1015.8,7.3,0,13,0,270,0,22,5.742,0.2,0.3,0.0,-0.1,-9.4,280
26-nov-2021,0,9.1,0,2.5,0,0.8,0,4.5,1004.0,13.8,0,23,0,320,0,36,6.770,0.4,0.5,0.0,-4.1,-10.0,267
27-nov-2021,0,5.8,0,0.5,0,-0.2,0,1.2,1009.5,8.2,0,18,0,320,0,30,5.446,0.4,0.5,0.0,-0.8,-10.0,273
28-nov-2021,0,9.8,0,3.2,0,-0.8,0,2.1,1008.2,4.4,0,11,0,290,0,15,6.275,0.4,0.5,0.0,-1.7,-10.0,127
29-nov-2021,0,11.1,0,5.0,0,2.3,0,0.5,1010.8,4.6,0,9,0,260,0,17,7.553,0.2,0.3,0.0,-0.3,-9.8,242
30-nov-2021,0,11.2,0,7.6,0,5.8,0,12.6,1004.5,10.1,0,19,0,300,0,30,8.882,0.4,0.6,0.0,-10.0,-10.0,93
01-dec-2021,0,8.1,0,1.3,0,3.1,0,0.7,1006.2,11.3,0,20,0,300,0,30,7.576,0.2,0.3,0.0,-0.5,-10.0,319
02-dec-2021,0,11.2,0,3.6,0,-2.1,0,7.0,1007.8,5.8,0,14,0,230,0,23,6.730,0.3,0.3,0.0,-6.7,-10.0,192
03-dec-2021,0,9.7,0,5.2,0,0.8,0,3.1,998.1,4.7,0,14,0,260,0,21,7.795,0.4,0.5,0.0,-2.7,-10.0,93
04-dec-2021,0,6.8,0,1.6,0,0.2,0,2.3,1001.8,8.7,0,18,0,270,0,30,6.231,0.4,0.5,0.0,-1.9,-10.0,266
05-dec-2021,0,8.7,0,1.0,0,-4.2,0,3.2,1009.8,4.3,0,11,0,300,0,18,4.904,0.1,0.2,0.0,-3.1,-10.0,331
06-dec-2021,0,8.4,0,1.4,0,-1.3,0,4.6,1001.8,6.5,0,16,0,260,0,30,5.546,0.2,0.3,0.0,-4.4,-10.0,199
07-dec-2021,0,9.0,0,2.4,0,-2.2,0,13.2,976.0,16.1,0,33,0,290,0,49,5.379,0.7,1.0,0.0,-10.0,-10.0,98
08-dec-2021,0,7.6,0,3.2,0,2.1,0,1.1,986.4,14.2,0,29,0,290,0,45,5.054,1.0,1.1,0.0,-0.1,-9.6,281
09-dec-2021,0,10.0,0,1.6,0,-3.4,0,2.2,993.1,7.5,0,21,0,270,0,30,5.108,0.3,0.4,0.0,-1.9,-10.0,116
10-dec-2021,0,7.0,0,1.4,0,-1.9,0,3.9,999.7,4.8,0,13,0,290,0,20,4.769,0.2,0.2,0.0,-3.7,-10.0,244
11-dec-2021,0,12.9,0,5.7,0,0.2,0,7.9,1004.0,9.0,0,17,0,210,0,27,6.942,0.5,0.6,0.0,-7.4,-10.0,45
12-dec-2021,0,13.5,0,7.1,0,7.8,0,3.7,1002.4,9.1,0,26,0,210,0,39,8.514,0.6,0.7,0.0,-3.1,-10.0,122
13-dec-2021,0,8.0,0,1.3,0,1.1,0,0.0,1013.2,2.8,0,6,0,230,0,10,6.991,0.2,0.3,0.2,0.2,-9.3,155
14-dec-2021,0,9.9,0,1.5,0,-3.0,0,0.0,1016.5,7.9,0,12,0,200,0,18,5.710,0.2,0.2,0.4,0.4,-8.7,276
15-dec-2021,0,11.3,0,6.5,0,3.4,0,0.9,1021.3,6.0,0,10,0,190,0,15,7.158,0.5,0.6,0.0,-0.0,-8.6,101
16-dec-2021,0,10.3,0,5.0,0,-1.3,0,0.0,1029.7,3.6,0,7,0,200,0,12,7.357,0.3,0.4,0.3,0.3,-7.9,78
17-dec-2021,0,9.1,0,1.7,0,-3.3,0,0.0,1033.7,5.6,0,10,0,100,0,16,6.493,0.1,0.2,0.5,0.5,-7.3,245
18-dec-2021,0,6.5,0,5.3,0,-0.4,0,0.0,1032.4,6.0,0,10,0,110,0,16,6.759,0.4,0.5,0.9,0.9,-6.6,71
19-dec-2021,0,6.5,0,4.1,0,3.7,0,0.0,1028.6,5.8,0,9,0,70,0,14,6.803,0.2,0.3,1.1,1.1,-6.0,143
20-dec-2021,0,5.6,0,4.2,0,4.3,0,0.1,1022.4,7.4,0,12,0,70,0,16,6.481,0.3,0.5,1.3,1.3,-5.5,61
21-dec-2021,0,7.4,0,5.1,0,4.5,0,0.0,1014.8,7.5,0,11,0,90,0,19,6.428,0.5,0.7,1.9,1.9,-4.7,93
22-dec-2021,0,12.5,0,6.4,0,5.3,0,5.9,1002.6,8.4,0,13,0,140,0,20,7.162,0.6,0.8,0.0,-3.4,-9.7,62
23-dec-2021,0,12.6,0,6.3,0,6.9,0,0.6,993.3,6.4,0,16,0,200,0,29,8.943,0.1,0.1,0.0,-0.5,-9.7,260
24-dec-2021,0,10.9,0,6.0,0,0.5,0,8.4,992.3,8.0,0,14,0,90,0,21,7.667,0.3,0.4,0.0,-8.1,-10.0,126
25-dec-2021,0,9.8,0,6.6,0,2.7,0,10.4,988.5,8.4,0,16,0,80,0,24,7.791,0.3,0.5,0.0,-10.0,-10.0,81
26-dec-2021,0,10.9,0,2.8,0,5.3,0,5.9,989.1,5.3,0,10,0,220,0,16,8.138,0.0,0.1,0.0,-5.9,-10.0,247
27-dec-2021,0,8.1,0,2.6,0,-1.0,0,0.2,983.8,5.8,0,10,0,60,0,15,6.982,0.2,0.3,0.0,-0.0,-9.5,137
28-dec-2021,0,8.9,0,4.6,0,1.8,0,7.3,987.5,4.0,0,7,0,150,0,15,7.101,0.2,0.3,0.0,-7.1,-10.0,149
29-dec-2021,0,13.1,0,7.5,0,4.0,0,8.4,987.0,11.0,0,25,0,220,0,40,8.477,0.3,0.4,0.0,-8.1,-10.0,166
30-dec-2021,0,12.9,0,11.3,0,8.7,0,11.7,995.9,6.5,0,15,0,220,0,25,10.150,0.3,0.4,0.0,-10.0,-10.0,78
31-dec-2021,0,13.9,0,12.3,0,10.2,0,2.0,999.0,11.6,0,20,0,210,0,31,10.615,0.7,0.9,0.0,-1.3,-10.0,101
01-jan-2022,0,14.6,0,7.9,0,9.4,0,3.4,994.8,12.5,0,22,0,210,0,42,10.093,0.8,0.9,0.0,-2.6,-10.0,147
02-jan-2022,0,10.6,0,7.8,0,4.7,0,6.0,996.1,12.9,0,20,0,210,0,33,7.987,0.8,1.0,0.0,-5.2,-10.0,147
03-jan-2022,0,10.0,0,1.2,0,5.8,0,10.0,996.3,12.9,0,22,0,0,0,36,7.751,0.5,0.7,0.0,-9.5,-10.0,125
04-jan-2022,0,5.0,0,-0.4,0,-2.6,0,0.3,1005.4,5.8,0,11,0,300,0,19,4.977,0.3,0.3,0.0,-0.0,-9.5,276
05-jan-2022,0,7.2,0,-1.6,0,-5.1,0,0.0,1012.2,2.3,0,9,0,150,0,14,3.691,0.1,0.3,0.1,0.1,-9.0,269
06-jan-2022,0,9.1,0,1.4,0,-4.6,0,6.1,1002.8,12.0,0,21,0,200,0,37,4.761,0.5,0.6,0.0,-5.5,-10.0,196
07-jan-2022,0,9.1,0,1.5,0,-0.9,0,5.7,1002.8,6.7,0,15,0,210,0,24,4.332,0.4,0.5,0.0,-5.3,-10.0,146
08-jan-2022,0,10.5,0,3.0,0,2.9,0,7.6,995.1,10.2,0,18,0,210,0,31,6.277,0.3,0.3,0.0,-7.3,-10.0,260
09-jan-2022,0,9.0,0,1.3,0,-1.3,0,2.1,997.1,6.3,0,13,0,280,0,24,5.206,0.3,0.4,0.0,-1.8,-10.0,140
10-jan-2022,0,12.1,0,4.4,0,3.2,0,0.5,1009.3,8.6,0,15,0,240,0,23,7.927,0.4,0.5,0.0,-0.1,-9.6,109
11-jan-2022,0,9.8,0,1.3,0,-2.9,0,0.0,1025.0,3.6,0,9,0,220,0,14,5.864,0.1,0.2,0.1,0.1,-9.0,349
12-jan-2022,0,9.2,0,1.4,0,-2.7,0,0.2,1034.1,4.0,0,7,0,190,0,10,4.937,0.0,0.1,0.0,-0.1,-8.7,388
13-jan-2022,0,7.6,0,4.1,0,-2.5,0,0.0,1034.4,3.8,0,6,0,190,0,10,5.606,0.4,0.5,0.4,0.4,-7.9,141
14-jan-2022,0,7.1,0,5.2,0,4.8,0,0.0,1027.6,3.5,0,7,0,100,0,11,6.201,0.4,0.6,0.8,0.8,-7.1,127
15-jan-2022,0,7.8,0,3.1,0,4.1,0,0.1,1018.1,2.9,0,8,0,130,0,10,6.158,0.3,0.4,1.0,1.0,-6.5,137
16-jan-2022,0,9.1,0,-2.0,0,-0.6,0,0.0,1024.5,3.5,0,11,0,310,0,15,6.110,0.1,0.2,1.1,1.1,-6.1,308
17-jan-2022,0,7.9,0,-3.0,0,-8.4,0,0.0,1031.0,4.6,0,10,0,150,0,14,3.586,0.2,0.3,1.3,1.3,-5.6,281
18-jan-2022,0,9.8,0,7.3,0,-4.4,0,3.3,1025.7,7.2,0,11,0,150,0,19,5.934,0.5,0.6,0.0,-1.5,-8.1,85
19-jan-2022,0,9.8,0,3.8,0,3.8,0,0.4,1027.6,7.1,0,14,0,310,0,22,6.932,0.3,0.4,0.0,-0.1,-7.8,247
20-jan-2022,0,8.8,0,1.5,0,-2.8,0,0.0,1035.6,3.6,0,7,0,320,0,9,5.615,0.3,0.4,0.3,0.3,-7.1,266
21-jan-2022,0,7.3,0,3.3,0,2.7,0,0.0,1035.8,3.4,0,8,0,190,0,12,6.278,0.3,0.5,0.6,0.6,-6.5,228
22-jan-2022,0,8.9,0,4.9,0,-1.4,0,3.0,1032.1,4.9,0,9,0,220,0,15,6.623,0.3,0.4,0.0,-2.1,-8.9,290
23-jan-2022,0,8.1,0,6.0,0,5.2,0,0.0,1026.1,6.2,0,9,0,180,0,16,6.432,0.7,0.9,0.7,0.7,-7.7,119
24-jan-2022,0,9.9,0,1.9,0,-2.8,0,0.0,1025.0,4.4,0,9,0,180,0,15,5.744,0.3,0.5,1.1,1.1,-7.0,398
25-jan-2022,0,8.6,0,4.6,0,-1.3,0,0.0,1027.6,2.7,0,5,0,190,0,7,6.548,0.2,0.4,1.3,1.3,-6.4,354
26-jan-2022,0,10.8,0,5.0,0,2.2,0,2.9,1024.3,8.5,0,16,0,210,0,27,6.830,0.4,0.5,0.0,-1.2,-8.6,149
27-jan-2022,0,12.1,0,3.1,0,1.8,0,0.3,1024.8,3.3,0,10,0,240,0,20,8.098,0.2,0.3,0.0,-0.1,-8.3,398
28-jan-2022,0,11.7,0,2.7,0,-1.9,0,0.8,1026.3,9.8,0,17,0,230,0,32,7.478,0.3,0.4,0.0,-0.5,-8.4,292
29-jan-2022,0,11.1,0,0.3,0,6.6,0,1.0,1025.9,9.4,0,18,0,240,0,32,8.755,0.2,0.4,0.0,-0.8,-8.7,379
30-jan-2022,0,10.1,0,-0.3,0,-4.2,0,3.2,1024.4,8.0,0,19,0,230,0,31,6.222,0.4,0.5,0.0,-2.8,-10.0,203
31-jan-2022,0,9.8,0,5.6,0,2.3,0,0.0,1025.4,9.4,0,17,0,290,0,28,6.464,0.8,1.0,0.8,0.8,-8.7,234
01-feb-2022,0,11.9,0,8.8,0,5.0,0,0.5,1022.0,10.0,0,17,0,270,0,28,8.486,0.6,0.8,0.9,0.9,-8.1,342
02-feb-2022,0,10.5,0,8.2,0,7.2,0,0.9,1015.5,7.4,0,12,0,240,0,21,8.705,0.4,0.6,0.4,0.4,-8.2,252
03-feb-2022,0,11.6,0,4.2,0,7.1,0,6.6,1004.7,11.0,0,21,0,210,0,33,8.715,0.5,0.7,0.0,-5.7,-10.0,287
04-feb-2022,0,7.6,0,1.3,0,-2.2,0,1.7,1009.0,6.6,0,15,0,300,0,25,6.219,0.5,0.7,0.0,-1.2,-10.0,536
05-feb-2022,0,9.4,0,4.3,0,-0.6,0,19.8,1007.0,14.6,0,21,0,230,0,34,6.622,0.6,0.9,0.0,-10.0,-10.0,122
06-feb-2022,0,9.4,0,4.5,0,4.8,0,4.1,1007.6,10.8,0,22,0,260,0,32,7.180,0.6,0.8,0.0,-3.5,-10.0,531
07-feb-2022,0,11.8,0,4.2,0,-0.1,0,2.2,1016.2,12.1,0,21,0,220,0,33,7.588,0.5,0.8,0.0,-1.7,-10.0,192
08-feb-2022,0,11.4,0,7.3,0,8.6,0,5.2,1015.9,7.7,0,17,0,230,0,28,9.145,0.4,0.6,0.0,-4.8,-10.0,278
09-feb-2022,0,7.8,0,2.0,0,-0.7,0,1.4,1017.0,5.7,0,13,0,230,0,23,7.127,0.4,0.6,0.0,-1.0,-10.0,462
10-feb-2022,0,8.7,0,0.2,0,-1.6,0,0.9,1020.9,6.5,0,15,0,300,0,26,5.233,0.7,0.9,0.0,-0.2,-9.7,683
11-feb-2022,0,8.4,0,-1.7,0,-5.9,0,1.0,1016.4,8.5,0,17,0,180,0,28,4.641,0.4,0.6,0.0,-0.6,-9.8,531
12-feb-2022,0,11.1,0,7.3,0,-0.0,0,5.5,1002.0,10.8,0,17,0,220,0,28,7.278,0.7,1.0,0.0,-4.8,-10.0,466
13-feb-2022,0,7.9,0,3.7,0,4.7,0,7.0,990.4,5.8,0,14,0,300,0,20,7.364,0.3,0.5,0.0,-6.7,-10.0,376
14-feb-2022,0,9.1,0,3.1,0,-0.5,0,1.9,997.0,9.0,0,16,0,290,0,23,6.109,0.6,0.9,0.0,-1.3,-10.0,663
15-feb-2022,0,11.5,0,6.2,0,2.7,0,13.8,991.0,10.4,0,20,0,240,0,33,7.016,0.7,0.9,0.0,-10.0,-10.0,275
16-feb-2022,0,12.6,0,6.3,0,5.4,0,5.2,989.6,16.1,0,25,0,220,0,41,8.905,0.8,1.1,0.0,-4.4,-10.0,321
17-feb-2022,0,8.2,0,2.8,0,0.6,0,6.8,993.6,8.0,0,19,0,260,0,39,6.532,0.7,0.9,0.0,-6.1,-10.0,408
18-feb-2022,0,6.8,0,1.0,0,0.2,0,9.2,988.3,12.9,0,26,0,310,0,40,5.242,0.7,1.1,0.0,-8.5,-10.0,566
19-feb-2022,0,10.9,0,2.5,0,-0.9,0,13.7,998.2,11.0,0,24,0,240,0,39,5.642,0.8,1.1,0.0,-10.0,-10.0,359
20-feb-2022,0,11.3,0,2.8,0,5.9,0,18.0,993.8,20.0,0,28,0,280,0,45,7.855,0.9,1.3,0.0,-10.0,-10.0,306
21-feb-2022,0,11.2,0,4.3,0,1.1,0,1.1,1007.1,13.7,0,28,0,280,0,46,6.612,0.9,1.3,0.0,-0.2,-9.7,609
22-feb-2022,0,11.6,0,6.4,0,3.8,0,3.6,1009.5,12.1,0,25,0,290,0,38,7.953,1.0,1.4,0.0,-2.6,-10.0,694
23-feb-2022,0,10.6,0,2.8,0,5.1,0,4.6,1007.2,14.1,0,23,0,210,0,38,7.215,1.1,1.5,0.0,-3.5,-10.0,423
24-feb-2022,0,7.2,0,0.4,0,-1.4,0,5.3,1006.9,10.2,0,19,0,250,0,34,4.925,0.9,1.3,0.0,-4.4,-10.0,743
25-feb-2022,0,10.7,0,1.1,0,-2.3,0,0.1,1017.8,8.0,0,16,0,220,0,26,5.455,0.9,1.2,0.8,0.8,-8.7,599
26-feb-2022,0,10.6,0,7.7,0,6.0,0,0.2,1010.5,12.1,0,19,0,180,0,33,7.195,1.3,1.6,1.8,1.8,-7.2,395
27-feb-2022,0,11.7,0,7.5,0,7.8,0,2.8,1004.8,11.7,0,19,0,180,0,28,8.029,1.4,1.8,0.4,0.4,-8.3,765
28-feb-2022,0,10.6,0,-1.8,0,2.7,0,0.0,1013.7,5.2,0,12,0,280,0,18,7.735,0.7,1.0,1.0,1.0,-7.2,740
01-mar-2022,0,9.3,0,-3.7,0,-7.3,0,0.0,1020.9,5.3,0,14,0,70,0,19,5.240,0.9,1.3,1.9,1.9,-6.0,1171
02-mar-2022,0,11.2,0,1.2,0,-2.8,0,0.5,1007.9,6.9,0,12,0,200,0,22,5.795,0.7,0.9,2.1,2.1,-5.5,198
03-mar-2022,0,10.1,0,-0.6,0,-4.1,0,1.7,1010.6,4.7,0,12,0,210,0,20,6.317,0.8,1.2,1.2,1.2,-6.1,825
04-mar-2022,0,9.7,0,-3.4,0,-6.6,0,0.0,1020.5,2.9,0,7,0,300,0,11,5.220,0.9,1.3,2.0,2.0,-4.9,1030
05-mar-2022,0,9.4,0,-5.5,0,-8.4,0,0.0,1026.2,2.9,0,9,0,40,0,13,4.675,0.9,1.4,2.9,2.9,-3.8,1229
06-mar-2022,0,9.8,0,-4.6,0,-8.7,0,0.0,1025.7,4.6,0,9,0,120,0,15,4.582,1.1,1.6,3.9,3.9,-2.5,1309
07-mar-2022,0,8.8,0,1.3,0,-6.6,0,0.0,1012.3,9.5,0,17,0,130,0,23,5.117,1.4,1.9,5.3,5.3,-1.0,834
08-mar-2022,0,11.6,0,2.4,0,0.5,0,3.3,995.3,13.6,0,21,0,210,0,39,5.498,1.5,2.2,3.5,3.5,-2.7,781
09-mar-2022,0,9.8,0,-1.2,0,3.6,0,10.2,997.5,6.6,0,22,0,150,0,39,6.628,0.7,1.0,0.0,-6.1,-10.0,516
10-mar-2022,0,9.6,0,-2.6,0,-6.7,0,0.0,998.6,8.9,0,19,0,140,0,35,4.469,1.0,1.4,1.0,1.0,-8.5,491
11-mar-2022,0,11.1,0,4.7,0,2.2,0,2.5,987.7,8.4,0,16,0,130,0,27,7.055,0.9,1.3,0.0,-0.6,-9.7,599
12-mar-2022,0,8.2,0,1.7,0,-1.1,0,6.3,987.2,8.5,0,19,0,70,0,31,6.143,0.8,1.3,0.0,-5.5,-10.0,657
13-mar-2022,0,9.6,0,5.7,0,4.1,0,6.6,991.1,11.1,0,17,0,230,0,29,7.065,1.2,1.8,0.0,-5.4,-10.0,916
14-mar-2022,0,10.9,0,1.9,0,2.0,0,0.9,1012.3,7.3,0,13,0,240,0,21,6.919,1.3,1.8,0.4,0.4,-9.1,1083
15-mar-2022,0,9.1,0,2.1,0,-3.8,0,4.7,1011.5,6.2,0,12,0,180,0,19,6.189,0.8,1.1,0.0,-3.6,-10.0,368
16-mar-2022,0,10.5,0,-2.8,0,-5.0,0,0.0,1015.6,3.9,0,10,0,260,0,17,6.295,1.2,1.8,1.2,1.2,-8.3,1497
17-mar-2022,0,13.0,0,0.9,0,-3.8,0,2.2,1023.6,8.2,0,18,0,220,0,28,7.030,1.3,1.9,0.3,0.3,-8.8,1199
18-mar-2022,0,15.6,0,-0.8,0,-4.4,0,0.0,1031.7,6.6,0,14,0,140,0,23,7.087,1.9,2.6,2.2,2.2,-6.5,1558
19-mar-2022,0,14.7,0,5.6,0,0.1,0,0.0,1025.4,10.0,0,20,0,140,0,30,7.634,2.3,3.1,4.4,4.4,-3.8,1300
20-mar-2022,0,10.9,0,6.3,0,5.5,0,0.0,1018.5,7.4,0,11,0,120,0,18,8.207,1.2,1.6,5.6,5.6,-2.5,623
21-mar-2022,0,16.3,0,4.4,0,1.8,0,0.0,1016.0,8.2,0,12,0,100,0,19,9.131,1.8,2.5,7.2,7.2,-0.6,1371
22-mar-2022,0,16.7,0,7.0,0,5.9,0,0.0,1017.5,9.1,0,14,0,120,0,25,9.955,1.8,2.4,8.9,8.9,1.3,985
23-mar-2022,0,18.1,0,4.6,0,0.1,0,0.0,1021.8,5.9,0,11,0,140,0,16,10.176,2.1,2.9,10.9,10.9,3.4,1528
24-mar-2022,0,11.4,0,5.1,0,2.6,0,0.1,1025.0,2.8,0,7,0,200,0,10,10.290,0.8,1.0,11.5,11.5,4.0,425
25-mar-2022,0,18.0,0,4.4,0,-1.0,0,0.0,1026.7,2.6,0,6,0,100,0,8,10.855,1.7,2.3,12.9,12.9,5.7,1266
26-mar-2022,0,17.5,0,3.9,0,-1.8,0,0.0,1027.9,5.6,0,11,0,130,0,17,10.359,2.3,3.1,14.9,14.9,8.0,1671
27-mar-2022,0,17.3,0,3.6,0,-1.1,0,0.0,1025.2,5.3,0,10,0,80,0,16,10.465,2.2,3.0,16.8,16.8,10.1,1712
28-mar-2022,0,17.2,0,2.3,0,-4.0,0,0.0,1017.0,3.7,0,7,0,90,0,10,10.817,2.0,2.9,18.5,18.5,12.2,1726
29-mar-2022,0,17.0,0,0.3,0,-4.3,0,0.0,1009.1,3.1,0,7,0,230,0,12,10.809,1.9,2.7,20.1,20.1,14.0,1659
30-mar-2022,0,11.0,0,-0.4,0,-5.1,0,0.0,1007.4,5.7,0,16,0,50,0,23,8.826,1.2,1.6,21.1,21.1,15.2,690
31-mar-2022,0,9.7,0,-1.2,0,-4.4,0,0.0,1015.4,7.7,0,15,0,330,0,27,6.894,1.9,2.8,22.7,22.7,17.0,1629
01-apr-2022,0,10.2,0,-2.3,0,-8.6,0,0.0,1021.0,6.2,0,13,0,310,0,18,6.920,1.5,2.2,23.9,23.9,18.5,1290
02-apr-2022,0,12.0,0,0.2,0,-5.4,0,0.0,1022.1,6.1,0,13,0,330,0,21,7.900,1.7,2.4,25.2,25.2,20.0,1372
03-apr-2022,0,11.2,0,-3.1,0,-7.6,0,1.2,1019.8,5.3,0,13,0,240,0,20,7.960,1.2,1.8,24.9,24.9,19.8,1370
04-apr-2022,0,12.2,0,9.7,0,8.1,0,1.6,1012.7,9.2,0,17,0,280,0,25,9.903,1.0,1.4,24.1,24.1,19.2,422
05-apr-2022,0,11.6,0,8.2,0,7.6,0,2.9,1002.0,12.0,0,19,0,220,0,33,9.645,1.2,1.8,22.1,22.1,17.3,637
06-apr-2022,0,10.7,0,6.3,0,4.6,0,5.0,986.1,14.1,0,23,0,240,0,41,9.145,1.8,2.9,18.6,18.6,14.0,1299
07-apr-2022,0,10.3,0,0.6,0,2.3,0,3.4,988.6,9.8,0,21,0,280,0,35,8.369,1.8,2.8,16.6,16.6,12.3,1651
08-apr-2022,0,9.1,0,-1.6,0,-4.7,0,0.3,1004.1,7.4,0,17,0,340,0,26,7.661,1.7,2.6,17.8,17.8,13.6,1717
09-apr-2022,0,11.8,0,-3.9,0,-7.8,0,0.0,1012.5,3.2,0,8,0,110,0,13,8.109,2.0,2.8,19.4,19.4,15.6,1954
10-apr-2022,0,12.0,0,4.1,0,0.9,0,0.2,1005.8,9.8,0,16,0,130,0,26,8.151,1.7,2.2,20.6,20.6,16.9,579
11-apr-2022,0,12.2,0,7.6,0,6.0,0,0.5,996.4,10.9,0,22,0,110,0,32,8.470,1.3,1.8,21.1,21.1,17.6,458
12-apr-2022,0,12.3,0,6.9,0,3.8,0,4.2,999.1,3.5,0,8,0,90,0,12,9.738,0.9,1.3,17.7,17.7,14.3,543
13-apr-2022,0,15.2,0,8.1,0,6.2,0,0.1,1007.8,4.6,0,11,0,240,0,18,11.580,1.9,2.7,19.2,19.2,16.0,1529
14-apr-2022,0,13.4,0,8.1,0,3.4,0,3.2,1012.2,6.4,0,12,0,140,0,21,11.343,1.2,1.6,17.0,17.0,13.9,682
15-apr-2022,0,14.0,0,4.9,0,8.4,0,0.6,1016.2,5.7,0,15,0,230,0,22,11.920,1.4,2.1,17.6,17.6,14.7,1199
16-apr-2022,0,14.7,0,3.5,0,-0.3,0,2.6,1018.2,6.7,0,15,0,180,0,24,10.540,1.5,2.2,16.3,16.3,13.6,1100
17-apr-2022,0,13.0,0,5.3,0,9.3,0,11.2,1011.6,6.3,0,15,0,180,0,26,11.300,1.3,1.8,6.1,6.1,3.6,871
18-apr-2022,0,11.3,0,2.5,0,1.1,0,0.5,1011.2,6.5,0,15,0,220,0,24,10.650,2.2,3.3,7.7,7.7,5.2,2155
19-apr-2022,0,12.2,0,-0.4,0,-3.3,0,4.4,1014.8,3.8,0,15,0,330,0,23,9.834,1.6,2.2,4.7,4.7,2.4,1339
20-apr-2022,0,14.5,0,0.3,0,-1.8,0,0.0,1011.6,4.9,0,10,0,140,0,16,10.087,2.1,2.9,6.7,6.7,4.5,1663
21-apr-2022,0,17.1,0,6.9,0,4.9,0,0.0,1006.3,9.1,0,16,0,70,0,23,11.275,2.7,3.8,9.2,9.2,7.2,1677
22-apr-2022,0,15.3,0,6.3,0,4.1,0,0.0,1007.4,10.3,0,16,0,60,0,25,10.552,2.4,3.4,11.4,11.4,9.6,1422
23-apr-2022,0,17.2,0,3.8,0,-0.1,0,0.1,1006.0,9.3,0,19,0,50,0,27,10.900,3.0,4.2,14.0,14.0,12.4,1960
24-apr-2022,0,15.9,0,5.2,0,2.7,0,0.0,1009.5,9.0,0,15,0,60,0,24,11.745,3.2,4.7,16.8,16.8,15.5,2463
25-apr-2022,0,15.1,0,3.5,0,-1.2,0,0.0,1013.3,7.3,0,13,0,70,0,18,12.095,2.8,4.0,19.1,19.1,18.1,2237
26-apr-2022,0,15.2,0,4.4,0,3.6,0,0.0,1017.5,5.5,0,10,0,70,0,14,12.170,2.2,3.0,20.9,20.9,20.1,1387
27-apr-2022,0,16.9,0,4.7,0,2.8,0,0.0,1023.1,6.2,0,11,0,80,0,15,13.472,3.0,4.2,23.3,23.3,22.8,2197
28-apr-2022,0,16.0,0,5.2,0,3.7,0,0.0,1027.0,4.5,0,7,0,310,0,13,14.183,3.0,4.2,25.7,25.7,25.5,2365
29-apr-2022,0,17.2,0,2.4,0,-1.2,0,0.0,1027.0,3.7,0,7,0,70,0,10,14.135,2.6,3.6,27.7,27.7,27.7,2044
30-apr-2022,0,13.3,0,9.3,0,8.8,0,9.6,1022.2,6.2,0,11,0,220,0,20,13.512,1.4,2.0,19.2,19.2,19.3,859
01-may-2022,0,14.1,0,10.1,0,9.9,0,0.7,1016.2,6.2,0,13,0,230,0,19,12.930,1.4,1.9,19.7,19.7,19.8,739
02-may-2022,0,15.9,0,9.0,0,8.8,0,0.4,1016.6,3.6,0,7,0,300,0,10,13.520,1.6,2.1,20.6,20.6,20.9,912
03-may-2022,0,15.5,0,7.2,0,4.1,0,0.1,1015.5,5.8,0,11,0,270,0,18,14.170,2.3,3.4,22.4,22.4,22.9,1852
04-may-2022,0,15.4,0,8.8,0,7.9,0,0.0,1015.9,6.2,0,13,0,250,0,20,14.743,2.7,4.0,24.5,24.5,25.2,2207
05-may-2022,0,17.4,0,9.2,0,5.8,0,0.1,1018.6,7.3,0,12,0,210,0,20,14.940,2.4,3.4,26.3,26.3,27.1,1615
06-may-2022,0,17.3,0,5.9,0,11.3,0,12.7,1019.7,7.0,0,13,0,230,0,22,14.770,1.7,2.5,14.9,14.9,15.8,1178
07-may-2022,0,19.0,0,5.0,0,2.1,0,0.2,1022.5,2.5,0,6,0,110,0,9,15.432,3.0,4.1,17.3,17.3,18.5,2251
08-may-2022,0,16.1,0,9.2,0,7.3,0,0.0,1018.1,6.3,0,11,0,200,0,17,15.130,1.9,2.7,18.9,18.9,20.2,1187
09-may-2022,0,15.4,0,11.2,0,11.6,0,4.9,1009.2,11.4,0,17,0,190,0,28,13.740,1.6,2.3,15.4,15.4,16.8,773
10-may-2022,0,14.8,0,9.3,0,8.6,0,4.2,1002.5,13.4,0,20,0,210,0,31,13.165,2.6,4.1,13.4,13.4,15.0,1840
11-may-2022,0,14.3,0,7.5,0,6.8,0,3.9,1004.5,7.7,0,14,0,240,0,25,13.462,2.6,3.9,11.8,11.8,13.6,2004
12-may-2022,0,13.4,0,6.0,0,0.6,0,1.3,1009.9,9.3,0,16,0,240,0,29,12.387,1.9,2.9,12.2,12.2,14.1,1297
13-may-2022,0,15.1,0,10.9,0,10.1,0,0.0,1011.5,11.7,0,18,0,230,0,28,13.420,2.7,4.2,14.6,14.6,16.8,1907
14-may-2022,0,17.9,0,8.0,0,5.2,0,0.0,1013.6,5.1,0,8,0,240,0,13,15.253,3.3,4.5,17.4,17.4,19.8,2348
15-may-2022,0,19.8,0,6.8,0,2.7,0,0.0,1006.4,7.1,0,13,0,100,0,20,16.040,3.3,4.8,20.2,20.2,22.8,2357
16-may-2022,0,19.9,0,12.9,0,11.7,0,11.4,1001.1,6.4,0,12,0,130,0,20,16.417,2.9,3.9,11.2,11.2,13.9,1660
17-may-2022,0,15.2,0,9.4,0,11.4,0,3.0,1001.8,9.1,0,13,0,190,0,23,14.900,1.9,2.8,9.9,9.9,12.8,1140
18-may-2022,0,16.2,0,8.1,0,6.9,0,8.0,1003.1,10.1,0,19,0,140,0,32,13.212,2.3,3.2,4.0,4.0,7.0,1257
19-may-2022,0,17.5,0,7.3,0,5.3,0,0.4,1007.4,8.6,0,15,0,200,0,25,13.038,2.8,4.0,6.3,6.3,9.4,1785
20-may-2022,0,14.9,0,10.4,0,8.9,0,3.8,1008.7,9.5,0,17,0,250,0,30,14.000,2.7,4.2,5.0,5.0,8.3,2077
21-may-2022,0,17.5,0,10.3,0,9.7,0,1.0,1009.8,7.6,0,14,0,230,0,20,14.448,2.3,3.3,6.3,6.3,9.6,1326
22-may-2022,0,16.0,0,10.5,0,10.8,0,3.5,1003.7,8.9,0,17,0,210,0,24,14.465,2.4,3.5,5.0,5.0,8.5,1560
23-may-2022,0,15.3,0,9.1,0,8.5,0,0.9,999.3,6.6,0,15,0,310,0,22,14.668,2.8,3.9,6.8,6.8,10.4,1920
24-may-2022,0,15.2,0,7.7,0,5.9,0,4.8,1001.9,7.1,0,12,0,230,0,21,14.375,2.6,3.7,4.4,4.4,8.1,1847
25-may-2022,0,15.2,0,10.4,0,9.6,0,4.6,1005.5,10.1,0,15,0,260,0,25,14.350,2.3,3.5,2.0,2.0,5.8,1594
26-may-2022,0,16.1,0,9.5,0,10.2,0,8.6,1015.0,9.9,0,17,0,220,0,28,14.900,2.7,4.0,0.0,-4.0,-0.1,1815
27-may-2022,0,15.7,0,7.7,0,7.8,0,0.0,1022.8,5.8,0,11,0,230,0,16,15.385,3.6,5.1,3.6,3.6,3.5,2736
28-may-2022,0,19.3,0,4.7,0,0.2,0,0.0,1022.9,4.3,0,8,0,10,0,14,16.670,3.8,5.3,7.3,7.3,7.3,2881
29-may-2022,0,16.7,0,5.1,0,5.0,0,0.0,1017.8,6.4,0,12,0,340,0,21,16.720,3.3,4.8,10.4,10.4,10.6,2526
30-may-2022,0,14.2,0,5.1,0,1.1,0,0.3,1010.9,8.3,0,15,0,310,0,21,14.878,2.2,3.3,12.1,12.1,12.5,1521
31-may-2022,0,15.0,0,3.8,0,-0.2,0,0.1,1010.6,6.6,0,14,0,320,0,19,14.165,2.1,3.0,13.9,13.9,14.5,1317
01-jun-2022,0,19.3,0,6.5,0,2.1,0,0.2,1013.6,3.4,0,7,0,300,0,11,16.782,3.9,5.2,17.1,17.1,18.0,2768
02-jun-2022,0,15.5,0,7.5,0,3.4,0,3.6,1013.3,4.4,0,10,0,300,0,16,16.160,1.9,2.5,15.0,15.0,16.1,1182
03-jun-2022,0,17.6,0,5.9,0,2.3,0,0.1,1016.0,5.1,0,13,0,50,0,21,15.320,2.6,3.6,17.2,17.2,18.5,1749
04-jun-2022,0,18.2,0,9.6,0,8.2,0,0.0,1016.3,10.2,0,16,0,70,0,24,16.040,3.6,5.4,20.2,20.2,21.8,2442
05-jun-2022,0,15.6,0,10.2,0,10.4,0,0.3,1012.7,7.1,0,11,0,70,0,17,15.557,1.9,2.7,21.5,21.5,23.2,1105
06-jun-2022,0,16.0,0,9.7,0,8.8,0,1.0,1009.8,5.9,0,9,0,150,0,14,15.400,1.9,2.6,22.0,22.0,23.8,1080
07-jun-2022,0,18.5,0,12.1,0,11.0,0,2.0,1000.9,6.2,0,11,0,110,0,17,16.310,2.3,3.2,21.9,21.9,23.8,1246
08-jun-2022,0,15.8,0,12.0,0,11.4,0,1.6,999.0,11.4,0,19,0,250,0,35,15.952,2.8,4.5,22.6,22.6,24.7,2144
09-jun-2022,0,18.3,0,11.0,0,10.8,0,3.6,1002.7,10.9,0,18,0,220,0,29,15.568,2.6,4.0,21.0,21.0,23.3,1717
10-jun-2022,0,18.0,0,12.0,0,10.6,0,0.5,1005.3,15.9,0,23,0,220,0,38,15.735,3.7,5.8,23.5,23.5,26.0,2284
11-jun-2022,0,15.9,0,11.6,0,10.7,0,1.6,1011.9,12.5,0,19,0,230,0,31,15.270,2.8,4.2,24.1,24.1,26.7,1686
12-jun-2022,0,15.2,0,11.0,0,10.2,0,0.4,1019.2,8.7,0,16,0,270,0,25,14.655,2.4,3.3,25.5,25.5,28.3,1249
13-jun-2022,0,15.8,0,10.7,0,10.1,0,0.0,1019.7,5.8,0,12,0,220,0,19,15.160,2.5,3.3,27.4,27.4,30.3,1376
14-jun-2022,0,17.4,0,10.0,0,8.8,0,0.0,1016.0,5.9,0,11,0,230,0,17,15.912,2.8,3.9,29.6,29.6,32.6,1663
15-jun-2022,0,18.2,0,8.0,0,3.5,0,0.0,1014.6,5.1,0,10,0,260,0,18,16.722,2.9,3.9,31.7,31.7,34.8,1885
16-jun-2022,0,22.5,0,13.2,0,12.0,0,0.0,1012.4,6.0,0,11,0,150,0,21,18.398,3.7,4.8,34.3,34.3,37.5,1862
17-jun-2022,0,18.8,0,10.2,0,14.3,0,8.6,1013.1,7.3,0,11,0,310,0,19,17.510,2.2,3.0,27.2,27.2,30.5,1176
18-jun-2022,0,17.8,0,9.3,0,8.2,0,0.1,1018.1,6.8,0,14,0,290,0,20,16.073,3.2,4.4,29.5,29.5,32.9,1840
19-jun-2022,0,15.6,0,7.8,0,8.8,0,0.0,1016.7,9.0,0,14,0,340,0,24,15.265,1.9,2.8,30.8,30.8,34.4,1146
20-jun-2022,0,19.7,0,5.1,0,0.6,0,0.0,1016.0,5.3,0,11,0,220,0,19,17.165,3.9,5.5,33.7,33.7,37.3,2950
21-jun-2022,0,20.6,0,12.2,0,12.0,0,0.2,1011.6,3.7,0,7,0,260,0,12,18.055,2.2,2.8,35.0,35.0,38.7,1112
22-jun-2022,0,20.2,0,12.4,0,13.2,0,0.0,1010.4,4.8,0,8,0,260,0,14,19.513,3.5,4.7,37.3,37.3,41.2,2155
23-jun-2022,0,17.1,0,11.8,0,11.9,0,0.0,1003.2,4.9,0,9,0,250,0,17,18.370,2.2,2.9,38.8,38.8,42.7,1288
24-jun-2022,0,15.9,0,10.3,0,12.4,0,13.8,992.6,5.8,0,12,0,270,0,17,17.100,1.4,1.9,25.9,25.9,29.8,815
25-jun-2022,0,13.7,0,9.9,0,9.2,0,8.6,987.5,11.6,0,19,0,180,0,29,14.262,1.7,2.6,18.6,18.6,22.6,981
26-jun-2022,0,16.5,0,10.0,0,10.6,0,8.0,995.1,8.3,0,14,0,270,0,23,15.177,2.7,3.9,12.8,12.8,16.9,1802
27-jun-2022,0,14.9,0,8.6,0,5.8,0,9.4,1003.9,7.8,0,14,0,220,0,24,14.087,1.9,2.7,5.0,5.0,9.3,1168
28-jun-2022,0,17.2,0,11.9,0,11.4,0,9.8,997.9,10.0,0,20,0,190,0,31,15.458,3.1,4.7,0.0,-1.8,2.6,2135
29-jun-2022,0,16.7,0,7.1,0,3.1,0,6.0,1002.6,4.8,0,12,0,260,0,19,15.427,2.4,3.4,0.0,-3.6,-1.0,1694
30-jun-2022,0,16.7,0,7.9,0,4.6,0,0.0,1007.1,4.9,0,11,0,250,0,18,15.825,2.6,3.6,2.6,2.6,1.6,1809
01-jul-2022,0,16.0,0,10.1,0,8.4,0,10.2,1006.8,6.0,0,11,0,190,0,19,15.180,1.7,2.4,0.0,-6.0,-6.9,1137
02-jul-2022,0,18.5,0,10.4,0,9.9,0,1.9,1010.6,7.0,0,13,0,290,0,19,16.618,3.7,5.3,1.8,1.8,-4.8,2638
03-jul-2022,0,16.1,0,10.5,0,9.5,0,0.1,1016.0,7.0,0,12,0,280,0,21,15.790,2.3,3.2,4.0,4.0,-2.3,1332
04-jul-2022,0,16.1,0,10.9,0,9.9,0,0.2,1018.2,7.2,0,12,0,280,0,18,15.538,2.2,3.1,5.8,5.8,-0.2,1391
05-jul-2022,0,19.3,0,13.7,0,13.0,0,0.0,1023.3,6.0,0,10,0,230,0,15,16.962,2.3,3.1,8.0,8.0,2.0,1293
06-jul-2022,0,17.6,0,13.8,0,12.9,0,0.0,1025.8,6.9,0,13,0,260,0,19,16.910,1.8,2.5,9.6,9.6,3.8,976
07-jul-2022,0,21.3,0,12.9,0,14.0,0,0.0,1028.9,5.7,0,10,0,240,0,17,19.285,3.6,5.0,12.9,12.9,7.4,2439
08-jul-2022,0,18.9,0,12.2,0,10.6,0,0.1,1030.6,5.6,0,10,0,220,0,16,19.675,3.1,4.4,15.6,15.6,10.5,2204
09-jul-2022,0,24.0,0,12.3,0,11.4,0,0.1,1028.7,4.1,0,7,0,340,0,11,21.257,4.0,5.3,18.9,18.9,14.3,2511
10-jul-2022,0,25.8,0,13.2,0,9.7,0,0.0,1022.4,3.3,0,6,0,70,0,10,22.917,4.3,5.6,22.5,22.5,18.5,2577
11-jul-2022,0,24.2,0,13.9,0,11.5,0,0.3,1015.7,5.8,0,14,0,190,0,22,21.432,3.2,4.1,24.7,24.7,21.0,1578
12-jul-2022,0,20.5,0,9.2,0,15.4,0,0.4,1016.8,5.2,0,12,0,330,0,16,19.243,1.8,2.3,25.6,25.6,22.2,834
13-jul-2022,0,19.0,0,9.3,0,5.3,0,0.1,1021.0,5.7,0,11,0,240,0,21,18.677,3.1,4.3,27.9,27.9,24.8,2033
14-jul-2022,0,18.6,0,9.9,0,5.6,0,0.0,1022.1,6.1,0,11,0,260,0,19,19.317,3.1,4.4,30.2,30.2,27.4,2182
15-jul-2022,0,20.5,0,10.8,0,14.2,0,0.9,1020.3,5.5,0,9,0,230,0,17,20.225,3.2,4.4,31.6,31.6,29.2,2122
16-jul-2022,0,25.0,0,9.1,0,6.3,0,0.2,1018.6,3.3,0,8,0,190,0,13,20.948,3.5,4.6,33.9,33.9,31.8,2119
17-jul-2022,0,27.0,0,14.0,0,14.0,0,0.0,1015.0,5.2,0,12,0,190,0,18,22.090,4.2,5.5,36.9,36.9,35.1,2314
18-jul-2022,0,30.5,0,14.9,0,9.8,0,0.0,1009.5,3.4,0,11,0,200,0,17,23.493,4.4,5.6,39.8,39.8,38.4,2324
19-jul-2022,0,19.4,0,13.6,0,13.5,0,0.0,1008.5,6.5,0,12,0,320,0,18,21.042,1.9,2.5,41.0,41.0,39.7,841
20-jul-2022,0,18.4,0,11.9,0,10.4,0,0.0,1016.2,7.0,0,12,0,280,0,18,19.865,2.3,3.2,42.4,42.4,41.4,1285
21-jul-2022,0,18.8,0,12.1,0,12.0,0,0.1,1019.8,3.6,0,6,0,40,0,10,19.998,2.6,3.4,43.9,43.9,43.0,1473
22-jul-2022,0,22.2,0,12.1,0,11.3,0,2.3,1014.1,3.5,0,7,0,140,0,12,21.038,3.2,4.2,43.5,43.5,42.9,1924
23-jul-2022,0,20.9,0,15.5,0,15.4,0,12.6,1005.0,8.1,0,15,0,220,0,23,19.490,1.4,1.9,31.8,31.8,31.2,710
24-jul-2022,0,19.6,0,13.9,0,15.3,0,13.2,999.1,8.6,0,16,0,210,0,27,18.290,2.0,2.8,20.0,20.0,19.5,1095
25-jul-2022,0,18.6,0,12.1,0,12.2,0,0.4,1009.2,9.6,0,16,0,310,0,25,18.343,2.5,3.7,21.6,21.6,21.4,1539
26-jul-2022,0,18.1,0,10.8,0,9.3,0,0.0,1018.4,3.8,0,8,0,290,0,12,18.055,2.4,3.1,23.5,23.5,23.5,1328
27-jul-2022,0,17.6,0,10.6,0,9.2,0,1.8,1015.1,3.2,0,9,0,190,0,15,17.362,1.9,2.5,23.2,23.2,23.4,1009
28-jul-2022,0,20.9,0,11.6,0,11.4,0,0.0,1011.4,4.5,0,8,0,80,0,13,18.288,3.4,4.5,25.9,25.9,26.3,2078
29-jul-2022,0,20.0,0,12.1,0,9.6,0,2.5,1011.2,5.9,0,11,0,190,0,19,18.085,1.7,2.3,24.7,24.7,25.3,822
30-jul-2022,0,17.6,0,15.5,0,15.7,0,18.6,1009.8,6.5,0,11,0,220,0,18,17.845,1.0,1.3,6.9,6.9,7.5,468
31-jul-2022,0,21.0,0,10.7,0,10.9,0,0.0,1012.6,6.0,0,11,0,330,0,15,19.323,3.4,4.7,10.0,10.0,10.9,2319
01-aug-2022,0,19.3,0,8.2,0,5.5,0,22.6,1009.1,7.5,0,17,0,220,0,30,17.392,1.0,1.4,0.0,-10.0,-10.0,555
02-aug-2022,0,18.2,0,15.2,0,15.1,0,5.6,1002.9,12.0,0,17,0,210,0,26,18.108,1.6,2.5,0.0,-4.0,-10.0,1011
03-aug-2022,0,19.1,0,10.2,0,13.1,0,1.6,1006.6,8.1,0,14,0,220,0,22,17.632,2.5,3.5,0.9,0.9,-8.6,1506
04-aug-2022,0,19.8,0,6.9,0,2.8,0,0.0,1015.2,7.7,0,15,0,330,0,23,16.972,3.4,4.9,4.3,4.3,-4.7,2371
05-aug-2022,0,19.9,0,7.9,0,5.7,0,0.0,1022.1,5.8,0,11,0,300,0,17,17.548,3.1,4.3,7.3,7.3,-1.4,2041
06-aug-2022,0,18.9,0,7.5,0,4.7,0,0.0,1025.3,5.3,0,12,0,250,0,19,17.685,2.8,4.0,9.9,9.9,1.5,2100
07-aug-2022,0,19.8,0,8.3,0,5.6,0,0.0,1023.4,4.9,0,11,0,230,0,18,17.952,2.9,4.0,12.5,12.5,4.4,2057
08-aug-2022,0,21.2,0,6.9,0,4.1,0,0.0,1024.3,3.4,0,8,0,250,0,12,18.698,3.3,4.5,15.5,15.5,7.7,2457
09-aug-2022,0,22.4,0,9.1,0,7.1,0,0.1,1024.7,2.9,0,7,0,250,0,12,20.118,3.7,4.9,18.6,18.6,11.3,2621
10-aug-2022,0,25.0,0,7.3,0,4.7,0,0.0,1021.3,2.6,0,7,0,240,0,11,20.688,3.8,5.1,21.7,21.7,15.1,2625
11-aug-2022,0,28.0,0,8.7,0,6.2,0,0.1,1017.9,3.0,0,7,0,0,0,9,21.720,4.1,5.4,24.9,24.9,18.8,2563
12-aug-2022,0,28.5,0,10.4,0,8.3,0,0.0,1014.9,3.7,0,6,0,30,0,10,22.605,4.2,5.5,28.1,28.1,22.6,2496
13-aug-2022,0,28.1,0,12.2,0,9.6,0,0.0,1010.0,4.3,0,7,0,80,0,12,23.218,4.1,5.3,31.2,31.2,26.2,2417
14-aug-2022,0,25.8,0,13.0,0,10.9,0,20.7,1003.3,3.2,0,10,0,90,0,15,21.950,2.3,2.9,12.1,12.1,7.4,1154
15-aug-2022,0,20.0,0,14.1,0,12.9,0,9.5,1001.8,7.3,0,13,0,350,0,19,19.765,2.0,2.7,4.3,4.3,-0.1,1110
16-aug-2022,0,18.3,0,7.8,0,12.1,0,0.0,1009.8,9.8,0,16,0,330,0,26,18.257,2.6,3.8,6.8,6.8,2.4,1753
17-aug-2022,0,18.1,0,5.4,0,2.1,0,0.3,1011.5,4.7,0,8,0,200,0,13,16.730,2.4,3.3,8.7,8.7,4.5,1744
18-aug-2022,0,19.4,0,12.4,0,12.1,0,2.5,1005.9,7.9,0,14,0,260,0,25,17.840,2.3,3.3,8.3,8.3,4.3,1623
19-aug-2022,0,18.0,0,12.2,0,10.9,0,4.5,1007.3,8.4,0,15,0,240,0,26,17.220,2.5,3.6,6.1,6.1,2.2,1740
20-aug-2022,0,18.4,0,7.3,0,14.0,0,5.8,1007.3,10.2,0,20,0,230,0,31,16.948,1.8,2.8,2.0,2.0,-1.7,1228
21-aug-2022,0,20.4,0,7.3,0,3.9,0,0.0,1008.0,2.3,0,5,0,340,0,9,17.177,2.7,3.6,4.7,4.7,1.0,1916
22-aug-2022,0,19.0,0,12.3,0,10.2,0,1.7,1004.3,6.0,0,11,0,220,0,18,17.667,1.4,1.8,4.3,4.3,0.7,681
23-aug-2022,0,19.4,0,14.3,0,13.2,0,1.7,1004.9,5.0,0,10,0,240,0,15,18.417,2.6,3.6,5.1,5.1,1.6,1744
24-aug-2022,0,18.5,0,10.5,0,7.0,0,0.4,1009.9,6.6,0,15,0,220,0,24,17.263,2.3,3.2,6.9,6.9,3.5,1580
25-aug-2022,0,16.7,0,10.3,0,6.3,0,2.3,1013.4,5.1,0,10,0,210,0,16,16.157,1.3,1.8,5.8,5.8,2.5,776
26-aug-2022,0,18.9,0,9.5,0,6.1,0,0.0,1015.1,5.3,0,13,0,310,0,19,17.180,2.5,3.5,8.2,8.2,5.0,1845
27-aug-2022,0,22.0,0,11.2,0,7.7,0,0.1,1016.0,2.5,0,5,0,350,0,8,17.978,2.3,3.0,10.2,10.2,7.2,1437
28-aug-2022,0,20.4,0,12.9,0,12.4,0,0.1,1017.1,5.3,0,9,0,90,0,14,17.752,2.0,2.6,11.9,11.9,9.1,969
29-aug-2022,0,24.1,0,11.7,0,8.8,0,0.0,1018.5,5.1,0,10,0,100,0,18,17.950,2.7,3.5,14.3,14.3,11.8,1493
30-aug-2022,0,22.7,0,12.6,0,12.1,0,0.0,1021.6,6.2,0,11,0,110,0,16,18.530,3.1,4.1,17.0,17.0,14.8,1894
31-aug-2022,0,20.5,0,9.6,0,5.7,0,0.0,1022.3,5.2,0,10,0,80,0,15,17.528,2.5,3.3,19.1,19.1,17.2,1591
01-sep-2022,0,21.3,0,6.4,0,3.9,0,0.0,1017.3,3.3,0,7,0,90,0,11,17.275,2.1,2.9,20.8,20.8,19.2,1444
02-sep-2022,0,18.3,0,8.1,0,4.5,0,7.0,1006.8,4.2,0,10,0,310,0,15,16.800,1.5,2.0,15.0,15.0,13.5,889
03-sep-2022,0,17.2,0,7.1,0,3.8,0,0.5,998.1,4.5,0,10,0,100,0,16,15.773,1.8,2.5,16.1,16.1,14.8,1394
04-sep-2022,0,20.4,0,10.8,0,8.3,0,22.1,998.8,8.1,0,16,0,150,0,27,16.040,2.6,3.6,0.0,-3.8,-4.8,1742
05-sep-2022,0,19.8,0,8.8,0,6.4,0,7.6,999.0,10.2,0,19,0,120,0,30,15.278,1.8,2.6,0.0,-5.8,-10.0,1167
06-sep-2022,0,19.3,0,13.3,0,13.3,0,1.8,996.2,8.6,0,13,0,120,0,21,16.013,1.8,2.4,0.0,-0.0,-9.5,906
07-sep-2022,0,19.9,0,13.6,0,12.1,0,1.6,994.0,7.5,0,13,0,100,0,19,16.403,1.9,2.6,0.3,0.3,-8.7,1119
08-sep-2022,0,21.1,0,12.4,0,12.6,0,11.6,999.4,6.6,0,12,0,320,0,16,16.960,2.0,2.6,0.0,-9.3,-10.0,1152
09-sep-2022,0,19.1,0,12.4,0,9.6,0,0.0,1007.8,6.9,0,12,0,300,0,18,16.470,1.4,1.9,1.4,1.4,-8.1,804
10-sep-2022,0,19.8,0,8.6,0,5.1,0,0.0,1012.6,3.3,0,7,0,110,0,10,16.567,1.6,2.2,3.0,3.0,-6.1,1049
11-sep-2022,0,18.7,0,12.0,0,10.6,0,9.9,1007.3,5.5,0,10,0,90,0,15,16.125,0.9,1.2,0.0,-6.0,-10.0,428
12-sep-2022,0,17.8,0,9.4,0,14.2,0,1.7,1007.2,5.3,0,10,0,20,0,16,17.038,1.2,1.7,0.0,-0.5,-10.0,867
13-sep-2022,0,17.9,0,8.4,0,5.8,0,0.0,1009.2,5.6,0,8,0,80,0,14,15.233,2.0,2.7,2.0,2.0,-7.5,1468
14-sep-2022,0,18.0,0,7.4,0,3.8,0,0.2,1009.6,5.8,0,11,0,330,0,17,15.432,1.6,2.2,3.3,3.3,-5.7,995
15-sep-2022,0,18.0,0,7.0,0,10.1,0,0.2,1014.7,5.5,0,11,0,320,0,16,16.040,1.6,2.2,4.7,4.7,-4.0,973
16-sep-2022,0,17.9,0,5.9,0,1.3,0,0.0,1019.9,4.7,0,9,0,350,0,14,14.753,1.9,2.6,6.5,6.5,-2.0,1378
17-sep-2022,0,17.0,0,2.2,0,-0.9,0,0.0,1021.3,1.9,0,5,0,230,0,10,14.108,1.8,2.5,8.2,8.2,-0.1,1747
18-sep-2022,0,14.9,0,9.0,0,3.3,0,0.0,1020.0,2.0,0,6,0,200,0,8,14.180,0.8,1.1,8.9,8.9,0.7,360
19-sep-2022,0,17.9,0,6.5,0,3.4,0,0.0,1020.4,3.1,0,8,0,200,0,13,14.698,1.6,2.2,10.4,10.4,2.3,1220
20-sep-2022,0,17.8,0,10.1,0,6.0,0,0.0,1019.6,3.1,0,7,0,210,0,13,15.233,1.3,1.7,11.5,11.5,3.6,843
21-sep-2022,0,17.8,0,11.5,0,9.6,0,3.3,1014.6,6.2,0,11,0,210,0,17,15.368,1.2,1.6,9.3,9.3,1.5,594
22-sep-2022,0,19.3,0,6.3,0,13.3,0,16.2,1011.2,4.9,0,10,0,340,0,15,16.013,1.4,1.8,0.0,-5.6,-10.0,898
23-sep-2022,0,17.1,0,5.5,0,3.1,0,0.2,1015.4,4.3,0,13,0,320,0,20,14.208,1.4,2.0,1.2,1.2,-8.3,1177
24-sep-2022,0,16.1,0,4.8,0,2.6,0,0.0,1019.5,5.8,0,12,0,40,0,18,13.657,1.3,1.8,2.5,2.5,-6.6,919
25-sep-2022,0,15.4,0,3.6,0,1.1,0,0.2,1013.7,5.9,0,14,0,280,0,23,12.868,0.8,1.2,3.1,3.1,-5.6,678
26-sep-2022,0,15.2,0,8.7,0,9.5,0,0.0,1006.1,11.6,0,19,0,310,0,30,13.700,1.2,1.8,4.3,4.3,-4.1,911
27-sep-2022,0,12.9,0,8.5,0,4.5,0,4.6,1002.9,6.2,0,15,0,320,0,23,12.648,0.7,1.0,0.4,0.4,-7.8,325
28-sep-2022,0,15.1,0,6.3,0,5.7,0,0.6,1002.5,7.9,0,14,0,320,0,21,13.015,1.3,1.9,1.1,1.1,-6.7,1086
29-sep-2022,0,17.3,0,5.3,0,1.0,0,0.2,1004.6,4.8,0,10,0,310,0,13,12.415,1.4,1.9,2.3,2.3,-5.2,1058
30-sep-2022,0,17.6,0,10.4,0,6.2,0,24.7,994.7,10.7,0,20,0,230,0,32,13.682,1.1,1.6,0.0,-10.0,-10.0,677
01-oct-2022,0,16.8,0,10.9,0,8.8,0,3.6,1001.8,7.7,0,14,0,270,0,26,13.438,1.6,2.2,0.0,-2.0,-10.0,1125
02-oct-2022,0,16.3,0,7.4,0,4.0,0,0.0,1014.7,3.7,0,8,0,230,0,14,13.040,1.2,1.6,1.2,1.2,-8.3,926
03-oct-2022,0,18.0,0,8.5,0,4.2,0,0.1,1010.8,8.9,0,15,0,190,0,26,13.333,1.0,1.4,2.1,2.1,-7.0,432
04-oct-2022,0,16.9,0,12.5,0,13.8,0,21.0,999.7,7.4,0,16,0,200,0,26,14.690,0.8,1.0,0.0,-10.0,-10.0,309
05-oct-2022,0,13.6,0,9.9,0,9.6,0,9.7,1004.6,7.7,0,18,0,300,0,30,13.182,1.1,1.5,0.0,-8.6,-10.0,832
06-oct-2022,0,16.2,0,13.1,0,8.5,0,8.2,1012.2,13.3,0,19,0,230,0,32,13.225,1.4,1.8,0.0,-6.8,-10.0,432
07-oct-2022,0,14.9,0,6.9,0,9.4,0,11.4,1010.8,8.3,0,19,0,230,0,30,13.253,0.9,1.4,0.0,-10.0,-10.0,1031
08-oct-2022,0,14.4,0,3.1,0,0.1,0,0.1,1013.6,4.5,0,10,0,220,0,16,11.130,0.8,1.2,0.7,0.7,-8.8,762
09-oct-2022,0,14.6,0,5.0,0,8.5,0,10.5,1003.2,8.2,0,16,0,300,0,25,11.552,0.4,0.7,0.0,-9.3,-10.0,282
10-oct-2022,0,16.0,0,2.8,0,0.0,0,0.0,1015.4,4.3,0,11,0,290,0,17,10.420,1.1,1.6,1.1,1.1,-8.4,981
11-oct-2022,0,13.1,0,8.7,0,7.7,0,0.0,1015.3,7.1,0,13,0,200,0,22,11.327,0.9,1.2,2.0,2.0,-7.1,449
12-oct-2022,0,14.8,0,5.1,0,10.2,0,3.8,1010.6,4.1,0,15,0,200,0,23,12.390,0.6,0.8,0.0,-1.3,-10.0,488
13-oct-2022,0,14.5,0,3.8,0,0.2,0,0.2,1007.9,5.1,0,13,0,200,0,18,10.488,0.6,0.9,0.4,0.4,-9.0,624
14-oct-2022,0,14.1,0,7.6,0,7.1,0,6.2,998.1,5.6,0,12,0,200,0,20,11.483,0.9,1.3,0.0,-4.9,-10.0,944
15-oct-2022,0,10.4,0,5.3,0,3.8,0,16.5,989.6,7.2,0,16,0,210,0,28,9.573,0.6,0.9,0.0,-10.0,-10.0,212
16-oct-2022,0,12.0,0,4.2,0,0.2,0,5.0,993.8,7.7,0,18,0,100,0,30,8.010,0.6,0.8,0.0,-4.4,-10.0,221
17-oct-2022,0,14.2,0,5.7,0,5.8,0,2.1,1002.2,11.0,0,21,0,210,0,37,10.325,1.0,1.4,0.0,-1.1,-10.0,682
18-oct-2022,0,16.3,0,6.4,0,1.9,0,0.5,1016.5,9.4,0,14,0,80,0,24,10.243,0.9,1.3,0.4,0.4,-9.1,692
19-oct-2022,0,14.8,0,11.7,0,10.5,0,10.6,1006.3,13.6,0,19,0,80,0,29,12.005,0.9,1.3,0.0,-9.2,-10.0,413
20-oct-2022,0,17.5,0,11.0,0,9.2,0,0.2,994.5,7.8,0,13,0,100,0,19,12.300,0.9,1.3,0.7,0.7,-8.8,714
21-oct-2022,0,15.9,0,11.3,0,10.3,0,5.4,984.9,10.8,0,21,0,80,0,29,12.705,0.7,1.0,0.0,-3.9,-10.0,414
22-oct-2022,0,14.0,0,7.1,0,11.1,0,12.1,992.9,7.7,0,14,0,200,0,23,12.468,0.4,0.6,0.0,-10.0,-10.0,241
23-oct-2022,0,17.0,0,8.6,0,3.0,0,11.8,992.2,3.9,0,8,0,130,0,14,11.962,0.7,0.9,0.0,-10.0,-10.0,336
24-oct-2022,0,14.9,0,10.2,0,4.9,0,7.0,993.7,5.8,0,13,0,240,0,19,12.443,0.6,0.9,0.0,-6.4,-10.0,656
25-oct-2022,0,15.8,0,9.3,0,6.9,0,6.9,991.9,7.8,0,13,0,150,0,19,11.988,0.6,0.9,0.0,-6.3,-10.0,420
26-oct-2022,0,14.9,0,10.4,0,10.6,0,3.7,991.0,10.4,0,18,0,190,0,30,12.028,0.8,1.1,0.0,-2.9,-10.0,638
27-oct-2022,0,17.8,0,11.7,0,7.9,0,5.0,996.3,8.8,0,17,0,150,0,25,12.610,0.9,1.1,0.0,-4.1,-10.0,552
28-oct-2022,0,16.4,0,9.8,0,8.1,0,9.2,998.1,6.8,0,18,0,200,0,26,12.335,0.8,1.0,0.0,-8.4,-10.0,615
29-oct-2022,0,17.2,0,11.1,0,9.6,0,14.2,997.4,9.8,0,19,0,90,0,29,12.020,1.0,1.2,0.0,-10.0,-10.0,366
30-oct-2022,0,14.4,0,10.6,0,9.7,0,0.9,995.8,8.5,0,17,0,210,0,25,11.400,0.8,1.0,0.0,-0.1,-9.6,401
31-oct-2022,0,14.1,0,6.6,0,8.6,0,13.4,994.6,5.0,0,15,0,160,0,26,11.190,0.5,0.7,0.0,-10.0,-10.0,134
01-nov-2022,0,10.4,0,6.5,0,3.1,0,5.5,995.7,6.9,0,14,0,210,0,25,9.368,0.6,0.8,0.0,-4.9,-10.0,246
02-nov-2022,0,12.8,0,6.3,0,4.9,0,25.3,992.3,12.4,0,28,0,220,0,46,9.156,0.7,0.9,0.0,-10.0,-10.0,262
03-nov-2022,0,12.0,0,4.2,0,3.6,0,3.9,996.5,5.4,0,11,0,200,0,19,8.731,0.5,0.7,0.0,-3.4,-10.0,617
04-nov-2022,0,12.8,0,0.9,0,-2.7,0,1.7,1007.5,3.8,0,8,0,150,0,15,7.668,0.4,0.5,0.0,-1.3,-10.0,451
05-nov-2022,0,13.9,0,8.8,0,5.4,0,3.8,999.1,7.4,0,13,0,150,0,22,10.033,0.4,0.6,0.0,-3.4,-10.0,636
06-nov-2022,0,12.3,0,8.1,0,6.0,0,4.8,988.8,8.3,0,15,0,210,0,23,9.408,0.6,0.8,0.0,-4.2,-10.0,455
07-nov-2022,0,14.4,0,7.8,0,7.3,0,12.4,980.0,9.7,0,17,0,180,0,27,10.528,0.6,0.8,0.0,-10.0,-10.0,160
08-nov-2022,0,11.9,0,7.0,0,5.0,0,6.6,981.7,7.1,0,14,0,220,0,25,9.107,0.5,0.6,0.0,-6.1,-10.0,426
09-nov-2022,0,13.4,0,8.0,0,4.9,0,8.0,993.4,9.0,0,16,0,230,0,25,9.570,0.5,0.6,0.0,-7.5,-10.0,331
10-nov-2022,0,16.4,0,13.4,0,8.1,0,1.0,999.7,14.4,0,19,0,210,0,34,11.815,1.0,1.2,0.0,0.0,-9.5,190
11-nov-2022,0,16.1,0,7.7,0,13.4,0,3.2,1006.8,11.2,0,22,0,210,0,35,12.568,0.4,0.6,0.0,-2.8,-10.0,144
12-nov-2022,0,14.6,0,11.0,0,2.1,0,4.9,1009.9,8.1,0,14,0,150,0,22,11.870,0.5,0.7,0.0,-4.4,-10.0,156
13-nov-2022,0,15.2,0,9.9,0,11.0,0,4.5,1003.5,7.8,0,19,0,150,0,31,11.568,0.6,0.8,0.0,-3.9,-10.0,118
14-nov-2022,0,12.1,0,5.7,0,0.9,0,3.7,990.9,7.9,0,18,0,140,0,29,10.100,0.2,0.3,0.0,-3.5,-10.0,531
15-nov-2022,0,10.8,0,3.0,0,-1.4,0,0.2,982.1,4.7,0,11,0,250,0,21,8.411,0.2,0.4,0.0,0.0,-9.5,504
16-nov-2022,0,11.4,0,0.2,0,-4.1,0,0.0,980.5,2.8,0,6,0,70,0,9,6.604,0.1,0.2,0.1,0.1,-8.9,538
17-nov-2022,0,10.3,0,-0.8,0,-4.7,0,0.4,987.8,2.7,0,9,0,300,0,14,5.839,0.1,0.2,0.0,-0.2,-8.8,448
18-nov-2022,0,10.2,0,-0.9,0,-2.2,0,0.6,1001.1,4.4,0,11,0,300,0,20,5.965,0.2,0.3,0.0,-0.4,-8.8,435
19-nov-2022,0,8.4,0,-1.8,0,-6.3,0,7.1,1003.6,6.2,0,14,0,150,0,25,4.811,0.3,0.4,0.0,-6.8,-10.0,110
20-nov-2022,0,9.1,0,4.8,0,-1.0,0,4.2,996.9,6.3,0,14,0,220,0,26,6.071,0.3,0.5,0.0,-3.9,-10.0,300
21-nov-2022,0,9.1,0,5.7,0,1.9,0,8.3,985.1,7.2,0,13,0,130,0,23,7.055,0.3,0.4,0.0,-8.0,-10.0,330
22-nov-2022,0,9.7,0,2.0,0,-1.0,0,1.0,980.5,4.2,0,11,0,340,0,16,6.897,0.2,0.3,0.0,-0.8,-10.0,324
23-nov-2022,0,9.5,0,5.8,0,3.9,0,18.7,977.2,10.6,0,21,0,220,0,36,6.839,0.7,0.8,0.0,-10.0,-10.0,143
24-nov-2022,0,10.1,0,6.2,0,4.5,0,13.0,984.3,10.5,0,19,0,200,0,33,7.132,0.5,0.6,0.0,-10.0,-10.0,256
25-nov-2022,0,11.4,0,7.7,0,3.8,0,0.8,1000.6,9.0,0,14,0,240,0,32,7.306,0.6,0.7,0.0,-0.2,-9.7,297
26-nov-2022,0,14.2,0,10.3,0,8.1,0,1.4,1000.5,12.2,0,20,0,220,0,33,9.540,1.0,1.2,0.0,-0.4,-9.5,161
27-nov-2022,0,10.9,0,6.8,0,5.8,0,7.5,996.8,9.6,0,18,0,200,0,29,8.232,0.5,0.5,0.0,-7.0,-10.0,356
28-nov-2022,0,11.6,0,6.4,0,4.1,0,2.6,1002.4,5.4,0,11,0,310,0,17,7.484,0.2,0.3,0.0,-2.4,-10.0,367
29-nov-2022,0,8.0,0,1.4,0,-3.5,0,0.0,1012.2,4.5,0,9,0,110,0,14,6.674,0.2,0.3,0.2,0.2,-9.3,173
30-nov-2022,0,12.9,0,7.8,0,4.9,0,1.1,1015.2,6.2,0,11,0,210,0,18,8.494,0.4,0.6,0.0,-0.4,-9.4,140
01-dec-2022,0,11.1,0,6.5,0,7.5,0,0.0,1019.5,5.4,0,9,0,190,0,16,9.078,0.4,0.5,0.4,0.4,-8.5,146
02-dec-2022,0,10.1,0,5.5,0,3.2,0,0.0,1020.4,4.4,0,8,0,160,0,11,7.600,0.3,0.4,0.7,0.7,-7.8,224
03-dec-2022,0,7.7,0,3.3,0,4.6,0,0.0,1018.7,3.1,0,6,0,80,0,8,7.481,0.3,0.4,1.0,1.0,-7.1,76
04-dec-2022,0,6.6,0,1.8,0,-1.9,0,2.2,1015.6,7.8,0,14,0,60,0,21,5.389,0.1,0.1,0.0,-1.1,-8.9,360
05-dec-2022,0,7.2,0,3.7,0,2.1,0,0.1,1020.5,8.3,0,12,0,40,0,19,5.605,0.3,0.4,0.2,0.2,-8.2,181
06-dec-2022,0,6.4,0,-1.0,0,0.7,0,0.0,1023.7,5.8,0,11,0,50,0,19,4.971,0.0,0.0,0.2,0.2,-7.8,376
07-dec-2022,0,6.0,0,-1.1,0,-4.9,0,0.0,1019.8,3.5,0,7,0,0,0,10,3.930,0.0,0.1,0.2,0.2,-7.4,320
08-dec-2022,0,4.4,0,-3.5,0,-2.9,0,0.0,1012.1,3.3,0,6,0,10,0,10,3.563,0.0,0.1,0.3,0.3,-7.0,255
09-dec-2022,0,-1.3,0,-6.4,0,-10.5,0,0.0,1007.3,1.8,0,6,0,350,0,8,1.701,0.0,0.0,0.3,0.3,-6.6,215
10-dec-2022,0,3.7,0,-6.3,0,-10.1,0,0.0,1005.2,1.2,0,3,0,0,0,4,1.257,0.0,0.0,0.3,0.3,-6.3,368
11-dec-2022,0,1.6,0,-8.1,0,-11.6,0,0.0,1005.6,1.2,0,4,0,190,0,6,0.758,0.0,0.0,0.3,0.3,-6.0,335
12-dec-2022,0,-1.5,0,-7.2,0,-11.0,0,0.0,1002.3,3.2,0,6,0,90,0,7,0.333,0.0,0.0,0.3,0.3,-5.7,341
13-dec-2022,0,0.0,0,-3.9,0,-7.3,0,0.0,1002.6,3.3,0,6,0,50,0,10,0.176,0.1,0.1,0.3,0.3,-5.3,191
14-dec-2022,0,1.6,0,-5.6,0,-9.3,0,0.0,1006.6,5.3,0,8,0,50,0,14,-0.080,0.0,0.0,0.3,0.3,-5.1,369
15-dec-2022,0,2.4,0,-8.1,0,-11.7,0,0.0,1011.9,2.3,0,6,0,330,0,9,-0.420,0.0,0.0,0.3,0.3,-4.8,348
16-dec-2022,0,2.3,0,-7.1,0,-10.6,0,6.9,1011.3,4.2,0,10,0,210,0,15,-0.516,0.0,0.0,0.0,-6.6,-10.0,357
17-dec-2022,0,5.8,0,-0.7,0,-5.4,0,1.8,1008.2,4.4,0,9,0,100,0,12,-0.128,0.0,0.1,0.0,-1.8,-10.0,249
18-dec-2022,0,13.3,0,1.8,0,-5.4,0,1.4,994.1,10.2,0,14,0,120,0,25,0.593,0.4,0.6,0.0,-1.0,-10.0,82
19-dec-2022,0,13.4,0,6.5,0,6.3,0,7.5,983.8,11.4,0,18,0,190,0,32,6.746,0.5,0.6,0.0,-7.0,-10.0,216
20-dec-2022,0,7.6,0,4.0,0,2.8,0,9.0,991.3,12.1,0,20,0,220,0,35,4.836,0.5,0.6,0.0,-8.5,-10.0,239
21-dec-2022,0,9.7,0,3.8,0,2.5,0,5.9,992.8,10.4,0,20,0,240,0,37,4.984,0.5,0.6,0.0,-5.4,-10.0,169
22-dec-2022,0,8.0,0,0.6,0,-2.5,0,2.5,996.3,2.4,0,6,0,80,0,8,4.629,0.0,0.0,0.0,-2.5,-10.0,249
23-dec-2022,0,11.4,0,1.0,0,-1.9,0,15.5,991.3,9.6,0,18,0,230,0,30,5.187,0.3,0.4,0.0,-10.0,-10.0,198
24-dec-2022,0,9.2,0,5.5,0,3.3,0,3.6,993.1,7.3,0,12,0,190,0,21,5.404,0.5,0.6,0.0,-3.1,-10.0,91
25-dec-2022,0,10.3,0,0.6,0,2.4,0,5.0,997.6,6.7,0,16,0,320,0,25,5.378,0.3,0.3,0.0,-4.7,-10.0,179
26-dec-2022,0,6.4,0,0.7,0,-5.3,0,0.9,1008.7,4.6,0,12,0,270,0,21,3.021,0.2,0.3,0.0,-0.7,-10.0,224
27-dec-2022,0,9.3,0,3.4,0,-4.3,0,3.5,1005.6,7.9,0,15,0,190,0,26,4.990,0.2,0.3,0.0,-3.3,-10.0,150
28-dec-2022,0,10.7,0,4.5,0,-0.8,0,10.7,988.0,8.8,0,19,0,210,0,33,5.746,0.3,0.4,0.0,-10.0,-10.0,120
29-dec-2022,0,8.9,0,4.2,0,3.3,0,9.2,986.4,8.3,0,16,0,290,0,29,5.180,0.3,0.4,0.0,-8.9,-10.0,173
30-dec-2022,0,9.3,0,3.3,0,3.0,0,22.9,980.0,8.3,0,17,0,240,0,34,6.349,0.2,0.2,0.0,-10.0,-10.0,169
31-dec-2022,0,6.0,0,4.1,0,0.1,0,5.7,987.4,2.9,0,7,0,0,0,12,5.392,0.2,0.3,0.0,-5.5,-10.0,111
01-jan-2023,0,6.9,0,0.1,0,2.4,0,1.4,997.6,2.4,0,6,0,300,0,8,5.218,0.1,0.1,0.0,-1.3,-10.0,223
02-jan-2023,0,8.6,0,-3.6,0,-9.1,0,0.0,1006.6,5.0,0,17,0,160,0,31,2.432,0.1,0.1,0.1,0.1,-9.4,368
03-jan-2023,0,12.4,0,8.1,0,-8.5,0,7.6,998.1,13.0,0,21,0,230,0,34,6.552,0.7,0.9,0.0,-6.9,-10.0,59
04-jan-2023,0,11.8,0,9.0,0,8.1,0,1.6,1003.9,12.8,0,20,0,230,0,33,8.355,0.4,0.5,0.0,-1.2,-10.0,239
05-jan-2023,0,12.0,0,6.9,0,7.6,0,4.8,1005.4,10.6,0,20,0,220,0,31,8.057,0.6,0.8,0.0,-4.2,-10.0,59
06-jan-2023,0,10.5,0,5.7,0,4.1,0,4.2,995.5,8.0,0,14,0,220,0,25,6.865,0.4,0.5,0.0,-3.8,-10.0,171
07-jan-2023,0,9.1,0,3.0,0,-3.0,0,5.3,980.3,10.4,0,23,0,220,0,35,5.738,0.4,0.4,0.0,-4.9,-10.0,260
08-jan-2023,0,8.3,0,3.4,0,1.7,0,4.3,979.5,9.2,0,19,0,240,0,30,5.264,0.4,0.5,0.0,-3.9,-10.0,242
09-jan-2023,0,8.8,0,3.8,0,1.4,0,3.1,994.0,8.2,0,17,0,300,0,32,4.931,0.4,0.5,0.0,-2.7,-10.0,327
10-jan-2023,0,13.0,0,4.8,0,0.4,0,27.3,992.0,12.4,0,23,0,220,0,38,7.023,0.5,0.7,0.0,-10.0,-10.0,60
11-jan-2023,0,11.1,0,4.6,0,3.2,0,18.4,991.9,13.2,0,25,0,240,0,38,6.234,0.5,0.6,0.0,-10.0,-10.0,216
12-jan-2023,0,11.1,0,4.7,0,4.8,0,6.9,990.8,17.1,0,26,0,250,0,43,7.304,0.6,0.7,0.0,-6.3,-10.0,270
13-jan-2023,0,9.2,0,5.9,0,3.4,0,14.4,998.4,8.7,0,20,0,280,0,30,6.163,0.4,0.5,0.0,-10.0,-10.0,226
14-jan-2023,0,8.6,0,1.8,0,2.3,0,1.9,991.2,9.0,0,18,0,270,0,30,5.585,0.3,0.4,0.0,-1.6,-10.0,266
15-jan-2023,0,6.5,0,-2.6,0,-0.1,0,2.7,991.3,4.6,0,13,0,290,0,20,3.978,0.2,0.3,0.0,-2.5,-10.0,263
16-jan-2023,0,2.7,0,-4.2,0,-10.5,0,0.0,987.8,2.2,0,7,0,320,0,9,1.979,0.0,0.1,0.0,0.0,-9.5,389
17-jan-2023,0,4.8,0,-6.0,0,-11.3,0,0.2,989.1,3.1,0,7,0,260,0,13,1.332,0.1,0.3,0.0,-0.1,-9.1,361
18-jan-2023,0,4.9,0,-1.7,0,-9.4,0,1.8,999.1,5.8,0,20,0,310,0,32,1.222,0.3,0.4,0.0,-1.5,-10.0,281
19-jan-2023,0,5.4,0,-3.6,0,-7.0,0,0.0,1006.5,2.2,0,7,0,310,0,9,1.417,0.0,0.1,0.0,0.0,-9.5,433
20-jan-2023,0,7.3,0,-1.5,0,-7.8,0,0.0,1014.8,5.0,0,9,0,110,0,13,2.200,0.2,0.3,0.2,0.2,-8.8,239
21-jan-2023,0,10.5,0,7.1,0,0.9,0,0.2,1019.8,6.0,0,10,0,200,0,18,5.578,0.4,0.6,0.4,0.4,-8.2,117
22-jan-2023,0,11.1,0,7.0,0,7.1,0,3.4,1021.7,5.7,0,11,0,200,0,18,7.510,0.3,0.4,0.0,-2.7,-10.0,211
23-jan-2023,0,8.8,0,6.1,0,4.9,0,0.0,1027.8,2.7,0,5,0,210,0,7,7.327,0.2,0.3,0.2,0.2,-9.3,232
24-jan-2023,0,9.1,0,6.7,0,6.5,0,0.6,1031.7,5.0,0,8,0,230,0,14,7.523,0.3,0.4,0.0,-0.2,-9.2,161
25-jan-2023,0,10.0,0,2.3,0,7.1,0,0.1,1031.1,6.5,0,12,0,320,0,19,7.762,0.2,0.3,0.1,0.1,-8.6,292
26-jan-2023,0,8.0,0,1.2,0,-2.4,0,0.0,1033.2,3.6,0,9,0,320,0,12,5.620,0.4,0.5,0.5,0.5,-7.8,238
27-jan-2023,0,7.2,0,3.8,0,2.9,0,0.0,1029.8,3.0,0,6,0,210,0,9,5.845,0.4,0.5,0.9,0.9,-7.0,249
28-jan-2023,0,7.8,0,4.9,0,2.9,0,1.2,1026.9,3.7,0,6,0,190,0,10,6.369,0.3,0.5,0.0,-0.0,-7.6,233
29-jan-2023,0,10.6,0,4.8,0,2.9,0,0.8,1021.3,7.5,0,14,0,240,0,24,6.920,0.5,0.7,0.0,-0.3,-7.5,230
30-jan-2023,0,9.3,0,5.8,0,3.0,0,1.2,1020.9,7.5,0,16,0,240,0,25,6.588,0.6,0.7,0.0,-0.6,-7.7,278
31-jan-2023,0,9.9,0,6.8,0,4.5,0,0.5,1020.0,10.1,0,17,0,270,0,28,6.853,0.6,0.8,0.1,0.1,-7.2,385
01-feb-2023,0,10.3,0,7.9,0,4.6,0,0.4,1020.3,10.4,0,14,0,260,0,27,6.903,0.7,0.9,0.4,0.4,-6.6,343
02-feb-2023,0,11.1,0,8.9,0,6.7,0,0.6,1019.4,13.4,0,19,0,240,0,28,8.220,0.7,0.9,0.5,0.5,-6.2,291
03-feb-2023,0,12.3,0,8.9,0,8.3,0,0.8,1024.1,9.8,0,15,0,240,0,23,8.960,0.6,0.8,0.3,0.3,-6.0,491
04-feb-2023,0,9.4,0,-2.3,0,6.5,0,1.4,1033.1,6.7,0,16,0,330,0,22,7.655,0.4,0.5,0.0,-0.7,-6.8,188
05-feb-2023,0,8.6,0,-3.9,0,-8.1,0,0.0,1038.1,4.9,0,10,0,180,0,18,4.341,0.3,0.5,0.3,0.3,-6.1,476
06-feb-2023,0,9.5,0,5.5,0,-5.1,0,0.0,1032.1,6.6,0,12,0,180,0,18,6.156,0.6,0.7,0.9,0.9,-5.2,192
07-feb-2023,0,10.8,0,1.6,0,3.9,0,0.0,1030.2,4.0,0,10,0,200,0,16,6.919,0.5,0.6,1.4,1.4,-4.5,326
08-feb-2023,0,9.8,0,1.4,0,-3.1,0,1.0,1023.5,8.7,0,20,0,230,0,31,6.188,0.5,0.7,0.8,0.8,-4.8,316
09-feb-2023,0,9.2,0,0.2,0,-4.6,0,0.0,1026.8,5.3,0,9,0,240,0,17,5.257,0.7,0.9,1.5,1.5,-3.9,485
10-feb-2023,0,10.9,0,4.9,0,2.7,0,1.0,1027.9,8.9,0,16,0,240,0,26,7.112,0.6,0.8,1.1,1.1,-4.1,373
11-feb-2023,0,9.7,0,7.5,0,6.0,0,0.0,1029.1,4.1,0,8,0,180,0,13,7.601,0.6,0.8,1.8,1.8,-3.2,199
12-feb-2023,0,9.8,0,6.9,0,6.4,0,0.0,1026.5,5.6,0,10,0,150,0,15,7.250,0.8,1.1,2.6,2.6,-2.2,192
13-feb-2023,0,11.6,0,6.5,0,2.8,0,0.0,1020.4,8.4,0,15,0,160,0,24,7.081,1.1,1.4,3.6,3.6,-1.0,831
14-feb-2023,0,14.4,0,8.2,0,2.0,0,0.0,1013.5,10.5,0,15,0,150,0,25,8.371,1.1,1.4,4.7,4.7,0.2,442
15-feb-2023,0,10.8,0,5.1,0,2.7,0,13.0,1008.3,8.1,0,15,0,160,0,26,8.007,0.5,0.8,0.0,-7.8,-10.0,537
16-feb-2023,0,12.0,0,7.5,0,6.0,0,3.3,1008.7,10.4,0,21,0,240,0,35,8.890,0.4,0.6,0.0,-2.9,-10.0,260
17-feb-2023,0,11.9,0,9.9,0,8.3,0,5.1,1012.9,11.9,0,21,0,230,0,34,10.020,0.5,0.8,0.0,-4.6,-10.0,400
18-feb-2023,0,11.2,0,7.6,0,8.6,0,3.4,1016.7,9.8,0,18,0,240,0,29,9.658,0.6,0.8,0.0,-2.8,-10.0,297
19-feb-2023,0,11.6,0,6.0,0,1.8,0,0.6,1019.5,10.4,0,18,0,230,0,26,8.673,0.6,0.9,0.0,0.0,-9.5,399
20-feb-2023,0,11.5,0,9.4,0,9.1,0,3.1,1014.6,11.6,0,16,0,230,0,26,9.663,0.6,0.9,0.0,-2.5,-10.0,314
21-feb-2023,0,12.8,0,5.2,0,7.8,0,6.5,1008.0,7.6,0,15,0,310,0,25,9.445,0.8,1.1,0.0,-5.7,-10.0,418
22-feb-2023,0,8.0,0,-0.4,0,-4.8,0,1.3,1014.1,8.0,0,18,0,330,0,32,6.819,0.7,1.0,0.0,-0.6,-10.0,753
23-feb-2023,0,9.9,0,0.5,0,-2.5,0,0.5,1020.6,4.9,0,11,0,320,0,16,5.968,0.7,0.9,0.2,0.2,-9.3,595
24-feb-2023,0,10.9,0,2.5,0,0.0,0,0.0,1016.1,7.1,0,13,0,10,0,21,7.686,0.7,1.0,0.8,0.8,-8.2,642
25-feb-2023,0,8.7,0,-0.8,0,-4.7,0,0.0,1018.6,5.2,0,12,0,80,0,16,6.066,0.7,1.0,1.5,1.5,-7.1,705
26-feb-2023,0,9.2,0,0.3,0,-5.1,0,0.0,1025.0,5.7,0,12,0,100,0,20,5.536,1.0,1.4,2.5,2.5,-5.8,873
27-feb-2023,0,7.5,0,-1.8,0,-7.4,0,0.0,1030.5,4.3,0,10,0,120,0,15,4.745,0.7,1.0,3.2,3.2,-4.8,584
28-feb-2023,0,7.7,0,3.5,0,-0.2,0,0.0,1033.8,4.5,0,10,0,70,0,17,5.960,0.9,1.2,4.0,4.0,-3.7,453
01-mar-2023,0,7.2,0,4.0,0,3.3,0,0.0,1030.4,6.0,0,11,0,60,0,18,6.033,1.0,1.3,4.9,4.9,-2.5,474
02-mar-2023,0,9.1,0,4.3,0,3.3,0,0.0,1024.7,4.9,0,9,0,70,0,13,6.677,0.9,1.2,5.8,5.8,-1.5,588
03-mar-2023,0,7.6,0,4.2,0,2.8,0,0.0,1027.3,3.2,0,7,0,50,0,10,6.769,0.8,1.1,6.5,6.5,-0.7,354
04-mar-2023,0,5.6,0,3.0,0,3.6,0,0.0,1026.4,2.3,0,5,0,120,0,6,6.278,0.7,0.9,7.1,7.1,0.0,296
05-mar-2023,0,8.9,0,2.5,0,1.9,0,0.3,1016.5,3.7,0,8,0,250,0,14,6.362,0.8,1.1,7.6,7.6,0.5,582
06-mar-2023,0,9.4,0,1.8,0,-1.0,0,2.4,1004.1,4.5,0,11,0,40,0,17,6.839,0.7,1.0,5.8,5.8,-1.2,678
07-mar-2023,0,6.4,0,-2.1,0,-3.9,0,0.0,995.3,4.8,0,9,0,100,0,15,5.970,1.0,1.5,6.8,6.8,-0.1,1307
08-mar-2023,0,5.8,0,-0.1,0,-1.5,0,0.0,987.6,10.3,0,16,0,70,0,23,4.424,1.3,1.8,8.0,8.0,1.2,837
09-mar-2023,0,2.3,0,0.3,0,0.1,0,21.0,987.0,12.3,0,17,0,0,0,29,3.294,0.5,0.7,0.0,-10.0,-10.0,201
10-mar-2023,0,6.1,0,-2.2,0,-3.4,0,0.0,999.0,5.0,0,13,0,0,0,21,3.713,0.9,1.3,0.9,0.9,-8.6,956
11-mar-2023,0,9.9,0,0.7,0,0.0,0,11.6,997.3,9.1,0,13,0,260,0,23,4.906,0.5,0.8,0.0,-10.0,-10.0,282
12-mar-2023,0,12.4,0,8.3,0,2.4,0,7.0,987.1,8.4,0,12,0,190,0,20,7.798,0.7,1.0,0.0,-6.3,-10.0,357
13-mar-2023,0,11.6,0,2.3,0,9.0,0,9.3,980.5,11.0,0,19,0,230,0,29,9.065,0.6,1.1,0.0,-8.7,-10.0,676
14-mar-2023,0,8.1,0,-2.2,0,-3.6,0,3.4,999.5,6.9,0,22,0,340,0,35,6.111,1.0,1.5,0.0,-2.4,-10.0,1199
15-mar-2023,0,11.5,0,-1.9,0,-6.5,0,17.5,1000.0,5.9,0,13,0,150,0,20,5.955,0.5,0.7,0.0,-10.0,-10.0,265
16-mar-2023,0,15.6,0,8.7,0,4.7,0,8.4,989.0,6.3,0,13,0,210,0,20,9.672,1.2,1.6,0.0,-7.2,-10.0,691
17-mar-2023,0,14.9,0,7.5,0,6.4,0,7.3,990.4,4.8,0,10,0,150,0,15,9.790,1.1,1.4,0.0,-6.2,-10.0,623
18-mar-2023,0,11.2,0,2.5,0,1.9,0,0.8,1002.6,8.4,0,19,0,320,0,26,9.085,1.2,1.8,0.4,0.4,-9.1,1128
19-mar-2023,0,11.0,0,1.1,0,-2.1,0,19.5,1008.7,5.7,0,11,0,190,0,17,6.953,0.6,0.9,0.0,-10.0,-10.0,391
20-mar-2023,0,14.2,0,9.2,0,6.2,0,8.4,1001.0,6.5,0,10,0,180,0,17,10.188,1.0,1.3,0.0,-7.4,-10.0,526
21-mar-2023,0,11.1,0,8.6,0,6.6,0,24.2,987.6,9.5,0,23,0,230,0,40,9.840,0.7,1.1,0.0,-10.0,-10.0,429
22-mar-2023,0,11.2,0,5.3,0,3.3,0,8.9,981.5,11.1,0,19,0,240,0,32,8.372,1.5,2.2,0.0,-7.4,-10.0,912
23-mar-2023,0,12.3,0,5.9,0,3.5,0,11.3,977.6,10.2,0,19,0,260,0,31,8.512,1.5,2.3,0.0,-9.8,-10.0,1216
24-mar-2023,0,11.1,0,6.2,0,4.5,0,7.6,984.3,13.1,0,24,0,230,0,37,8.349,1.4,2.3,0.0,-6.2,-10.0,1096
25-mar-2023,0,13.4,0,6.8,0,4.6,0,0.5,994.2,6.3,0,11,0,250,0,18,9.202,1.7,2.4,1.2,1.2,-8.3,1314
26-mar-2023,0,13.1,0,3.6,0,1.7,0,5.8,1006.4,4.8,0,9,0,250,0,15,9.853,1.4,2.0,0.0,-3.2,-10.0,1143
27-mar-2023,0,11.9,0,3.2,0,2.3,0,2.4,1013.4,8.6,0,13,0,150,0,20,9.093,1.5,2.2,0.0,-0.9,-10.0,1102
28-mar-2023,0,15.4,0,7.3,0,6.4,0,2.1,1003.3,8.4,0,17,0,240,0,23,10.360,1.6,2.3,0.0,-0.5,-10.0,1099
29-mar-2023,0,14.5,0,9.1,0,8.1,0,0.6,993.2,10.5,0,20,0,230,0,33,10.753,1.5,2.2,0.9,0.9,-8.6,916
30-mar-2023,0,15.5,0,8.1,0,5.6,0,4.2,985.0,8.6,0,15,0,240,0,23,10.993,1.7,2.5,0.0,-1.6,-10.0,1254
31-mar-2023,0,12.7,0,7.7,0,6.6,0,1.4,989.0,7.5,0,16,0,300,0,22,11.003,1.2,1.8,0.0,-0.2,-9.7,875
01-apr-2023,0,12.2,0,2.0,0,4.6,0,0.3,1009.7,9.0,0,18,0,320,0,27,10.070,1.3,2.0,1.0,1.0,-8.2,1032
02-apr-2023,0,13.4,0,1.2,0,-1.8,0,0.0,1022.5,4.5,0,9,0,150,0,13,9.687,1.7,2.3,2.6,2.6,-6.1,1365
03-apr-2023,0,11.6,0,5.3,0,3.2,0,0.8,1019.6,8.3,0,14,0,160,0,23,9.235,1.3,1.8,3.1,3.1,-5.3,625
04-apr-2023,0,12.5,0,7.6,0,6.4,0,5.7,1014.8,8.7,0,13,0,200,0,19,9.827,1.3,1.9,0.0,-1.3,-9.5,811
05-apr-2023,0,13.3,0,7.4,0,9.6,0,5.5,1009.9,6.7,0,11,0,260,0,19,11.200,1.3,1.9,0.0,-4.2,-10.0,869
06-apr-2023,0,12.3,0,1.8,0,-0.6,0,0.8,1012.1,4.8,0,11,0,240,0,22,10.743,1.8,2.7,1.0,1.0,-8.5,1800
07-apr-2023,0,14.5,0,1.8,0,-2.1,0,0.0,1013.7,6.4,0,14,0,150,0,22,9.723,2.2,3.1,3.2,3.2,-5.9,1791
08-apr-2023,0,13.7,0,5.4,0,3.6,0,0.0,1012.5,8.3,0,13,0,160,0,23,9.903,1.7,2.5,4.9,4.9,-3.8,1091
09-apr-2023,0,13.6,0,8.4,0,8.7,0,8.0,1004.7,10.1,0,18,0,150,0,28,10.292,1.3,1.8,0.0,-1.8,-10.0,476
10-apr-2023,0,11.3,0,6.2,0,4.8,0,6.9,1000.9,9.5,0,20,0,280,0,34,9.750,1.9,2.9,0.0,-5.0,-10.0,1397
11-apr-2023,0,9.1,0,2.7,0,0.4,0,19.6,994.1,7.6,0,20,0,290,0,33,7.747,0.8,1.1,0.0,-10.0,-10.0,425
12-apr-2023,0,9.6,0,1.0,0,0.0,0,10.4,984.8,12.8,0,27,0,320,0,41,6.474,1.3,2.0,0.0,-9.1,-10.0,752
13-apr-2023,0,11.9,0,0.8,0,-3.3,0,1.1,996.5,5.8,0,14,0,240,0,22,7.398,1.9,2.8,0.8,0.8,-8.7,1634
14-apr-2023,0,13.9,0,-1.1,0,-5.3,0,0.0,1002.5,5.3,0,14,0,280,0,21,8.411,2.2,3.1,3.0,3.0,-6.1,1892
15-apr-2023,0,11.6,0,-0.4,0,-4.6,0,1.6,1012.2,6.3,0,13,0,200,0,21,8.101,1.1,1.6,2.5,2.5,-6.3,871
16-apr-2023,0,20.4,0,9.8,0,8.2,0,0.7,1015.9,4.7,0,10,0,200,0,16,12.460,2.4,3.2,4.1,4.1,-4.3,1496
17-apr-2023,0,15.7,0,8.1,0,5.7,0,0.0,1020.3,5.6,0,9,0,170,0,17,12.990,1.7,2.3,5.7,5.7,-2.4,1058
18-apr-2023,0,17.8,0,6.6,0,2.6,0,0.0,1022.6,8.4,0,15,0,100,0,21,12.162,2.5,3.6,8.1,8.1,0.3,1725
19-apr-2023,0,13.8,0,5.1,0,3.6,0,0.0,1021.3,8.9,0,14,0,80,0,21,10.410,2.0,2.8,9.9,9.9,2.2,1233
20-apr-2023,0,15.2,0,5.3,0,3.7,0,0.0,1017.6,10.4,0,16,0,100,0,24,11.263,3.3,4.9,12.9,12.9,5.5,2445
21-apr-2023,0,16.5,0,3.4,0,1.2,0,0.4,1010.2,10.1,0,18,0,100,0,28,10.762,2.7,4.1,14.9,14.9,7.9,1999
22-apr-2023,0,8.8,0,6.3,0,5.8,0,10.2,1000.9,5.0,0,10,0,0,0,16,9.967,0.8,1.1,5.4,5.4,-1.6,418
23-apr-2023,0,13.8,0,6.2,0,5.5,0,4.2,1000.8,4.9,0,11,0,300,0,16,10.865,1.8,2.6,2.9,2.9,-3.8,1298
24-apr-2023,0,11.0,0,3.1,0,4.7,0,5.0,1009.1,7.5,0,13,0,350,0,22,10.523,1.9,2.8,0.0,-0.2,-6.8,1518
25-apr-2023,0,11.7,0,-1.2,0,-6.4,0,0.2,1012.4,5.9,0,11,0,100,0,17,9.250,1.9,2.9,1.7,1.7,-4.7,1750
26-apr-2023,0,12.9,0,5.7,0,4.7,0,0.1,1009.7,5.9,0,10,0,150,0,15,10.370,1.7,2.4,3.3,3.3,-2.8,989
27-apr-2023,0,14.6,0,8.8,0,8.1,0,7.2,1004.4,4.1,0,8,0,120,0,11,11.235,1.3,1.7,0.0,-2.6,-8.6,566
28-apr-2023,0,16.2,0,9.3,0,10.1,0,1.0,1007.2,5.2,0,10,0,240,0,17,13.105,2.2,3.1,1.2,1.2,-7.0,1635
29-apr-2023,0,18.5,0,10.4,0,5.5,0,2.5,1012.4,4.4,0,10,0,220,0,16,14.512,2.4,3.2,1.0,1.0,-6.7,1555
30-apr-2023,0,14.8,0,11.0,0,10.3,0,1.2,1012.5,7.4,0,13,0,260,0,24,14.395,2.2,3.3,2.0,2.0,-5.4,1728
01-may-2023,0,14.4,0,5.8,0,7.0,0,0.0,1015.7,3.9,0,8,0,240,0,12,13.875,1.8,2.4,3.8,3.8,-3.4,1271
02-may-2023,0,17.3,0,6.1,0,1.1,0,0.2,1017.4,4.9,0,9,0,190,0,16,13.590,2.3,3.2,5.8,5.8,-1.1,1568
03-may-2023,0,17.7,0,9.3,0,8.3,0,0.0,1013.9,9.2,0,15,0,120,0,22,13.765,2.5,3.6,8.2,8.2,1.5,1519
04-may-2023,0,17.2,0,10.4,0,10.0,0,4.2,1004.3,9.1,0,15,0,100,0,21,13.342,2.5,3.4,6.3,6.3,-0.2,1238
05-may-2023,0,15.7,0,10.1,0,10.0,0,13.4,1000.6,5.6,0,10,0,260,0,17,13.740,1.9,2.7,0.0,-5.3,-10.0,1304
06-may-2023,0,17.4,0,10.2,0,9.4,0,2.5,1005.6,4.5,0,9,0,220,0,17,15.300,2.7,3.8,0.2,0.2,-9.3,1996
07-may-2023,0,16.6,0,10.5,0,6.1,0,7.1,1007.2,7.2,0,13,0,150,0,21,14.462,1.8,2.6,0.0,-5.1,-10.0,1107
08-may-2023,0,15.6,0,11.0,0,12.7,0,3.2,1006.4,7.8,0,13,0,230,0,20,14.797,1.8,2.6,0.0,-1.4,-10.0,1254
09-may-2023,0,15.3,0,9.4,0,7.7,0,3.1,1006.1,7.7,0,14,0,240,0,23,14.750,2.7,4.1,0.0,-0.4,-9.9,2225
10-may-2023,0,12.7,0,8.4,0,9.7,0,8.5,1007.2,8.1,0,12,0,250,0,24,13.388,1.4,2.1,0.0,-7.1,-10.0,969
11-may-2023,0,15.3,0,8.3,0,6.5,0,5.9,1015.0,10.1,0,18,0,340,0,27,13.403,2.1,3.2,0.0,-3.8,-10.0,1527
12-may-2023,0,20.5,0,6.8,0,4.6,0,0.0,1022.8,4.6,0,8,0,350,0,13,15.168,3.4,4.6,3.4,3.4,-6.1,2356
13-may-2023,0,19.7,0,6.7,0,2.7,0,0.1,1021.2,4.8,0,9,0,250,0,15,15.847,3.3,4.5,6.5,6.5,-2.6,2342
14-may-2023,0,15.8,0,5.3,0,9.8,0,3.4,1017.6,8.3,0,15,0,300,0,23,14.952,2.6,3.9,5.5,5.5,-3.3,1978
15-may-2023,0,15.8,0,3.4,0,-1.1,0,0.0,1022.0,5.6,0,13,0,330,0,19,13.455,2.7,3.8,8.0,8.0,-0.5,1950
16-may-2023,0,17.7,0,1.6,0,-1.2,0,0.0,1024.3,3.5,0,9,0,240,0,14,14.430,3.3,4.5,11.1,11.1,2.8,2644
17-may-2023,0,15.5,0,5.3,0,2.4,0,0.0,1024.3,4.2,0,12,0,280,0,19,15.105,3.0,4.2,13.7,13.7,5.8,2420
18-may-2023,0,15.3,0,6.5,0,5.3,0,1.7,1023.9,6.1,0,11,0,220,0,16,14.243,1.6,2.3,13.4,13.4,5.7,1157
19-may-2023,0,16.1,0,4.8,0,1.0,0,0.1,1026.1,4.0,0,9,0,240,0,15,14.010,2.0,2.7,15.1,15.1,7.6,1414
20-may-2023,0,17.1,0,11.8,0,11.1,0,9.8,1023.4,3.4,0,9,0,290,0,13,15.677,1.8,2.4,6.9,6.9,-0.4,1097
21-may-2023,0,16.8,0,9.1,0,12.1,0,0.3,1020.8,5.9,0,9,0,0,0,15,15.710,2.0,2.8,8.5,8.5,1.4,1198
22-may-2023,0,17.0,0,7.3,0,6.4,0,0.0,1024.2,6.2,0,10,0,320,0,17,15.085,3.1,4.3,11.3,11.3,4.4,2101
23-may-2023,0,17.0,0,6.5,0,4.8,0,0.0,1025.6,4.7,0,10,0,230,0,16,15.520,3.1,4.3,14.0,14.0,7.5,2285
24-may-2023,0,18.0,0,5.1,0,1.9,0,0.0,1026.1,3.9,0,9,0,330,0,14,16.080,2.6,3.5,16.3,16.3,10.1,1791
25-may-2023,0,18.7,0,10.1,0,11.2,0,0.0,1028.7,5.4,0,9,0,20,0,14,16.790,2.4,3.3,18.4,18.4,12.5,1482
26-may-2023,0,21.0,0,7.5,0,5.7,0,0.0,1027.8,4.8,0,8,0,30,0,12,17.222,3.5,4.7,21.3,21.3,15.9,2352
27-may-2023,0,21.5,0,8.2,0,4.7,0,0.0,1023.3,3.9,0,11,0,340,0,17,18.305,3.2,4.3,23.9,23.9,18.9,2062
28-may-2023,0,17.8,0,8.8,0,8.2,0,0.0,1023.1,6.2,0,10,0,60,0,15,18.260,3.7,5.2,26.8,26.8,22.3,2659
29-may-2023,0,21.5,0,5.2,0,2.6,0,0.0,1024.8,6.1,0,10,0,80,0,17,18.163,4.0,5.6,29.8,29.8,25.8,2767
30-may-2023,0,23.1,0,8.1,0,3.8,0,0.0,1026.0,5.9,0,11,0,90,0,16,19.507,4.7,6.4,33.2,33.2,29.7,3054
31-may-2023,0,23.1,0,10.1,0,7.6,0,0.0,1023.7,7.1,0,14,0,70,0,23,20.525,4.6,6.4,36.4,36.4,33.4,2999
01-jun-2023,0,23.4,0,8.8,0,4.8,0,0.0,1021.4,7.5,0,13,0,100,0,19,20.785,4.6,6.5,39.5,39.5,36.9,3041
02-jun-2023,0,21.1,0,9.2,0,6.8,0,0.0,1020.8,6.6,0,12,0,90,0,17,20.998,4.5,6.3,42.3,42.3,40.2,3067
03-jun-2023,0,23.5,0,7.6,0,2.3,0,0.0,1019.7,4.7,0,9,0,100,0,13,21.522,4.7,6.3,45.2,45.2,43.5,3008
04-jun-2023,0,24.1,0,8.9,0,3.8,0,0.0,1020.0,5.8,0,11,0,80,0,17,21.950,4.9,6.6,48.1,48.1,46.7,2996
05-jun-2023,0,24.2,0,7.7,0,2.1,0,0.0,1019.6,5.9,0,11,0,90,0,16,22.087,4.8,6.5,50.8,50.8,49.8,3014
06-jun-2023,0,23.7,0,9.6,0,5.6,0,0.0,1018.5,6.5,0,11,0,90,0,17,22.028,4.6,6.2,53.3,53.3,52.5,2777
07-jun-2023,0,20.1,0,8.1,0,5.1,0,0.0,1016.8,7.7,0,13,0,100,0,20,20.725,3.7,5.2,55.2,55.2,54.6,2428
08-jun-2023,0,21.1,0,9.0,0,7.6,0,0.0,1012.3,9.6,0,14,0,90,0,19,20.275,4.0,5.8,57.2,57.2,56.8,2544
09-jun-2023,0,21.9,0,11.2,0,9.8,0,0.0,1008.1,8.4,0,15,0,90,0,21,19.878,3.3,4.5,58.7,58.7,58.6,1749
10-jun-2023,0,20.1,0,14.4,0,13.6,0,1.8,1006.9,7.1,0,12,0,100,0,18,18.890,2.1,2.8,57.9,57.9,57.9,951
11-jun-2023,0,24.9,0,14.9,0,14.2,0,0.0,1010.0,5.8,0,11,0,250,0,18,21.667,4.1,5.5,59.9,59.9,60.0,2402
12-jun-2023,0,23.8,0,14.1,0,12.9,0,0.7,1012.1,3.6,0,7,0,260,0,12,22.003,3.0,3.9,60.5,60.5,60.8,1623
13-jun-2023,0,25.9,0,15.3,0,14.4,0,4.3,1011.0,4.0,0,12,0,90,0,20,21.330,2.9,3.7,57.5,57.5,57.9,1409
14-jun-2023,0,27.0,0,12.6,0,9.6,0,0.0,1012.5,4.3,0,10,0,90,0,17,21.740,4.4,5.7,59.6,59.6,60.2,2473
15-jun-2023,0,24.4,0,15.6,0,14.5,0,1.6,1014.2,2.9,0,8,0,280,0,11,22.443,3.4,4.3,59.5,59.5,60.3,1816
16-jun-2023,0,20.4,0,13.3,0,9.5,0,3.6,1010.4,5.7,0,13,0,120,0,22,20.167,2.1,2.8,56.9,56.9,57.7,1128
17-jun-2023,0,22.5,0,13.0,0,12.1,0,6.4,1005.9,3.3,0,11,0,120,0,18,19.608,2.7,3.5,51.8,51.8,52.7,1479
18-jun-2023,0,22.8,0,11.7,0,9.0,0,1.4,1001.6,5.4,0,12,0,130,0,18,19.595,3.6,4.8,52.3,52.3,53.4,2196
19-jun-2023,0,20.7,0,11.4,0,8.2,0,10.6,1000.8,3.9,0,9,0,250,0,15,19.315,2.8,3.7,43.2,43.2,44.4,1726
20-jun-2023,0,20.7,0,11.0,0,7.9,0,4.1,1002.7,4.7,0,10,0,270,0,18,18.807,3.3,4.5,41.1,41.1,42.4,2208
21-jun-2023,0,20.6,0,8.7,0,8.0,0,1.2,1009.3,5.1,0,12,0,290,0,18,19.270,3.6,5.1,42.2,42.2,43.7,2604
22-jun-2023,0,23.8,0,7.3,0,4.8,0,1.2,1013.9,4.4,0,10,0,210,0,15,19.485,3.9,5.2,43.4,43.4,45.1,2498
23-jun-2023,0,21.5,0,15.7,0,15.1,0,10.0,1011.6,7.7,0,12,0,220,0,20,19.378,2.1,2.8,34.6,34.6,36.4,1044
24-jun-2023,0,24.1,0,17.0,0,16.4,0,3.3,1008.1,9.0,0,16,0,150,0,25,19.955,3.5,4.6,33.7,33.7,35.7,1600
25-jun-2023,0,18.6,0,11.7,0,13.9,0,12.6,1006.0,7.7,0,15,0,160,0,26,18.952,3.6,5.2,23.6,23.6,25.7,2509
26-jun-2023,0,18.1,0,11.4,0,10.3,0,3.9,1012.7,6.2,0,13,0,260,0,20,17.503,2.6,3.6,21.7,21.7,24.0,1666
27-jun-2023,0,17.7,0,14.1,0,13.5,0,6.2,1011.0,9.2,0,16,0,240,0,23,17.173,1.1,1.6,16.4,16.4,18.8,475
28-jun-2023,0,19.5,0,10.1,0,13.2,0,10.1,1012.0,5.9,0,14,0,320,0,21,17.700,2.8,3.8,8.7,8.7,11.2,1721
29-jun-2023,0,17.9,0,10.4,0,7.1,0,3.5,1011.0,7.0,0,14,0,230,0,25,17.160,3.0,4.2,7.9,7.9,10.6,1998
30-jun-2023,0,16.4,0,12.9,0,12.9,0,7.3,1003.5,8.0,0,13,0,270,0,22,16.343,1.0,1.5,1.5,1.5,4.3,481
01-jul-2023,0,18.5,0,12.5,0,11.8,0,0.0,1004.9,9.6,0,16,0,300,0,23,16.683,3.3,4.6,4.8,4.8,7.6,1857
02-jul-2023,0,17.2,0,11.3,0,10.5,0,0.5,1006.9,8.7,0,18,0,290,0,29,15.920,3.1,4.3,7.2,7.2,10.2,1729
03-jul-2023,0,16.6,0,10.3,0,8.7,0,9.7,1004.4,7.5,0,16,0,280,0,26,16.153,3.1,4.5,0.4,0.4,3.6,2214
04-jul-2023,0,17.2,0,7.1,0,2.9,0,1.2,1004.3,6.0,0,17,0,300,0,24,16.112,2.4,3.5,1.7,1.7,4.9,1746
05-jul-2023,0,17.0,0,10.5,0,8.1,0,3.0,1005.9,7.3,0,13,0,260,0,25,16.417,2.9,4.2,1.5,1.5,4.7,2040
06-jul-2023,0,17.7,0,11.3,0,11.0,0,15.6,1000.6,9.2,0,17,0,150,0,26,15.467,1.2,1.7,0.0,-10.0,-9.7,571
07-jul-2023,0,21.6,0,14.9,0,13.1,0,5.1,998.7,10.3,0,18,0,160,0,29,17.868,3.3,4.7,0.0,-1.8,-10.0,1887
08-jul-2023,0,20.6,0,12.7,0,13.5,0,0.1,1000.4,9.7,0,20,0,150,0,35,17.833,3.0,4.2,2.9,2.9,-6.6,1703
09-jul-2023,0,18.7,0,10.9,0,8.2,0,5.3,1008.1,4.8,0,9,0,190,0,15,17.575,2.7,3.7,0.2,0.2,-8.9,1718
10-jul-2023,0,20.4,0,11.5,0,7.7,0,20.1,1005.7,4.2,0,8,0,270,0,15,17.780,2.7,3.5,0.0,-10.0,-10.0,1578
11-jul-2023,0,18.9,0,12.6,0,9.5,0,1.5,1002.9,6.2,0,14,0,300,0,19,18.070,2.9,4.0,1.4,1.4,-8.1,1844
12-jul-2023,0,17.5,0,12.3,0,11.5,0,0.9,1005.7,6.3,0,11,0,280,0,19,17.368,2.7,3.8,3.2,3.2,-5.9,1687
13-jul-2023,0,17.0,0,10.5,0,6.9,0,3.9,1006.8,4.8,0,11,0,240,0,17,17.083,1.8,2.5,1.1,1.1,-7.6,1206
14-jul-2023,0,15.7,0,12.4,0,11.3,0,34.7,994.8,7.0,0,13,0,80,0,21,15.935,1.0,1.4,0.0,-10.0,-10.0,507
15-jul-2023,0,16.6,0,12.7,0,12.9,0,25.3,990.2,9.0,0,16,0,290,0,26,15.860,1.5,2.2,0.0,-10.0,-10.0,827
16-jul-2023,0,17.2,0,11.4,0,11.5,0,6.7,1001.6,6.4,0,12,0,250,0,21,16.507,2.8,4.0,0.0,-3.9,-10.0,1969
17-jul-2023,0,18.2,0,9.9,0,6.3,0,3.6,1009.8,4.5,0,11,0,280,0,17,17.345,3.1,4.3,0.0,-0.5,-10.0,2186
18-jul-2023,0,22.0,0,11.7,0,11.6,0,9.6,1010.3,5.8,0,10,0,340,0,15,18.407,2.9,3.9,0.0,-6.7,-10.0,1681
19-jul-2023,0,19.1,0,9.2,0,6.2,0,0.2,1013.8,4.8,0,10,0,330,0,18,18.013,2.5,3.4,2.3,2.3,-7.2,1526
20-jul-2023,0,19.1,0,8.4,0,5.0,0,1.1,1013.6,4.4,0,13,0,320,0,18,17.325,2.5,3.4,3.6,3.6,-5.5,1553
21-jul-2023,0,16.4,0,11.4,0,9.1,0,8.5,1008.1,6.2,0,12,0,230,0,20,16.465,1.6,2.2,0.0,-3.3,-10.0,895
22-jul-2023,0,17.9,0,14.2,0,13.2,0,12.7,998.4,5.7,0,9,0,200,0,16,17.218,1.4,2.0,0.0,-10.0,-10.0,845
23-jul-2023,0,17.5,0,12.6,0,14.9,0,4.0,999.0,6.3,0,11,0,20,0,19,17.395,1.6,2.2,0.0,-2.4,-10.0,949
24-jul-2023,0,19.8,0,9.6,0,5.8,0,0.0,1006.5,6.6,0,12,0,340,0,17,17.805,3.3,4.7,3.3,3.3,-6.2,2243
25-jul-2023,0,19.2,0,6.6,0,3.8,0,0.0,1007.3,3.8,0,9,0,250,0,14,18.257,3.7,5.0,6.9,6.9,-2.2,2794
26-jul-2023,0,17.5,0,12.4,0,8.8,0,12.4,999.8,6.8,0,12,0,230,0,18,17.263,1.1,1.5,0.0,-4.5,-10.0,552
27-jul-2023,0,19.3,0,13.4,0,13.8,0,1.1,996.4,6.4,0,11,0,270,0,18,18.080,2.4,3.3,1.3,1.3,-8.2,1474
28-jul-2023,0,18.1,0,12.3,0,12.5,0,5.7,995.7,8.5,0,14,0,190,0,25,16.860,2.3,3.2,0.0,-2.2,-10.0,1265
29-jul-2023,0,17.8,0,12.1,0,10.8,0,7.2,997.3,10.2,0,16,0,260,0,29,16.417,2.6,3.9,0.0,-4.6,-10.0,1797
30-jul-2023,0,17.3,0,12.8,0,11.5,0,17.9,999.4,8.6,0,15,0,230,0,26,15.980,1.0,1.5,0.0,-10.0,-10.0,487
31-jul-2023,0,18.0,0,13.2,0,13.5,0,6.5,996.5,8.8,0,14,0,260,0,31,16.837,2.0,2.8,0.0,-4.5,-10.0,1170
01-aug-2023,0,17.9,0,11.7,0,8.5,0,3.1,988.8,6.3,0,13,0,110,0,21,16.890,2.3,3.2,0.0,-0.8,-10.0,1481
02-aug-2023,0,19.4,0,12.9,0,13.5,0,4.7,989.4,8.4,0,15,0,330,0,22,17.450,2.1,2.9,0.0,-2.6,-10.0,1119
03-aug-2023,0,17.1,0,10.4,0,11.4,0,0.9,1008.9,10.0,0,17,0,330,0,26,17.480,2.0,3.0,1.1,1.1,-8.4,1360
04-aug-2023,0,15.9,0,8.9,0,5.6,0,11.2,1009.1,5.1,0,13,0,110,0,21,16.222,1.6,2.2,0.0,-8.5,-10.0,927
05-aug-2023,0,18.7,0,10.8,0,10.5,0,12.6,1005.8,10.0,0,16,0,350,0,27,17.118,3.0,4.4,0.0,-9.6,-10.0,2094
06-aug-2023,0,19.4,0,11.3,0,7.7,0,3.3,1016.3,6.2,0,14,0,290,0,19,17.745,2.9,4.0,0.0,-0.4,-9.9,1892
07-aug-2023,0,17.5,0,11.3,0,9.1,0,2.1,1014.2,3.5,0,8,0,290,0,12,17.403,1.9,2.5,0.0,-0.2,-9.6,1098
08-aug-2023,0,20.2,0,11.4,0,9.9,0,0.2,1010.1,2.7,0,5,0,40,0,9,18.007,2.2,2.9,2.0,2.0,-7.1,1291
09-aug-2023,0,24.9,0,15.2,0,15.1,0,0.6,1010.3,3.6,0,8,0,220,0,11,19.655,2.5,3.2,3.9,3.9,-4.9,1319
10-aug-2023,0,21.0,0,13.9,0,12.7,0,2.5,1006.8,7.3,0,12,0,160,0,21,19.087,1.7,2.4,3.1,3.1,-5.4,946
11-aug-2023,0,18.8,0,12.1,0,8.4,0,5.5,1002.5,8.0,0,16,0,210,0,25,17.298,1.8,2.6,0.0,-0.7,-8.8,1089
12-aug-2023,0,17.6,0,14.1,0,13.2,0,11.2,1000.1,10.7,0,16,0,240,0,26,17.185,1.7,2.6,0.0,-9.5,-10.0,1102
13-aug-2023,0,18.5,0,11.0,0,12.1,0,6.3,1002.7,6.7,0,12,0,230,0,21,17.222,2.2,3.1,0.0,-4.1,-10.0,1463
14-aug-2023,0,21.0,0,10.4,0,8.2,0,0.3,1005.2,5.7,0,12,0,310,0,18,17.770,2.3,3.1,2.0,2.0,-7.5,1361
15-aug-2023,0,20.5,0,9.1,0,6.8,0,0.0,1012.7,3.9,0,9,0,240,0,14,18.475,2.5,3.4,4.4,4.4,-4.7,1681
16-aug-2023,0,21.0,0,10.7,0,8.1,0,0.0,1016.0,3.5,0,8,0,70,0,13,18.663,2.3,3.0,6.6,6.6,-2.1,1403
17-aug-2023,0,22.7,0,10.1,0,7.5,0,0.0,1010.0,7.9,0,15,0,140,0,27,17.843,2.9,3.9,9.3,9.3,0.8,1726
18-aug-2023,0,20.2,0,15.0,0,14.7,0,28.5,994.6,10.5,0,22,0,80,0,33,17.978,1.6,2.3,0.0,-10.0,-10.0,797
19-aug-2023,0,18.9,0,14.1,0,14.1,0,3.9,995.0,11.9,0,20,0,240,0,33,17.450,1.7,2.5,0.0,-2.2,-10.0,993
20-aug-2023,0,20.6,0,13.4,0,10.9,0,0.7,1009.4,8.4,0,16,0,210,0,27,16.927,2.1,3.0,1.4,1.4,-8.1,1203
21-aug-2023,0,20.0,0,13.7,0,12.0,0,2.5,1009.7,10.5,0,17,0,230,0,29,17.240,2.2,3.2,1.1,1.1,-7.9,1272
22-aug-2023,0,18.5,0,12.8,0,13.2,0,1.8,1011.7,7.0,0,13,0,240,0,23,17.430,2.1,3.0,1.4,1.4,-7.2,1453
23-aug-2023,0,19.1,0,11.9,0,9.8,0,1.2,1012.6,4.9,0,10,0,230,0,18,17.595,2.3,3.1,2.5,2.5,-5.7,1561
24-aug-2023,0,17.2,0,6.6,0,4.7,0,2.0,1009.2,4.9,0,12,0,250,0,21,16.590,2.1,2.9,2.6,2.6,-5.4,1681
25-aug-2023,0,18.6,0,9.4,0,7.7,0,2.8,1006.1,6.8,0,15,0,320,0,22,16.923,2.0,2.9,1.7,1.7,-5.9,1510
26-aug-2023,0,18.2,0,11.1,0,9.1,0,2.3,1008.8,9.7,0,19,0,330,0,25,16.967,1.8,2.7,1.2,1.2,-6.1,1299
27-aug-2023,0,19.5,0,12.3,0,11.3,0,7.0,1010.7,7.6,0,18,0,330,0,24,17.565,2.3,3.3,0.0,-3.5,-10.0,1587
28-aug-2023,0,16.6,0,12.6,0,12.7,0,0.1,1011.8,4.6,0,8,0,220,0,15,16.962,1.6,2.1,1.5,1.5,-8.0,867
29-aug-2023,0,18.1,0,11.9,0,12.4,0,1.3,1008.8,6.0,0,15,0,300,0,22,17.153,2.4,3.3,2.5,2.5,-6.6,1551
30-aug-2023,0,16.0,0,11.1,0,10.6,0,1.8,1004.8,3.6,0,8,0,140,0,14,16.487,1.6,2.1,2.3,2.3,-6.4,889
31-aug-2023,0,19.4,0,11.3,0,11.0,0,8.7,999.9,5.3,0,11,0,230,0,16,17.033,2.1,2.8,0.0,-4.4,-10.0,1429
01-sep-2023,0,22.7,0,9.7,0,6.7,0,0.1,1006.8,3.2,0,6,0,100,0,9,17.965,2.6,3.5,2.5,2.5,-7.0,1780
02-sep-2023,0,20.6,0,12.5,0,10.0,0,0.3,1016.7,3.2,0,6,0,230,0,11,18.195,1.8,2.4,4.0,4.0,-5.1,1207
03-sep-2023,0,19.8,0,9.1,0,8.6,0,0.1,1020.8,4.2,0,10,0,220,0,14,17.323,1.8,2.4,5.6,5.6,-3.2,1208
04-sep-2023,0,26.7,0,8.4,0,5.4,0,0.1,1016.2,4.9,0,9,0,60,0,14,18.055,2.8,3.8,8.2,8.2,-0.3,1890
05-sep-2023,0,24.9,0,15.4,0,13.8,0,0.0,1011.2,7.4,0,14,0,80,0,21,19.290,2.7,3.5,10.7,10.7,2.4,1491
06-sep-2023,0,25.2,0,12.9,0,10.1,0,0.0,1011.1,5.0,0,12,0,170,0,18,18.835,2.2,2.8,12.6,12.6,4.6,1098
07-sep-2023,0,27.7,0,15.8,0,14.1,0,0.0,1010.3,4.5,0,8,0,110,0,12,20.397,2.8,3.7,15.1,15.1,7.4,1620
08-sep-2023,0,26.7,0,16.1,0,12.9,0,0.0,1010.8,3.3,0,7,0,210,0,12,21.193,2.8,3.7,17.5,17.5,10.2,1795
09-sep-2023,0,22.8,0,14.9,0,13.2,0,0.0,1011.0,3.4,0,7,0,260,0,12,20.378,1.7,2.3,19.0,19.0,11.9,1029
10-sep-2023,0,24.8,0,14.6,0,12.7,0,0.0,1008.7,3.2,0,7,0,280,0,14,20.710,2.2,2.9,20.8,20.8,14.1,1413
11-sep-2023,0,16.5,0,9.9,0,14.1,0,10.5,1008.7,4.7,0,13,0,350,0,22,18.725,0.9,1.2,11.1,11.1,4.5,546
12-sep-2023,0,18.4,0,6.3,0,3.8,0,0.0,1015.1,4.4,0,9,0,330,0,13,16.830,2.0,2.7,12.8,12.8,6.4,1502
13-sep-2023,0,15.8,0,4.9,0,2.9,0,10.6,1013.9,5.4,0,12,0,210,0,23,14.410,0.7,1.0,2.9,2.9,-3.5,349
14-sep-2023,0,18.7,0,10.0,0,7.6,0,1.0,1013.0,2.8,0,7,0,270,0,11,15.960,1.7,2.3,3.5,3.5,-2.6,1237
15-sep-2023,0,12.6,0,10.2,0,10.9,0,2.6,1012.2,3.8,0,8,0,10,0,13,15.120,0.8,1.1,1.7,1.7,-4.2,423
16-sep-2023,0,16.3,0,8.2,0,5.6,0,0.0,1013.2,7.1,0,14,0,20,0,23,14.280,1.6,2.3,3.3,3.3,-2.4,1217
17-sep-2023,0,17.0,0,11.8,0,12.2,0,0.8,1004.4,3.4,0,7,0,290,0,11,15.400,0.9,1.2,3.4,3.4,-2.2,415
18-sep-2023,0,14.7,0,9.1,0,5.5,0,9.5,996.2,7.1,0,15,0,260,0,27,14.967,1.4,2.0,0.0,-4.8,-10.0,1156
19-sep-2023,0,17.7,0,12.1,0,9.0,0,30.4,987.2,14.9,0,21,0,220,0,33,15.330,0.8,1.2,0.0,-10.0,-10.0,270
20-sep-2023,0,16.8,0,7.9,0,10.9,0,6.4,982.3,9.7,0,22,0,220,0,36,15.300,1.1,1.8,0.0,-5.3,-10.0,1085
21-sep-2023,0,16.7,0,5.1,0,2.7,0,0.9,990.5,4.6,0,13,0,290,0,19,13.760,1.5,2.1,0.6,0.6,-8.9,1215
22-sep-2023,0,14.8,0,4.5,0,4.3,0,0.3,1001.6,7.3,0,16,0,330,0,25,13.600,1.4,2.1,1.7,1.7,-7.3,1296
23-sep-2023,0,16.1,0,3.8,0,1.7,0,3.7,1003.1,6.5,0,16,0,150,0,26,12.542,0.6,1.0,0.0,-1.4,-10.0,542
24-sep-2023,0,17.6,0,13.1,0,12.2,0,13.1,994.9,9.3,0,15,0,230,0,27,14.545,1.0,1.3,0.0,-10.0,-10.0,352
25-sep-2023,0,18.4,0,12.7,0,10.6,0,4.4,1002.2,11.1,0,16,0,220,0,25,14.403,1.9,2.5,0.0,-2.5,-10.0,984
26-sep-2023,0,16.4,0,9.9,0,10.8,0,10.4,1002.6,7.5,0,13,0,150,0,25,14.477,1.2,1.8,0.0,-9.2,-10.0,987
27-sep-2023,0,16.7,0,9.0,0,6.7,0,21.9,990.6,11.2,0,19,0,150,0,30,13.755,0.8,1.2,0.0,-10.0,-10.0,362
28-sep-2023,0,15.6,0,10.9,0,8.9,0,9.2,1000.0,8.0,0,13,0,190,0,23,13.375,1.0,1.3,0.0,-8.2,-10.0,387
29-sep-2023,0,16.7,0,9.0,0,9.5,0,2.5,1010.3,6.1,0,13,0,250,0,21,13.825,1.3,1.9,0.0,-1.2,-10.0,1120
30-sep-2023,0,17.3,0,8.6,0,7.1,0,9.4,1010.4,7.0,0,14,0,230,0,21,13.145,0.6,0.8,0.0,-8.8,-10.0,269
01-oct-2023,0,17.6,0,11.4,0,11.3,0,2.3,1009.1,8.0,0,13,0,230,0,20,15.015,1.4,2.1,0.0,-0.9,-10.0,1411
02-oct-2023,0,15.5,0,10.7,0,9.3,0,4.6,1009.5,6.1,0,10,0,200,0,15,13.452,1.0,1.4,0.0,-3.6,-10.0,703
03-oct-2023,0,15.9,0,10.1,0,7.6,0,3.4,1012.9,7.8,0,13,0,280,0,21,13.417,1.3,1.8,0.0,-2.1,-10.0,1056
04-oct-2023,0,16.6,0,12.6,0,9.9,0,3.6,1015.1,10.9,0,16,0,230,0,29,14.070,1.2,1.6,0.0,-2.4,-10.0,680
05-oct-2023,0,17.5,0,12.4,0,12.2,0,22.8,1010.4,10.7,0,18,0,230,0,32,14.642,0.6,0.9,0.0,-10.0,-10.0,232
06-oct-2023,0,20.2,0,15.2,0,14.3,0,5.4,1011.5,10.2,0,15,0,230,0,23,16.290,1.0,1.3,0.0,-4.4,-10.0,440
07-oct-2023,0,19.8,0,12.6,0,12.8,0,0.0,1013.3,4.8,0,8,0,210,0,13,16.050,1.1,1.4,1.1,1.1,-8.4,674
08-oct-2023,0,19.5,0,12.2,0,10.5,0,0.0,1016.5,3.4,0,8,0,220,0,13,15.705,0.9,1.3,2.0,2.0,-7.1,636
09-oct-2023,0,20.7,0,11.7,0,10.8,0,0.1,1014.8,3.3,0,9,0,260,0,14,16.128,1.1,1.6,3.0,3.0,-5.7,1023
10-oct-2023,0,17.2,0,13.4,0,10.4,0,3.7,1008.5,9.4,0,16,0,220,0,27,15.368,0.7,0.9,0.0,-0.1,-8.5,157
11-oct-2023,0,15.0,0,5.7,0,10.2,0,4.5,1007.1,4.8,0,13,0,220,0,22,14.245,0.6,0.8,0.0,-3.9,-10.0,420
12-oct-2023,0,13.6,0,1.3,0,-2.1,0,0.6,1003.9,2.7,0,5,0,0,0,10,11.855,0.7,1.1,0.1,0.1,-9.4,955
13-oct-2023,0,14.5,0,6.7,0,4.8,0,0.2,1002.0,6.7,0,17,0,310,0,25,12.807,1.1,1.5,1.1,1.1,-8.0,917
14-oct-2023,0,12.0,0,1.1,0,-1.3,0,0.3,1016.0,6.0,0,16,0,300,0,23,10.615,0.9,1.2,1.6,1.6,-7.0,905
15-oct-2023,0,10.6,0,-0.3,0,-3.1,0,0.0,1020.8,2.4,0,5,0,110,0,9,9.291,0.7,1.0,2.3,2.3,-6.0,871
16-oct-2023,0,13.2,0,3.7,0,2.1,0,0.0,1014.4,5.8,0,10,0,100,0,16,9.905,1.0,1.4,3.2,3.2,-4.7,1012
17-oct-2023,0,10.5,0,3.7,0,0.9,0,25.7,1002.5,10.3,0,16,0,100,0,25,9.177,0.5,0.7,0.0,-10.0,-10.0,184
18-oct-2023,0,13.0,0,10.2,0,8.9,0,18.7,984.7,11.0,0,14,0,100,0,22,11.090,0.5,0.7,0.0,-10.0,-10.0,110
19-oct-2023,0,16.7,0,10.9,0,11.1,0,2.8,972.2,4.3,0,9,0,80,0,15,12.958,0.7,0.9,0.0,-2.1,-10.0,372
20-oct-2023,0,15.1,0,8.3,0,7.5,0,20.1,977.2,5.8,0,15,0,70,0,24,12.908,0.6,0.8,0.0,-10.0,-10.0,308
21-oct-2023,0,11.8,0,2.0,0,4.4,0,0.1,987.0,4.8,0,9,0,300,0,13,10.877,0.6,0.9,0.5,0.5,-9.0,670
22-oct-2023,0,14.1,0,0.7,0,-2.5,0,0.1,995.1,4.0,0,12,0,100,0,17,9.619,0.6,0.9,1.0,1.0,-8.0,784
23-oct-2023,0,11.7,0,9.3,0,6.1,0,19.9,994.8,6.5,0,11,0,100,0,16,10.757,0.5,0.6,0.0,-10.0,-10.0,140
24-oct-2023,0,13.1,0,5.7,0,7.0,0,1.6,992.4,3.6,0,7,0,110,0,11,10.863,0.5,0.7,0.0,-1.1,-10.0,394
25-oct-2023,0,11.1,0,4.5,0,1.6,0,8.2,988.1,7.0,0,13,0,110,0,19,9.975,0.4,0.6,0.0,-7.8,-10.0,336
26-oct-2023,0,14.1,0,5.0,0,5.8,0,1.2,980.3,4.2,0,9,0,210,0,13,10.745,0.5,0.7,0.0,-0.7,-10.0,487
27-oct-2023,0,14.0,0,5.3,0,0.6,0,2.2,977.3,6.5,0,11,0,110,0,18,10.100,0.6,0.8,0.0,-1.6,-10.0,700
28-oct-2023,0,14.5,0,6.9,0,5.2,0,6.2,973.8,5.6,0,11,0,150,0,17,10.238,0.6,0.8,0.0,-5.6,-10.0,542
29-oct-2023,0,12.4,0,3.5,0,2.0,0,14.8,976.3,4.2,0,10,0,210,0,15,9.955,0.5,0.7,0.0,-10.0,-10.0,662
30-oct-2023,0,13.0,0,4.9,0,-0.4,0,0.8,984.9,4.9,0,9,0,110,0,15,9.575,0.5,0.7,0.0,-0.3,-9.8,488
31-oct-2023,0,11.0,0,7.4,0,4.8,0,6.0,985.8,5.9,0,16,0,110,0,25,10.355,0.3,0.5,0.0,-5.7,-10.0,291
01-nov-2023,0,11.9,0,3.4,0,6.5,0,7.0,973.8,7.3,0,20,0,240,0,34,9.990,0.3,0.5,0.0,-6.7,-10.0,454
02-nov-2023,0,11.3,0,2.2,0,-0.6,0,1.0,969.4,5.3,0,14,0,270,0,24,8.041,0.4,0.6,0.0,-0.6,-10.0,379
03-nov-2023,0,13.4,0,4.4,0,0.6,0,1.1,976.3,5.5,0,14,0,350,0,22,8.733,0.5,0.7,0.0,-0.6,-10.0,613
04-nov-2023,0,9.7,0,5.1,0,0.4,0,7.0,966.2,7.6,0,12,0,50,0,20,8.356,0.4,0.6,0.0,-6.6,-10.0,331
05-nov-2023,0,11.2,0,6.2,0,2.0,0,3.0,978.4,5.3,0,9,0,260,0,16,8.273,0.5,0.6,0.0,-2.5,-10.0,419
06-nov-2023,0,11.7,0,6.6,0,2.5,0,2.3,992.5,5.8,0,12,0,280,0,17,8.026,0.5,0.7,0.0,-1.8,-10.0,490
07-nov-2023,0,12.4,0,4.2,0,-1.2,0,1.1,997.6,5.6,0,16,0,160,0,23,7.785,0.5,0.6,0.0,-0.6,-10.0,579
08-nov-2023,0,10.8,0,4.2,0,1.2,0,7.9,991.4,8.5,0,17,0,230,0,28,7.907,0.5,0.6,0.0,-7.4,-10.0,337
09-nov-2023,0,10.3,0,4.9,0,0.8,0,17.5,984.8,7.4,0,14,0,210,0,26,6.888,0.6,0.7,0.0,-10.0,-10.0,280
10-nov-2023,0,11.6,0,4.5,0,2.3,0,2.1,992.5,7.0,0,14,0,330,0,20,7.369,0.5,0.6,0.0,-1.6,-10.0,483
11-nov-2023,0,7.4,0,-0.7,0,-3.6,0,0.1,998.6,4.9,0,11,0,110,0,18,5.299,0.3,0.4,0.2,0.2,-9.3,312
12-nov-2023,0,13.1,0,6.7,0,-1.0,0,11.7,988.4,7.4,0,15,0,220,0,22,7.847,0.5,0.7,0.0,-10.0,-10.0,394
13-nov-2023,0,13.1,0,7.6,0,6.4,0,13.1,977.1,12.8,0,38,0,240,0,62,9.333,0.5,0.6,0.0,-10.0,-10.0,435
14-nov-2023,0,12.8,0,7.8,0,7.8,0,1.4,998.4,8.7,0,13,0,270,0,24,9.465,0.6,0.7,0.0,-0.8,-10.0,377
15-nov-2023,0,11.7,0,4.8,0,3.9,0,0.0,1009.9,5.0,0,9,0,260,0,16,7.713,0.4,0.5,0.4,0.4,-9.1,447
16-nov-2023,0,9.4,0,4.4,0,1.7,0,6.6,1007.9,5.0,0,13,0,210,0,22,7.002,0.4,0.5,0.0,-5.9,-10.0,213
17-nov-2023,0,11.8,0,2.2,0,-1.1,0,7.6,1005.0,6.1,0,13,0,110,0,22,6.476,0.3,0.5,0.0,-7.3,-10.0,140
18-nov-2023,0,13.7,0,11.3,0,1.9,0,5.9,994.9,13.1,0,20,0,220,0,32,10.113,0.6,0.8,0.0,-5.3,-10.0,156
19-nov-2023,0,12.2,0,6.3,0,10.1,0,6.9,994.8,11.0,0,16,0,230,0,32,10.335,0.2,0.3,0.0,-6.7,-10.0,210
20-nov-2023,0,11.5,0,5.6,0,1.3,0,1.3,1011.2,10.4,0,18,0,310,0,26,9.245,0.2,0.2,0.0,-1.1,-10.0,340
21-nov-2023,0,10.3,0,2.9,0,-0.6,0,0.5,1024.9,4.9,0,11,0,310,0,18,7.489,0.2,0.2,0.0,-0.3,-9.8,237
22-nov-2023,0,11.6,0,10.0,0,3.9,0,0.8,1025.0,9.2,0,13,0,250,0,24,9.792,0.4,0.5,0.0,-0.4,-9.8,115
23-nov-2023,0,12.6,0,9.9,0,9.8,0,0.4,1023.9,8.1,0,13,0,250,0,25,10.483,0.4,0.5,0.0,0.0,-9.3,111
24-nov-2023,0,10.3,0,5.8,0,1.5,0,0.0,1022.4,3.6,0,8,0,290,0,12,9.092,0.2,0.3,0.2,0.2,-8.7,297
25-nov-2023,0,9.1,0,2.7,0,-0.6,0,0.1,1015.1,5.3,0,9,0,110,0,12,7.575,0.3,0.4,0.4,0.4,-8.0,179
26-nov-2023,0,11.2,0,8.1,0,5.3,0,6.7,1005.2,4.2,0,7,0,270,0,12,9.123,0.2,0.3,0.0,-6.1,-10.0,201
27-nov-2023,0,9.7,0,-0.5,0,2.1,0,0.2,1004.6,5.1,0,13,0,360,0,20,7.883,0.1,0.1,0.0,-0.1,-9.6,337
28-nov-2023,0,8.2,0,-0.9,0,-4.1,0,0.2,1007.0,1.9,0,5,0,330,0,8,5.547,0.1,0.3,0.0,-0.1,-9.2,228
29-nov-2023,0,4.5,0,-0.9,0,-0.9,0,0.0,1002.2,4.9,0,9,0,70,0,12,5.451,0.2,0.3,0.2,0.2,-8.6,185
30-nov-2023,0,4.8,0,-3.8,0,-3.4,0,0.0,1003.4,5.9,0,10,0,30,0,15,2.576,0.1,0.2,0.3,0.3,-8.0,428
01-dec-2023,0,3.7,0,-5.0,0,-7.6,0,0.2,1006.4,2.6,0,6,0,200,0,9,1.946,0.2,0.2,0.3,0.3,-7.6,182
02-dec-2023,0,5.4,0,-1.9,0,-4.4,0,2.8,1005.8,3.7,0,6,0,200,0,10,2.071,0.1,0.2,0.0,-2.4,-10.0,216
03-dec-2023,0,1.8,0,-0.9,0,-5.3,0,0.0,1002.3,6.1,0,9,0,20,0,15,2.120,0.2,0.3,0.2,0.2,-9.2,93
04-dec-2023,0,5.0,0,-3.9,0,-6.7,0,0.0,1004.1,6.8,0,11,0,310,0,15,1.593,0.0,0.0,0.2,0.2,-8.8,398
05-dec-2023,0,4.8,0,-3.8,0,-7.5,0,0.2,1009.5,3.7,0,8,0,100,0,12,1.289,0.0,0.1,0.0,0.0,-8.5,333
06-dec-2023,0,10.0,0,1.5,0,-5.9,0,4.2,999.8,10.6,0,21,0,150,0,32,3.457,0.4,0.6,0.0,-3.7,-10.0,45
07-dec-2023,0,12.1,0,7.2,0,5.4,0,8.3,987.4,7.7,0,13,0,220,0,21,6.832,0.4,0.5,0.0,-7.9,-10.0,206
08-dec-2023,0,10.4,0,7.5,0,5.1,0,18.6,987.5,14.0,0,22,0,230,0,36,7.317,0.6,0.8,0.0,-10.0,-10.0,83
09-dec-2023,0,11.6,0,6.2,0,7.3,0,15.2,987.9,12.0,0,22,0,270,0,47,7.729,0.2,0.3,0.0,-10.0,-10.0,289
10-dec-2023,0,11.5,0,6.8,0,0.7,0,8.7,986.4,11.1,0,29,0,230,0,48,7.188,0.5,0.6,0.0,-8.2,-10.0,157
11-dec-2023,0,9.7,0,1.1,0,-2.5,0,16.6,993.1,4.6,0,11,0,100,0,18,6.371,0.1,0.2,0.0,-10.0,-10.0,180
12-dec-2023,0,8.1,0,3.2,0,-1.1,0,1.2,993.6,4.7,0,12,0,330,0,17,6.540,0.2,0.2,0.0,-1.0,-10.0,133
13-dec-2023,0,10.2,0,4.3,0,1.5,0,1.0,1005.4,6.5,0,12,0,320,0,17,6.260,0.1,0.2,0.0,-0.9,-10.0,286
14-dec-2023,0,10.2,0,7.3,0,3.1,0,1.1,1016.2,5.6,0,11,0,250,0,21,7.273,0.4,0.5,0.0,-0.7,-10.0,110
15-dec-2023,0,11.2,0,6.6,0,4.3,0,0.9,1025.8,8.4,0,14,0,230,0,22,7.720,0.4,0.6,0.0,-0.5,-10.0,73
16-dec-2023,0,11.7,0,7.7,0,5.3,0,0.3,1024.5,7.8,0,14,0,210,0,23,8.392,0.5,0.6,0.2,0.2,-9.3,65
17-dec-2023,0,12.7,0,10.5,0,8.4,0,16.7,1018.6,11.5,0,16,0,200,0,25,9.430,0.6,0.8,0.0,-10.0,-10.0,32
18-dec-2023,0,12.2,0,8.1,0,10.5,0,2.6,1016.6,6.6,0,14,0,230,0,19,10.185,0.3,0.4,0.0,-2.3,-10.0,89
19-dec-2023,0,9.5,0,3.9,0,-0.9,0,0.5,1018.2,6.9,0,12,0,280,0,19,7.783,0.1,0.1,0.0,-0.4,-9.9,252
20-dec-2023,0,11.8,0,8.8,0,-0.1,0,0.2,1016.0,10.8,0,16,0,270,0,26,8.414,0.7,0.8,0.5,0.5,-9.0,54
21-dec-2023,0,12.0,0,10.2,0,9.0,0,0.1,1011.6,14.1,0,20,0,270,0,36,9.520,0.8,1.1,1.2,1.2,-7.8,72
22-dec-2023,0,11.4,0,9.2,0,8.0,0,0.2,1013.7,11.2,0,17,0,280,0,30,8.965,0.7,0.8,1.7,1.7,-6.9,158
23-dec-2023,0,12.1,0,9.3,0,7.2,0,10.3,1006.0,14.0,0,21,0,240,0,36,9.512,0.4,0.6,0.0,-8.2,-10.0,89
24-dec-2023,0,12.2,0,9.3,0,9.5,0,7.9,997.5,12.6,0,20,0,240,0,33,10.415,0.3,0.4,0.0,-7.6,-10.0,141
25-dec-2023,0,10.4,0,7.3,0,7.8,0,1.1,999.9,10.9,0,15,0,280,0,27,8.868,0.6,0.7,0.0,-0.5,-10.0,170
26-dec-2023,0,7.9,0,-0.2,0,-2.9,0,9.9,1001.7,6.7,0,19,0,110,0,31,5.760,0.2,0.3,0.0,-9.7,-10.0,134
27-dec-2023,0,11.9,0,5.2,0,-2.8,0,19.2,985.8,9.0,0,16,0,220,0,37,7.424,0.4,0.5,0.0,-10.0,-10.0,107
28-dec-2023,0,10.1,0,6.0,0,3.4,0,15.8,989.7,13.7,0,21,0,270,0,42,6.758,0.9,1.0,0.0,-10.0,-10.0,171
29-dec-2023,0,8.0,0,2.1,0,1.8,0,3.6,998.0,8.1,0,17,0,280,0,31,5.323,0.5,0.6,0.0,-3.1,-10.0,187
30-dec-2023,0,10.1,0,3.2,0,-1.4,0,24.2,984.4,10.5,0,21,0,190,0,38,5.532,0.3,0.4,0.0,-10.0,-10.0,169
31-dec-2023,0,8.6,0,5.2,0,4.3,0,11.3,980.2,9.7,0,18,0,300,0,29,6.074,0.6,0.7,0.0,-10.0,-10.0,138
01-jan-2024,0,11.1,0,2.8,0,-1.8,0,12.6,984.0,8.4,0,18,0,240,0,30,5.015,0.7,0.8,0.0,-10.0,-10.0,42
02-jan-2024,0,10.4,0,6.4,0,0.2,0,6.8,975.4,7.3,0,15,0,230,0,23,7.401,0.3,0.4,0.0,-6.5,-10.0,111
03-jan-2024,0,9.3,0,3.7,0,-0.7,0,5.0,984.3,5.5,0,13,0,250,0,27,6.468,0.1,0.2,0.0,-4.9,-10.0,223
04-jan-2024,0,8.5,0,0.9,0,-0.8,0,1.1,994.6,4.7,0,10,0,260,0,17,5.747,0.0,0.1,0.0,-1.1,-10.0,309
05-jan-2024,0,8.8,0,-0.7,0,-4.3,0,0.0,1004.7,4.7,0,12,0,300,0,19,3.539,0.1,0.2,0.1,0.1,-9.4,331
06-jan-2024,0,9.2,0,-2.7,0,-5.5,0,0.1,1017.1,1.6,0,4,0,280,0,7,2.316,0.0,0.1,0.0,0.0,-9.0,366
07-jan-2024,0,4.8,0,-4.0,0,-4.6,0,0.0,1025.2,3.0,0,7,0,70,0,9,1.822,0.0,0.0,0.0,0.0,-8.6,388
08-jan-2024,0,3.8,0,-4.6,0,-6.8,0,0.0,1028.7,5.0,0,10,0,110,0,15,1.184,0.1,0.2,0.1,0.1,-8.0,344
09-jan-2024,0,5.2,0,0.1,0,-6.1,0,0.0,1028.7,7.2,0,15,0,110,0,22,1.302,0.4,0.5,0.5,0.5,-7.2,370
10-jan-2024,0,4.6,0,-3.2,0,-6.2,0,0.0,1031.0,6.4,0,10,0,80,0,14,1.013,0.1,0.1,0.6,0.6,-6.8,376
11-jan-2024,0,7.3,0,3.4,0,-2.8,0,0.0,1035.6,5.8,0,10,0,50,0,15,3.175,0.3,0.4,1.0,1.0,-6.1,292
12-jan-2024,0,4.9,0,0.9,0,2.7,0,0.0,1033.6,3.5,0,7,0,350,0,11,3.874,0.4,0.6,1.4,1.4,-5.4,81
13-jan-2024,0,6.5,0,1.0,0,0.8,0,0.1,1023.2,2.1,0,5,0,340,0,9,4.000,0.2,0.3,1.5,1.5,-5.0,194
14-jan-2024,0,6.3,0,-0.8,0,-3.3,0,0.4,1014.8,3.6,0,8,0,360,0,12,4.005,0.1,0.2,1.2,1.2,-5.1,282
15-jan-2024,0,3.9,0,-2.8,0,-5.7,0,0.0,1011.2,3.1,0,7,0,350,0,15,2.494,0.1,0.2,1.3,1.3,-4.7,291
16-jan-2024,0,5.8,0,-2.3,0,-6.3,0,1.0,1001.3,5.0,0,9,0,230,0,14,1.711,0.3,0.4,0.5,0.5,-5.2,262
17-jan-2024,0,4.0,0,-4.9,0,-6.9,0,0.0,994.8,3.2,0,6,0,340,0,9,1.498,0.0,0.1,0.5,0.5,-4.9,457
18-jan-2024,0,5.5,0,-7.3,0,-8.9,0,0.0,1006.3,2.4,0,7,0,320,0,8,0.857,0.0,0.2,0.5,0.5,-4.7,480
19-jan-2024,0,6.4,0,-2.5,0,-8.0,0,0.1,1009.9,7.7,0,13,0,190,0,24,0.555,0.3,0.4,0.8,0.8,-4.2,396
20-jan-2024,0,10.9,0,6.2,0,-3.7,0,10.7,999.9,10.5,0,17,0,190,0,28,3.807,0.6,0.8,0.0,-9.3,-10.0,204
21-jan-2024,0,14.5,0,5.5,0,4.3,0,19.7,983.7,17.1,0,38,0,230,0,57,6.597,0.9,1.2,0.0,-10.0,-10.0,32
22-jan-2024,0,8.5,0,5.5,0,3.4,0,3.0,998.4,11.7,0,21,0,250,0,41,5.562,0.8,1.0,0.0,-2.2,-10.0,269
23-jan-2024,0,13.6,0,5.1,0,2.9,0,18.1,1002.7,17.6,0,28,0,240,0,45,7.075,0.8,1.1,0.0,-10.0,-10.0,96
24-jan-2024,0,10.4,0,6.3,0,4.9,0,1.0,1011.3,7.8,0,19,0,260,0,37,6.888,0.6,0.7,0.0,-0.4,-9.9,315
25-jan-2024,0,13.8,0,5.5,0,2.8,0,8.5,1007.2,10.4,0,20,0,270,0,37,8.278,0.5,0.6,0.0,-8.0,-10.0,217
26-jan-2024,0,9.8,0,3.8,0,-0.1,0,1.3,1013.8,11.2,0,21,0,280,0,40,6.221,0.8,0.9,0.0,-0.5,-10.0,473
27-jan-2024,0,11.3,0,6.7,0,3.1,0,0.1,1014.3,8.7,0,13,0,190,0,22,6.834,0.6,0.8,0.5,0.5,-9.0,242
28-jan-2024,0,13.5,0,4.9,0,5.6,0,0.2,1006.3,9.8,0,20,0,220,0,31,8.054,0.8,1.0,1.2,1.2,-7.9,124
29-jan-2024,0,7.9,0,-1.4,0,1.9,0,0.0,1017.8,4.3,0,11,0,0,0,17,5.961,0.3,0.5,1.5,1.5,-7.2,472
30-jan-2024,0,8.5,0,-3.4,0,-5.6,0,0.1,1023.5,5.2,0,11,0,200,0,17,3.566,0.5,0.6,1.8,1.8,-6.5,413
31-jan-2024,0,11.1,0,0.5,0,-1.5,0,2.5,1019.2,10.5,0,23,0,230,0,37,5.683,0.4,0.6,0.0,-0.2,-8.2,62
01-feb-2024,0,10.7,0,2.5,0,-2.6,0,0.0,1026.0,6.4,0,15,0,230,0,24,5.258,0.3,0.5,0.3,0.3,-7.4,322
02-feb-2024,0,12.0,0,10.1,0,2.5,0,3.2,1021.6,13.8,0,17,0,230,0,30,8.756,0.5,0.7,0.0,-2.4,-9.8,154
03-feb-2024,0,10.5,0,8.1,0,7.8,0,1.5,1021.1,6.4,0,11,0,250,0,21,8.940,0.4,0.6,0.0,-1.1,-10.0,300
04-feb-2024,0,12.3,0,8.9,0,5.8,0,2.4,1017.9,13.4,0,20,0,250,0,32,9.085,0.6,0.9,0.0,-1.8,-10.0,260
05-feb-2024,0,11.6,0,9.4,0,8.3,0,1.6,1009.1,14.2,0,17,0,230,0,31,9.012,0.8,1.1,0.0,-0.8,-10.0,180
06-feb-2024,0,11.1,0,2.6,0,6.3,0,19.3,1000.8,7.9,0,20,0,230,0,31,8.466,0.4,0.5,0.0,-10.0,-10.0,205
07-feb-2024,0,6.5,0,-0.1,0,-2.3,0,0.0,998.5,4.4,0,11,0,80,0,18,5.580,0.4,0.6,0.4,0.4,-9.1,461
08-feb-2024,0,6.1,0,2.0,0,0.7,0,15.8,980.5,13.1,0,22,0,80,0,34,4.942,0.4,0.6,0.0,-10.0,-10.0,145
09-feb-2024,0,7.2,0,4.8,0,2.2,0,6.9,967.9,9.0,0,13,0,90,0,20,6.357,0.3,0.5,0.0,-6.6,-10.0,210
10-feb-2024,0,8.7,0,2.8,0,0.1,0,1.3,976.2,5.3,0,9,0,60,0,14,5.975,0.4,0.6,0.0,-0.9,-10.0,310
11-feb-2024,0,9.7,0,1.5,0,-1.4,0,0.2,987.9,5.5,0,12,0,260,0,22,5.480,0.5,0.8,0.3,0.3,-9.2,710
12-feb-2024,0,9.2,0,0.7,0,-3.5,0,2.5,996.9,6.9,0,16,0,250,0,31,4.564,0.6,0.8,0.0,-1.6,-10.0,585
13-feb-2024,0,10.1,0,2.3,0,-0.6,0,9.4,999.0,4.7,0,8,0,100,0,13,5.580,0.4,0.6,0.0,-9.0,-10.0,354
14-feb-2024,0,12.8,0,10.0,0,1.0,0,18.9,997.5,5.9,0,12,0,230,0,18,8.874,0.5,0.7,0.0,-10.0,-10.0,227
15-feb-2024,0,12.5,0,8.9,0,9.8,0,9.5,996.9,5.3,0,9,0,250,0,16,9.868,0.5,0.7,0.0,-9.0,-10.0,406
16-feb-2024,0,12.9,0,9.1,0,6.1,0,4.0,1007.3,7.5,0,13,0,240,0,21,9.785,0.6,0.8,0.0,-3.4,-10.0,376
17-feb-2024,0,12.7,0,9.1,0,7.5,0,9.3,1014.1,6.6,0,14,0,240,0,21,10.005,0.5,0.6,0.0,-8.8,-10.0,168
18-feb-2024,0,12.3,0,8.5,0,5.5,0,4.5,1020.2,6.5,0,11,0,230,0,21,10.045,0.6,0.8,0.0,-3.9,-10.0,444
19-feb-2024,0,11.9,0,8.4,0,5.7,0,0.2,1022.7,7.9,0,13,0,240,0,22,9.290,0.7,1.0,0.5,0.5,-9.0,573
20-feb-2024,0,12.1,0,5.7,0,5.9,0,3.4,1011.7,9.1,0,16,0,230,0,25,9.622,0.5,0.8,0.0,-2.4,-10.0,554
21-feb-2024,0,11.7,0,5.6,0,1.9,0,8.5,992.5,10.9,0,20,0,240,0,33,9.258,0.5,0.8,0.0,-8.0,-10.0,697
22-feb-2024,0,7.9,0,2.7,0,0.2,0,4.7,978.4,6.6,0,15,0,250,0,27,6.949,0.7,1.0,0.0,-4.0,-10.0,698
23-feb-2024,0,7.1,0,1.4,0,-0.4,0,4.8,979.2,6.0,0,12,0,230,0,20,5.496,0.6,0.9,0.0,-4.2,-10.0,580
24-feb-2024,0,10.9,0,0.3,0,-1.2,0,0.4,986.6,4.8,0,11,0,310,0,16,6.059,0.8,1.1,0.4,0.4,-9.1,925
25-feb-2024,0,8.4,0,2.5,0,1.7,0,0.1,996.0,8.6,0,12,0,10,0,22,6.302,0.7,1.1,1.0,1.0,-8.0,522
26-feb-2024,0,9.8,0,0.4,0,-1.9,0,0.0,1013.5,5.9,0,11,0,330,0,17,5.204,0.9,1.2,1.8,1.8,-6.8,1009
27-feb-2024,0,11.0,0,5.4,0,-1.4,0,3.3,1013.3,8.5,0,15,0,230,0,24,7.258,0.8,1.2,0.0,-0.7,-9.0,681
28-feb-2024,0,11.5,0,5.6,0,4.6,0,19.7,1005.4,9.9,0,15,0,220,0,27,8.077,0.6,0.8,0.0,-10.0,-10.0,159
29-feb-2024,0,7.5,0,3.0,0,1.3,0,3.7,990.9,8.0,0,14,0,270,0,32,6.395,0.9,1.2,0.0,-2.8,-10.0,638
01-mar-2024,0,5.9,0,0.2,0,-1.1,0,3.0,986.3,8.4,0,16,0,0,0,27,4.510,0.7,1.0,0.0,-2.3,-10.0,428
02-mar-2024,0,7.0,0,-0.4,0,-1.8,0,6.7,992.5,10.4,0,20,0,320,0,31,3.871,0.8,1.2,0.0,-5.9,-10.0,694
03-mar-2024,0,11.1,0,0.4,0,-0.5,0,1.5,995.4,5.1,0,11,0,250,0,18,5.471,1.0,1.4,0.0,-0.5,-10.0,998
04-mar-2024,0,8.4,0,2.2,0,-1.7,0,1.3,991.0,12.7,0,23,0,100,0,37,5.271,0.6,1.0,0.0,-0.7,-10.0,316
05-mar-2024,0,12.0,0,4.9,0,3.5,0,5.1,997.0,11.0,0,20,0,140,0,35,7.198,1.3,1.8,0.0,-3.8,-10.0,935
06-mar-2024,0,13.2,0,6.0,0,4.3,0,0.1,1008.3,10.5,0,16,0,150,0,25,8.210,1.2,1.7,1.1,1.1,-8.4,821
07-mar-2024,0,11.8,0,5.3,0,6.2,0,0.0,1009.0,10.7,0,16,0,120,0,25,8.641,1.2,1.8,2.3,2.3,-6.8,970
08-mar-2024,0,8.9,0,4.9,0,3.5,0,0.0,1000.5,12.6,0,17,0,100,0,28,6.664,1.3,1.8,3.6,3.6,-5.1,689
09-mar-2024,0,7.1,0,4.4,0,3.0,0,0.0,992.5,10.7,0,16,0,60,0,24,5.529,0.9,1.2,4.4,4.4,-4.0,190
10-mar-2024,0,9.0,0,5.6,0,5.4,0,0.0,995.7,6.4,0,10,0,50,0,15,6.887,0.9,1.2,5.2,5.2,-2.9,408
11-mar-2024,0,10.0,0,6.5,0,5.6,0,17.4,999.7,4.4,0,15,0,120,0,23,7.960,0.8,1.1,0.0,-10.0,-10.0,458
12-mar-2024,0,12.4,0,8.1,0,6.1,0,8.8,996.0,10.8,0,18,0,220,0,30,9.080,0.6,0.9,0.0,-8.2,-10.0,285
13-mar-2024,0,12.1,0,6.3,0,8.1,0,7.4,995.9,6.6,0,17,0,220,0,29,9.850,0.7,1.1,0.0,-6.7,-10.0,559
14-mar-2024,0,14.2,0,6.2,0,6.1,0,20.5,990.7,7.4,0,18,0,220,0,30,9.575,0.8,1.2,0.0,-10.0,-10.0,536
15-mar-2024,0,12.6,0,2.9,0,5.4,0,0.4,999.0,7.0,0,13,0,260,0,24,9.887,1.2,1.8,0.8,0.8,-8.7,1139
16-mar-2024,0,13.7,0,2.8,0,0.4,0,3.7,1005.5,7.0,0,12,0,150,0,20,8.208,0.7,1.0,0.0,-2.2,-10.0,314
17-mar-2024,0,13.4,0,7.8,0,5.9,0,3.0,1001.6,6.9,0,16,0,240,0,26,10.130,1.2,1.8,0.0,-1.8,-10.0,1007
18-mar-2024,0,13.2,0,6.5,0,4.2,0,2.4,998.1,9.4,0,20,0,220,0,32,9.158,0.9,1.3,0.0,-1.5,-10.0,410
19-mar-2024,0,12.8,0,7.6,0,5.7,0,4.4,1003.6,4.9,0,14,0,230,0,23,10.312,1.0,1.5,0.0,-3.4,-10.0,791
20-mar-2024,0,13.6,0,4.7,0,4.3,0,1.1,1014.4,5.2,0,10,0,350,0,16,10.411,1.7,2.4,0.6,0.6,-8.9,1556
21-mar-2024,0,12.0,0,5.4,0,0.2,0,5.2,1015.6,9.9,0,20,0,230,0,29,9.093,0.7,1.0,0.0,-4.0,-10.0,211
22-mar-2024,0,10.1,0,3.6,0,-0.3,0,4.2,1015.3,8.1,0,22,0,300,0,42,8.347,1.3,2.0,0.0,-2.9,-10.0,1253
23-mar-2024,0,10.9,0,3.6,0,0.8,0,1.9,1011.9,10.1,0,18,0,310,0,29,7.554,1.8,2.7,0.0,-0.1,-9.6,1468
24-mar-2024,0,9.5,0,2.7,0,-0.9,0,9.7,1001.2,5.3,0,9,0,140,0,14,7.480,0.7,1.0,0.0,-9.0,-10.0,523
25-mar-2024,0,9.6,0,4.3,0,7.5,0,10.8,986.8,5.1,0,11,0,230,0,16,9.262,0.8,1.2,0.0,-10.0,-10.0,736
26-mar-2024,0,8.2,0,5.0,0,2.0,0,7.2,977.4,6.4,0,11,0,70,0,20,8.073,0.7,1.0,0.0,-6.5,-10.0,359
27-mar-2024,0,8.6,0,1.2,0,2.9,0,2.0,963.9,8.7,0,14,0,80,0,22,7.396,1.1,1.7,0.0,-0.9,-10.0,946
28-mar-2024,0,10.9,0,-0.7,0,-3.2,0,0.0,967.4,4.9,0,9,0,300,0,17,6.692,1.7,2.5,1.7,1.7,-7.8,1718
29-mar-2024,0,12.1,0,0.0,0,-3.7,0,1.2,974.2,5.4,0,11,0,240,0,20,7.500,1.5,2.2,2.0,2.0,-7.1,1494
30-mar-2024,0,13.0,0,1.3,0,-1.6,0,0.0,982.3,7.5,0,15,0,160,0,26,8.021,1.9,2.7,3.8,3.8,-4.9,1550
31-mar-2024,0,13.4,0,6.0,0,4.1,0,1.5,985.2,8.1,0,14,0,110,0,22,8.844,1.5,2.1,3.8,3.8,-4.6,926
01-apr-2024,0,11.7,0,3.1,0,6.0,0,0.9,989.0,7.4,0,12,0,80,0,19,8.908,1.0,1.5,3.8,3.8,-4.3,736
02-apr-2024,0,13.2,0,2.1,0,-1.5,0,2.8,993.0,5.7,0,12,0,100,0,18,8.918,1.6,2.3,2.5,2.5,-5.3,1323
03-apr-2024,0,14.0,0,4.3,0,1.9,0,2.9,993.6,4.0,0,10,0,160,0,15,10.693,1.7,2.4,1.3,1.3,-6.3,1432
04-apr-2024,0,12.9,0,6.3,0,5.4,0,9.8,987.9,6.8,0,14,0,110,0,20,10.280,1.1,1.5,0.0,-7.5,-10.0,679
05-apr-2024,0,14.2,0,10.0,0,8.1,0,4.3,982.2,10.5,0,18,0,220,0,28,11.013,1.4,2.1,0.0,-2.9,-10.0,844
06-apr-2024,0,14.1,0,7.1,0,10.1,0,3.4,974.9,17.0,0,25,0,220,0,44,11.220,1.5,2.5,0.0,-1.9,-10.0,1040
07-apr-2024,0,12.3,0,5.9,0,5.0,0,1.5,987.8,14.4,0,23,0,230,0,36,9.345,2.2,3.4,0.7,0.7,-8.8,1613
08-apr-2024,0,8.5,0,3.5,0,0.4,0,3.2,997.2,5.0,0,16,0,310,0,25,8.024,0.8,1.1,0.0,-1.7,-10.0,448
09-apr-2024,0,12.6,0,4.3,0,2.0,0,0.1,1007.3,8.5,0,17,0,290,0,25,8.696,2.2,3.3,2.1,2.1,-7.4,1770
10-apr-2024,0,13.9,0,7.6,0,0.7,0,10.7,1010.1,13.2,0,21,0,220,0,34,9.975,1.0,1.4,0.0,-7.6,-10.0,256
11-apr-2024,0,15.2,0,11.2,0,10.9,0,14.6,1016.3,9.5,0,17,0,220,0,28,11.948,1.1,1.5,0.0,-10.0,-10.0,562
12-apr-2024,0,13.4,0,10.3,0,11.3,0,2.1,1015.8,9.7,0,18,0,220,0,29,11.885,0.8,1.2,0.0,-1.3,-10.0,358
13-apr-2024,0,12.1,0,6.9,0,7.9,0,1.4,1014.4,10.6,0,17,0,220,0,29,11.382,1.9,3.1,0.5,0.5,-9.0,1729
14-apr-2024,0,11.5,0,5.2,0,2.8,0,6.2,1010.0,11.4,0,21,0,230,0,36,9.490,1.5,2.3,0.0,-4.2,-10.0,1031
15-apr-2024,0,11.0,0,4.1,0,2.3,0,5.8,1008.0,14.4,0,22,0,330,0,39,9.480,1.7,3.1,0.0,-4.1,-10.0,1694
16-apr-2024,0,13.1,0,5.6,0,3.6,0,0.1,1017.2,10.1,0,17,0,320,0,23,10.158,2.4,3.6,2.3,2.3,-7.2,1806
17-apr-2024,0,14.2,0,5.4,0,2.9,0,1.0,1017.1,8.1,0,18,0,320,0,27,9.903,1.6,2.3,2.9,2.9,-6.3,974
18-apr-2024,0,14.1,0,4.3,0,0.4,0,0.1,1018.9,6.4,0,12,0,280,0,21,10.747,1.6,2.3,4.3,4.3,-4.5,1150
19-apr-2024,0,15.1,0,5.0,0,7.4,0,0.1,1020.2,7.1,0,13,0,330,0,20,11.658,1.8,2.6,5.9,5.9,-2.5,1284
20-apr-2024,0,17.3,0,2.2,0,-1.3,0,0.0,1024.3,3.0,0,8,0,110,0,10,12.163,2.7,3.8,8.5,8.5,0.3,2278
21-apr-2024,0,19.8,0,2.1,0,-0.8,0,0.0,1026.6,2.8,0,7,0,310,0,9,13.635,3.0,4.1,11.3,11.3,3.3,2350
22-apr-2024,0,16.1,0,4.3,0,0.6,0,0.0,1026.8,7.2,0,13,0,340,0,21,13.695,2.6,3.9,13.6,13.6,5.9,2289
23-apr-2024,0,15.5,0,4.3,0,8.6,0,0.0,1023.1,7.7,0,14,0,330,0,21,13.730,2.4,3.6,15.7,15.7,8.4,1992
24-apr-2024,0,14.7,0,3.7,0,-0.6,0,0.0,1014.7,4.8,0,9,0,30,0,14,13.140,2.6,3.7,18.0,18.0,10.9,2194
25-apr-2024,0,11.7,0,5.5,0,3.5,0,1.9,1003.2,3.4,0,9,0,0,0,14,12.030,1.3,1.8,17.2,17.2,10.4,847
26-apr-2024,0,11.7,0,2.5,0,-0.0,0,2.6,1000.3,5.2,0,10,0,30,0,18,10.975,2.1,3.0,16.3,16.3,9.8,1690
27-apr-2024,0,14.1,0,1.1,0,-1.5,0,0.5,1002.3,4.3,0,12,0,290,0,20,10.935,2.5,3.5,17.9,17.9,11.8,2035
28-apr-2024,0,12.4,0,1.8,0,-1.1,0,2.5,1001.0,5.8,0,14,0,240,0,23,11.118,2.0,3.0,17.1,17.1,11.3,1787
29-apr-2024,0,12.7,0,7.2,0,6.4,0,7.2,995.7,7.7,0,19,0,250,0,30,12.105,2.1,3.1,11.6,11.6,6.1,1681
30-apr-2024,0,11.9,0,5.7,0,1.5,0,15.0,995.9,5.2,0,10,0,140,0,18,11.298,1.6,2.2,0.0,-2.0,-7.3,1180
01-may-2024,0,15.6,0,5.2,0,3.3,0,0.0,1002.0,6.5,0,15,0,120,0,21,11.870,2.5,3.6,2.5,2.5,-4.4,1788
02-may-2024,0,11.1,0,7.1,0,3.8,0,5.0,1003.0,4.0,0,11,0,290,0,15,10.915,0.7,0.9,0.0,-1.8,-8.5,268
03-may-2024,0,11.5,0,9.8,0,9.3,0,5.4,1003.0,5.3,0,8,0,260,0,16,11.540,0.9,1.2,0.0,-4.5,-10.0,423
04-may-2024,0,13.4,0,9.7,0,9.0,0,0.0,1003.5,4.5,0,9,0,240,0,14,12.507,1.8,2.4,1.8,1.8,-7.7,1110
05-may-2024,0,18.8,0,4.9,0,1.4,0,0.0,1002.8,3.4,0,10,0,340,0,15,14.345,2.6,3.5,4.4,4.4,-4.7,1821
06-may-2024,0,13.2,0,9.3,0,8.1,0,0.0,1010.0,6.6,0,11,0,340,0,17,12.975,1.3,1.8,5.6,5.6,-3.2,597
07-may-2024,0,14.2,0,8.0,0,8.1,0,0.0,1018.8,2.6,0,5,0,260,0,9,13.525,1.9,2.5,7.4,7.4,-1.2,1187
08-may-2024,0,16.6,0,6.7,0,3.3,0,0.0,1021.6,3.8,0,9,0,200,0,13,13.325,2.0,2.7,9.2,9.2,0.9,1286
09-may-2024,0,19.1,0,7.0,0,4.4,0,0.0,1019.9,3.8,0,9,0,190,0,14,14.580,2.7,3.6,11.7,11.7,3.6,1815
10-may-2024,0,23.0,0,9.6,0,6.2,0,0.0,1015.9,5.3,0,10,0,200,0,15,16.175,4.2,5.7,15.5,15.5,7.8,2618
11-may-2024,0,22.5,0,6.1,0,2.7,0,0.0,1011.7,4.5,0,10,0,190,0,18,16.352,3.5,4.7,18.5,18.5,11.3,2299
12-may-2024,0,16.5,0,9.4,0,9.3,0,0.0,1003.8,4.0,0,10,0,260,0,16,16.315,2.3,3.1,20.4,20.4,13.5,1537
13-may-2024,0,18.0,0,10.1,0,7.5,0,16.1,993.4,8.0,0,15,0,90,0,23,14.630,1.8,2.6,5.8,5.8,-0.8,1096
14-may-2024,0,17.7,0,7.7,0,4.6,0,0.0,992.6,5.7,0,11,0,30,0,20,15.123,2.7,3.8,8.3,8.3,2.0,1951
15-may-2024,0,20.1,0,8.5,0,8.9,0,0.0,997.5,5.3,0,11,0,90,0,17,16.013,3.1,4.2,11.2,11.2,5.0,1958
16-may-2024,0,22.1,0,7.8,0,4.5,0,0.0,1002.8,5.4,0,12,0,330,0,21,16.493,3.2,4.3,14.0,14.0,8.2,1900
17-may-2024,0,18.8,0,11.7,0,12.8,0,0.0,1007.9,10.2,0,14,0,330,0,22,16.157,2.3,3.2,16.0,16.0,10.5,1251
18-may-2024,0,15.5,0,7.1,0,11.2,0,0.0,1013.4,7.2,0,12,0,0,0,20,15.132,1.4,2.0,17.2,17.2,11.8,824
19-may-2024,0,24.1,0,4.8,0,2.1,0,0.0,1012.8,3.3,0,6,0,240,0,11,17.038,4.0,5.3,20.5,20.5,15.7,2700
20-may-2024,0,22.5,0,8.2,0,5.4,0,3.4,1009.2,3.3,0,8,0,230,0,13,17.968,3.1,4.1,19.6,19.6,15.2,1938
21-may-2024,0,16.1,0,11.2,0,11.9,0,6.4,1006.8,3.3,0,7,0,110,0,10,16.128,1.1,1.5,14.1,14.1,9.9,539
22-may-2024,0,16.7,0,9.1,0,8.8,0,0.2,1010.4,10.4,0,18,0,330,0,28,15.295,2.4,3.5,16.0,16.0,12.1,1369
23-may-2024,0,15.2,0,7.6,0,7.0,0,0.0,1014.4,9.5,0,16,0,330,0,23,13.785,2.5,3.6,18.2,18.2,14.6,1370
24-may-2024,0,17.4,0,4.8,0,1.5,0,0.0,1012.6,4.0,0,8,0,250,0,12,15.000,3.2,4.4,20.9,20.9,17.7,2340
25-may-2024,0,15.1,0,6.9,0,3.2,0,4.0,1006.8,8.3,0,13,0,130,0,22,13.793,1.7,2.5,18.3,18.3,15.3,989
26-may-2024,0,15.5,0,9.6,0,10.0,0,2.4,1003.8,6.1,0,14,0,250,0,22,14.955,2.5,3.6,18.0,18.0,15.2,1786
27-may-2024,0,15.5,0,7.8,0,4.8,0,3.7,1004.2,5.4,0,11,0,210,0,18,14.368,2.2,3.1,16.1,16.1,13.6,1514
28-may-2024,0,15.1,0,11.3,0,7.2,0,8.1,1001.2,8.3,0,15,0,240,0,27,14.590,1.6,2.4,9.4,9.4,7.1,1040
29-may-2024,0,16.8,0,10.4,0,8.5,0,4.0,1007.2,8.6,0,16,0,320,0,22,14.870,2.1,3.1,7.4,7.4,5.2,1250
30-may-2024,0,15.2,0,9.4,0,7.8,0,0.3,1016.0,10.3,0,17,0,340,0,26,14.400,2.2,3.3,9.1,9.1,7.1,1336
31-may-2024,0,18.8,0,6.1,0,2.9,0,0.0,1022.8,6.8,0,11,0,10,0,17,15.910,3.9,5.6,12.7,12.7,11.0,2883
01-jun-2024,0,19.9,0,4.2,0,1.3,0,0.0,1026.3,4.8,0,9,0,240,0,14,16.923,4.0,5.6,16.2,16.2,14.9,3054
02-jun-2024,0,18.1,0,7.4,0,5.3,0,0.0,1025.5,4.1,0,9,0,240,0,15,17.587,3.1,4.3,18.8,18.8,17.9,2334
03-jun-2024,0,15.6,0,11.7,0,10.5,0,0.4,1017.8,5.7,0,9,0,260,0,16,16.665,1.8,2.5,19.9,19.9,19.2,1067
04-jun-2024,0,16.6,0,6.1,0,11.7,0,1.3,1008.5,10.4,0,19,0,330,0,26,16.587,3.0,4.7,21.1,21.1,20.6,2458
05-jun-2024,0,15.8,0,6.6,0,2.9,0,0.2,1010.8,7.0,0,13,0,310,0,21,14.800,2.9,4.1,23.2,23.2,23.0,1801
06-jun-2024,0,14.6,0,6.1,0,2.5,0,0.2,1013.1,5.5,0,13,0,270,0,21,14.823,2.9,4.2,25.4,25.4,25.3,2208
07-jun-2024,0,15.8,0,7.2,0,3.2,0,0.1,1012.0,6.8,0,12,0,250,0,24,15.087,2.4,3.5,27.1,27.1,27.3,1674
08-jun-2024,0,17.7,0,9.5,0,8.5,0,0.6,1011.7,8.0,0,13,0,340,0,19,16.712,3.7,5.3,29.4,29.4,29.8,2468
09-jun-2024,0,14.2,0,9.2,0,6.9,0,1.4,1010.9,8.3,0,15,0,280,0,23,14.730,1.5,2.1,29.1,29.1,29.6,684
10-jun-2024,0,17.6,0,5.1,0,2.5,0,0.0,1014.0,7.6,0,13,0,350,0,21,15.413,3.3,4.7,31.5,31.5,32.2,2313
11-jun-2024,0,17.1,0,3.8,0,0.1,0,0.0,1019.0,6.7,0,12,0,310,0,18,15.218,2.8,3.9,33.4,33.4,34.4,1810
12-jun-2024,0,17.0,0,2.4,0,-0.5,0,0.0,1013.3,3.4,0,8,0,220,0,13,16.965,3.5,4.7,35.9,35.9,37.0,2711
13-jun-2024,0,16.7,0,11.3,0,10.6,0,17.2,998.1,8.7,0,15,0,230,0,26,16.250,2.1,3.1,20.1,20.1,21.4,1310
14-jun-2024,0,15.7,0,9.0,0,7.6,0,3.4,991.4,6.9,0,13,0,240,0,20,16.327,3.7,5.4,19.7,19.7,21.2,2904
15-jun-2024,0,18.2,0,6.7,0,2.8,0,4.0,992.6,4.6,0,11,0,340,0,16,16.130,2.7,3.7,17.9,17.9,19.6,1711
16-jun-2024,0,17.1,0,5.2,0,2.0,0,1.8,999.1,4.5,0,9,0,240,0,16,15.943,2.8,3.8,18.4,18.4,20.3,2056
17-jun-2024,0,17.2,0,8.6,0,5.7,0,0.0,1008.2,7.1,0,12,0,340,0,19,16.215,2.2,3.2,20.3,20.3,22.3,1380
18-jun-2024,0,16.2,0,6.6,0,8.5,0,0.2,1016.5,7.7,0,13,0,20,0,22,15.980,2.7,4.0,22.3,22.3,24.5,1851
19-jun-2024,0,17.6,0,4.2,0,1.1,0,0.0,1019.1,4.4,0,9,0,260,0,16,16.698,3.7,5.2,25.3,25.3,27.7,2924
20-jun-2024,0,18.3,0,10.2,0,6.3,0,2.3,1013.5,4.7,0,8,0,210,0,13,16.987,2.1,2.9,24.6,24.6,27.1,1191
21-jun-2024,0,16.6,0,10.9,0,11.6,0,5.1,1004.3,7.9,0,15,0,210,0,25,16.070,2.1,3.0,21.1,21.1,23.7,1306
22-jun-2024,0,17.6,0,10.9,0,8.6,0,0.3,1008.3,6.0,0,11,0,240,0,18,15.967,1.9,2.6,22.3,22.3,25.1,1125
23-jun-2024,0,20.1,0,11.8,0,9.4,0,0.0,1013.4,3.9,0,7,0,260,0,13,18.355,3.5,4.7,25.1,25.1,28.1,2260
24-jun-2024,0,24.3,0,15.1,0,15.5,0,0.0,1011.8,6.5,0,13,0,220,0,21,19.872,3.4,4.5,27.8,27.8,30.8,1744
25-jun-2024,0,22.2,0,10.4,0,13.1,0,0.4,1013.7,6.7,0,12,0,320,0,16,20.638,3.7,5.0,30.1,30.1,33.3,2206
26-jun-2024,0,20.0,0,6.3,0,3.4,0,0.3,1006.4,7.9,0,17,0,220,0,27,17.835,2.4,3.4,31.6,31.6,34.9,1414
27-jun-2024,0,14.1,0,11.4,0,11.6,0,6.2,1002.6,12.7,0,18,0,230,0,36,15.343,1.7,2.6,26.6,26.6,30.0,1009
28-jun-2024,0,15.7,0,11.1,0,9.8,0,1.8,1009.0,6.5,0,11,0,290,0,19,15.485,2.5,3.4,26.6,26.6,30.1,1523
29-jun-2024,0,17.5,0,9.1,0,11.7,0,9.0,1009.8,7.0,0,12,0,10,0,18,16.347,2.7,3.8,19.6,19.6,23.3,1747
30-jun-2024,0,18.2,0,10.6,0,6.8,0,2.7,1013.4,5.9,0,10,0,290,0,15,16.442,2.6,3.6,19.1,19.1,22.9,1471
01-jul-2024,0,18.1,0,7.8,0,10.7,0,0.3,1016.6,7.0,0,14,0,350,0,21,16.410,2.0,2.8,20.4,20.4,24.3,1172
02-jul-2024,0,16.9,0,6.3,0,4.6,0,0.2,1013.1,5.2,0,10,0,270,0,17,15.597,2.6,3.6,22.4,22.4,26.3,1731
03-jul-2024,0,16.9,0,9.7,0,11.1,0,1.4,1003.2,9.4,0,18,0,300,0,26,16.022,2.4,3.6,22.9,22.9,26.9,1575
04-jul-2024,0,15.9,0,10.1,0,7.2,0,2.2,1004.0,8.4,0,14,0,270,0,25,15.150,2.6,3.7,22.7,22.7,26.8,1665
05-jul-2024,0,15.2,0,7.5,0,6.4,0,0.6,1000.2,5.9,0,13,0,230,0,23,15.318,2.4,3.5,24.0,24.0,28.3,1791
06-jul-2024,0,18.0,0,7.0,0,3.6,0,1.9,1000.4,6.3,0,13,0,290,0,21,15.282,2.9,4.0,24.4,24.4,28.7,1930
07-jul-2024,0,17.0,0,8.3,0,9.2,0,4.9,1004.1,2.5,0,7,0,300,0,11,16.312,2.3,3.0,21.3,21.3,25.7,1443
08-jul-2024,0,20.3,0,7.3,0,5.4,0,0.0,1006.6,5.1,0,10,0,130,0,16,17.243,3.5,4.8,24.1,24.1,28.6,2304
09-jul-2024,0,16.8,0,12.0,0,11.4,0,0.2,1004.5,7.8,0,13,0,20,0,22,16.378,2.1,2.8,25.5,25.5,30.1,1049
10-jul-2024,0,20.1,0,10.8,0,10.0,0,0.0,1010.0,11.0,0,16,0,310,0,23,17.990,3.6,5.3,28.3,28.3,33.0,2262
11-jul-2024,0,17.9,0,11.6,0,7.8,0,0.0,1017.2,8.9,0,13,0,350,0,23,18.005,3.1,4.3,30.6,30.6,35.4,1759
12-jul-2024,0,18.4,0,10.7,0,10.7,0,0.0,1017.0,6.9,0,11,0,340,0,17,17.710,2.4,3.3,32.4,32.4,37.2,1239
13-jul-2024,0,22.2,0,11.7,0,11.0,0,0.3,1011.6,5.4,0,10,0,330,0,15,18.638,3.0,4.0,34.2,34.2,39.1,1610
14-jul-2024,0,21.7,0,9.8,0,8.0,0,8.4,1006.4,2.9,0,10,0,260,0,15,18.903,2.6,3.4,27.6,27.6,32.6,1469
15-jul-2024,0,20.1,0,9.7,0,8.0,0,0.0,1003.0,4.0,0,7,0,320,0,12,18.195,2.7,3.5,29.6,29.6,34.6,1606
16-jul-2024,0,18.7,0,12.8,0,9.6,0,0.0,1008.4,6.5,0,10,0,310,0,17,18.680,3.1,4.3,31.8,31.8,36.9,1973
17-jul-2024,0,19.0,0,11.5,0,9.2,0,1.5,1011.1,6.0,0,13,0,210,0,20,17.467,2.0,2.7,31.7,31.7,36.9,1046
18-jul-2024,0,21.7,0,11.8,0,13.8,0,2.6,1009.7,4.8,0,9,0,170,0,15,18.310,2.6,3.4,31.0,31.0,36.2,1397
19-jul-2024,0,20.3,0,10.7,0,8.3,0,8.0,1005.5,5.7,0,13,0,220,0,19,17.490,2.3,3.1,24.6,24.6,29.9,1265
20-jul-2024,0,18.4,0,11.0,0,12.7,0,7.6,1002.2,7.9,0,15,0,310,0,23,17.122,2.4,3.4,18.9,18.9,24.2,1356
21-jul-2024,0,16.9,0,12.5,0,8.8,0,9.5,1003.1,5.6,0,10,0,230,0,16,16.427,1.6,2.2,10.8,10.8,16.1,869
22-jul-2024,0,17.5,0,11.4,0,13.8,0,4.4,1006.8,4.6,0,8,0,270,0,13,17.452,1.7,2.3,7.9,7.9,13.3,1119
23-jul-2024,0,19.8,0,11.0,0,8.4,0,0.0,1014.1,3.5,0,6,0,350,0,10,18.005,2.3,3.1,10.0,10.0,15.5,1355
24-jul-2024,0,18.5,0,13.7,0,14.1,0,3.2,1010.7,6.0,0,12,0,220,0,19,17.545,1.3,1.8,8.0,8.0,13.6,689
25-jul-2024,0,18.1,0,12.0,0,13.9,0,2.8,1003.5,7.2,0,13,0,240,0,23,17.260,2.3,3.2,7.3,7.3,13.0,1463
26-jul-2024,0,18.0,0,11.6,0,9.2,0,2.9,1004.0,6.4,0,14,0,220,0,23,16.995,2.9,4.1,7.1,7.1,12.9,1966
27-jul-2024,0,20.5,0,9.0,0,11.5,0,7.6,1010.7,6.3,0,12,0,330,0,16,17.778,2.9,4.0,2.2,2.2,8.1,1944
28-jul-2024,0,21.9,0,8.6,0,7.0,0,0.0,1017.3,4.4,0,10,0,210,0,16,17.907,3.3,4.4,5.4,5.4,11.3,2141
29-jul-2024,0,19.4,0,10.8,0,13.4,0,0.0,1014.4,5.8,0,11,0,200,0,18,17.370,1.7,2.4,7.1,7.1,13.0,961
30-jul-2024,0,22.2,0,7.4,0,6.2,0,0.0,1015.4,3.2,0,8,0,310,0,12,17.852,3.0,3.9,9.8,9.8,15.9,1945
31-jul-2024,0,21.6,0,11.6,0,10.5,0,1.0,1012.1,3.5,0,8,0,280,0,14,19.237,2.7,3.5,11.3,11.3,17.4,1601
01-aug-2024,0,21.0,0,14.2,0,13.3,0,0.3,1007.8,5.2,0,10,0,210,0,17,18.890,2.3,3.1,13.1,13.1,19.3,1319
02-aug-2024,0,18.1,0,11.3,0,15.1,0,7.2,1002.9,8.1,0,13,0,230,0,22,17.693,1.9,2.7,7.5,7.5,13.8,1141
03-aug-2024,0,17.1,0,10.4,0,9.3,0,2.4,1006.4,6.3,0,12,0,260,0,22,16.438,2.2,3.2,7.2,7.2,13.5,1515
04-aug-2024,0,20.5,0,12.9,0,12.2,0,10.5,1002.5,8.8,0,15,0,190,0,23,16.358,1.3,1.7,0.0,-2.1,4.3,461
05-aug-2024,0,19.4,0,11.3,0,14.7,0,9.4,998.2,7.7,0,13,0,200,0,20,18.887,2.7,4.1,0.0,-6.7,-2.4,2172
06-aug-2024,0,17.4,0,10.7,0,9.0,0,4.9,1000.2,9.0,0,16,0,220,0,27,16.278,2.3,3.3,0.0,-2.6,-5.0,1477
07-aug-2024,0,18.1,0,12.9,0,12.2,0,1.3,1002.5,9.0,0,16,0,260,0,30,16.493,2.5,3.6,1.2,1.2,-3.5,1582
08-aug-2024,0,18.0,0,13.6,0,13.2,0,6.6,1000.9,6.9,0,15,0,240,0,27,16.743,1.1,1.5,0.0,-4.4,-8.9,484
09-aug-2024,0,18.4,0,13.6,0,11.7,0,1.1,1006.2,9.8,0,15,0,260,0,27,16.927,2.7,4.1,1.6,1.6,-6.8,1963
10-aug-2024,0,19.0,0,11.3,0,12.9,0,2.2,1012.3,5.8,0,12,0,250,0,19,17.897,2.9,4.1,2.3,2.3,-5.8,2097
11-aug-2024,0,21.6,0,11.4,0,9.1,0,7.6,1007.4,7.9,0,13,0,140,0,20,17.472,2.1,3.0,0.0,-3.3,-10.0,1287
12-aug-2024,0,20.2,0,13.6,0,12.3,0,15.1,998.7,9.6,0,15,0,230,0,25,18.157,2.7,4.0,0.0,-10.0,-10.0,1860
13-aug-2024,0,19.8,0,8.2,0,14.2,0,2.4,1001.2,8.4,0,14,0,300,0,22,18.048,2.2,3.3,0.0,-0.2,-9.7,1622
14-aug-2024,0,18.1,0,7.3,0,4.3,0,0.2,1007.1,6.8,0,13,0,200,0,20,15.860,1.6,2.3,1.4,1.4,-7.8,1089
15-aug-2024,0,19.5,0,12.1,0,15.0,0,19.8,1004.9,7.9,0,16,0,330,0,23,17.680,2.5,3.5,0.0,-10.0,-10.0,1548
16-aug-2024,0,17.0,0,11.0,0,7.1,0,0.7,1009.5,6.5,0,13,0,240,0,22,15.858,2.0,2.7,1.3,1.3,-8.2,1053
17-aug-2024,0,16.6,0,12.6,0,11.5,0,1.1,1007.1,7.0,0,11,0,240,0,22,15.667,1.7,2.4,1.9,1.9,-7.2,949
18-aug-2024,0,18.1,0,12.8,0,10.9,0,0.0,1008.6,7.2,0,12,0,240,0,19,16.105,2.7,3.8,4.5,4.5,-4.1,1740
19-aug-2024,0,18.7,0,11.2,0,11.1,0,4.8,1000.7,8.0,0,18,0,220,0,28,15.608,1.1,1.5,0.8,0.8,-7.6,435
20-aug-2024,0,16.8,0,10.6,0,7.3,0,1.5,1004.4,9.2,0,18,0,280,0,29,15.055,2.5,3.6,1.8,1.8,-6.3,1708
21-aug-2024,0,17.6,0,12.0,0,8.4,0,5.1,999.8,12.2,0,21,0,230,0,33,14.695,1.5,2.1,0.0,-1.9,-9.5,542
22-aug-2024,0,16.9,0,11.2,0,10.2,0,13.1,991.2,8.2,0,19,0,230,0,31,15.130,1.4,2.0,0.0,-10.0,-10.0,851
23-aug-2024,0,16.6,0,9.4,0,5.4,0,13.7,991.1,8.2,0,17,0,230,0,27,14.580,2.2,3.2,0.0,-10.0,-10.0,1619
24-aug-2024,0,17.0,0,8.1,0,4.3,0,2.4,1000.2,6.8,0,15,0,310,0,26,14.770,2.4,3.4,0.0,-0.0,-9.5,1826
25-aug-2024,0,15.9,0,10.0,0,5.6,0,8.1,1005.2,10.5,0,16,0,230,0,29,13.952,1.2,1.7,0.0,-6.9,-10.0,502
26-aug-2024,0,17.6,0,13.4,0,12.8,0,6.4,1004.4,7.5,0,13,0,200,0,23,15.400,1.4,1.9,0.0,-5.0,-10.0,821
27-aug-2024,0,19.9,0,13.2,0,14.0,0,1.4,1001.4,9.0,0,17,0,200,0,26,17.448,2.3,3.4,0.9,0.9,-8.6,1649
28-aug-2024,0,16.8,0,11.3,0,7.0,0,6.4,1005.0,6.3,0,13,0,240,0,22,15.820,1.8,2.5,0.0,-3.8,-10.0,1199
29-aug-2024,0,17.9,0,8.2,0,8.9,0,3.2,1012.4,5.3,0,12,0,270,0,20,16.150,2.3,3.3,0.0,-0.9,-10.0,1888
30-aug-2024,0,19.4,0,5.9,0,2.4,0,0.1,1018.5,2.4,0,6,0,90,0,10,15.878,2.2,2.9,2.1,2.1,-7.4,1619
31-aug-2024,0,21.7,0,5.8,0,2.4,0,0.0,1016.2,5.6,0,11,0,140,0,17,15.765,2.6,3.6,4.6,4.6,-4.4,1813
01-sep-2024,0,19.0,0,10.9,0,8.1,0,3.9,1009.2,5.9,0,11,0,120,0,16,15.675,1.6,2.2,2.3,2.3,-6.5,957
02-sep-2024,0,18.6,0,9.1,0,12.5,0,6.1,1007.8,7.0,0,12,0,330,0,19,16.875,1.7,2.4,0.0,-2.1,-10.0,1174
03-sep-2024,0,17.8,0,9.6,0,6.1,0,0.6,1011.4,6.3,0,13,0,320,0,19,16.087,1.7,2.2,1.1,1.1,-8.4,953
04-sep-2024,0,16.9,0,9.4,0,6.7,0,3.9,1016.6,8.0,0,15,0,310,0,24,15.043,1.7,2.4,0.0,-1.1,-10.0,1073
05-sep-2024,0,19.1,0,7.6,0,3.6,0,0.0,1015.9,7.1,0,13,0,30,0,21,14.597,2.2,3.0,2.2,2.2,-7.3,1478
06-sep-2024,0,24.0,0,11.9,0,9.2,0,0.0,1010.0,5.6,0,10,0,10,0,15,16.930,2.5,3.4,4.7,4.7,-4.4,1612
07-sep-2024,0,23.1,0,12.0,0,8.3,0,0.1,1006.5,4.5,0,10,0,340,0,14,17.895,2.2,3.0,6.7,6.7,-2.1,1498
08-sep-2024,0,16.9,0,10.9,0,12.5,0,0.1,1007.4,9.5,0,16,0,340,0,24,17.050,1.5,2.1,8.0,8.0,-0.5,802
09-sep-2024,0,16.4,0,9.3,0,7.2,0,0.1,1009.5,7.4,0,13,0,270,0,25,14.855,1.6,2.3,9.4,9.4,1.0,1063
10-sep-2024,0,15.6,0,7.5,0,11.2,0,3.9,1005.9,9.3,0,16,0,310,0,26,15.140,1.5,2.2,6.9,6.9,-1.4,1110
11-sep-2024,0,15.9,0,7.8,0,4.9,0,0.2,1010.7,8.6,0,17,0,330,0,26,13.698,2.1,3.0,8.7,8.7,0.6,1417
12-sep-2024,0,15.5,0,3.1,0,2.2,0,0.0,1018.0,4.8,0,12,0,320,0,18,13.830,1.8,2.5,10.4,10.4,2.4,1467
13-sep-2024,0,14.0,0,2.1,0,-0.2,0,2.8,1020.9,5.9,0,11,0,200,0,18,12.160,1.0,1.4,8.4,8.4,0.5,725
14-sep-2024,0,16.5,0,13.0,0,11.9,0,9.9,1017.5,9.2,0,14,0,200,0,23,14.290,0.8,1.1,0.0,-0.7,-8.5,295
15-sep-2024,0,18.6,0,9.6,0,12.6,0,0.3,1019.7,3.7,0,9,0,230,0,14,15.720,1.7,2.4,1.4,1.4,-6.7,1332
16-sep-2024,0,20.6,0,8.7,0,5.3,0,0.1,1023.9,3.3,0,9,0,170,0,13,15.845,1.8,2.5,3.1,3.1,-4.6,1363
17-sep-2024,0,21.8,0,12.2,0,11.7,0,0.0,1025.5,3.8,0,9,0,110,0,13,17.702,2.1,2.9,5.2,5.2,-2.2,1640
18-sep-2024,0,20.6,0,8.1,0,4.1,0,0.0,1024.1,5.0,0,8,0,130,0,13,16.360,2.1,2.9,7.2,7.2,-0.0,1684
19-sep-2024,0,21.8,0,9.9,0,9.2,0,0.2,1022.0,5.3,0,10,0,60,0,14,16.158,1.9,2.6,8.8,8.8,1.7,1300
20-sep-2024,0,19.1,0,9.8,0,6.2,0,0.0,1019.7,5.8,0,10,0,80,0,15,15.312,1.8,2.5,10.5,10.5,3.5,1421
21-sep-2024,0,16.5,0,8.7,0,5.2,0,0.0,1015.9,5.5,0,11,0,80,0,17,14.488,1.0,1.3,11.4,11.4,4.5,490
22-sep-2024,0,15.4,0,13.1,0,12.8,0,1.2,1010.5,5.1,0,8,0,50,0,13,14.863,0.9,1.1,11.0,11.0,4.2,327
23-sep-2024,0,13.9,0,10.9,0,12.2,0,0.0,1005.3,4.8,0,9,0,340,0,14,14.493,0.8,1.0,11.7,11.7,5.0,303
24-sep-2024,0,16.1,0,7.4,0,6.4,0,0.0,1001.0,4.7,0,10,0,350,0,18,14.705,1.5,2.0,13.0,13.0,6.5,1128
25-sep-2024,0,9.9,0,5.5,0,3.3,0,1.3,990.9,6.7,0,11,0,10,0,17,11.660,0.7,1.0,12.3,12.3,5.9,360
26-sep-2024,0,11.1,0,7.2,0,7.6,0,7.8,990.1,10.6,0,16,0,0,0,28,11.400,0.9,1.3,5.3,5.3,-1.1,417
27-sep-2024,0,12.8,0,5.4,0,3.9,0,1.7,1008.1,8.3,0,16,0,330,0,26,11.340,1.4,2.0,4.9,4.9,-1.3,1180
28-sep-2024,0,13.2,0,3.8,0,0.7,0,0.1,1017.0,3.3,0,8,0,190,0,14,11.230,0.9,1.3,5.7,5.7,-0.5,710
29-sep-2024,0,13.3,0,8.7,0,6.9,0,1.0,1004.4,12.6,0,20,0,100,0,33,11.250,1.2,1.7,5.8,5.8,-0.2,421
30-sep-2024,0,17.2,0,6.9,0,9.6,0,1.3,1004.8,7.0,0,16,0,300,0,22,13.025,1.3,1.8,5.8,5.8,-0.2,950
01-oct-2024,0,16.6,0,6.1,0,1.7,0,0.0,1012.3,5.3,0,9,0,30,0,18,12.825,1.3,1.9,7.1,7.1,1.2,1181
02-oct-2024,0,16.8,0,3.3,0,-0.5,0,0.0,1015.2,5.8,0,13,0,80,0,19,11.542,1.3,1.8,8.3,8.3,2.5,1135
03-oct-2024,0,14.4,0,9.0,0,3.1,0,1.3,1012.3,8.2,0,13,0,150,0,20,11.913,1.0,1.3,7.9,7.9,2.2,524
04-oct-2024,0,18.4,0,13.4,0,10.9,0,0.0,1005.6,8.6,0,14,0,170,0,22,13.930,1.4,1.7,9.2,9.2,3.5,616
05-oct-2024,0,15.9,0,12.1,0,13.6,0,6.4,995.5,11.5,0,19,0,140,0,32,13.790,0.9,1.2,3.6,3.6,-1.9,143
06-oct-2024,0,17.9,0,9.8,0,4.3,0,5.5,986.1,6.1,0,12,0,150,0,20,13.882,1.3,1.8,0.0,-0.6,-6.0,1131
07-oct-2024,0,18.0,0,10.7,0,7.6,0,1.4,984.2,5.8,0,11,0,160,0,20,13.670,1.3,1.8,0.0,-0.1,-5.8,1003
08-oct-2024,0,15.2,0,10.8,0,8.6,0,5.5,985.4,7.2,0,12,0,60,0,21,13.175,0.8,1.1,0.0,-4.7,-10.0,478
09-oct-2024,0,14.6,0,3.9,0,3.3,0,0.1,994.4,7.7,0,14,0,0,0,23,12.747,1.0,1.4,0.9,0.9,-8.6,897
10-oct-2024,0,12.8,0,0.1,0,-1.9,0,0.2,1006.3,4.7,0,11,0,320,0,16,10.299,0.9,1.4,1.6,1.6,-7.4,1022
11-oct-2024,0,12.0,0,-0.5,0,-2.8,0,1.7,1008.7,3.9,0,9,0,210,0,14,9.026,0.8,1.2,0.7,0.7,-8.0,929
12-oct-2024,0,12.8,0,0.3,0,1.9,0,4.0,1006.0,6.0,0,15,0,310,0,25,10.165,0.8,1.2,0.0,-2.5,-10.0,785
13-oct-2024,0,9.8,0,0.5,0,-1.8,0,0.1,1009.6,5.2,0,9,0,130,0,17,8.333,0.5,0.7,0.4,0.4,-9.1,339
14-oct-2024,0,11.6,0,4.0,0,-0.4,0,0.0,1008.2,4.1,0,8,0,170,0,12,9.720,0.6,0.8,1.0,1.0,-8.0,435
15-oct-2024,0,15.2,0,10.1,0,4.2,0,5.6,999.3,7.2,0,11,0,140,0,18,11.562,0.7,1.0,0.0,-3.9,-10.0,369
16-oct-2024,0,19.1,0,9.6,0,13.3,0,0.9,990.7,3.6,0,8,0,160,0,12,13.488,0.8,1.0,0.0,-0.1,-9.6,386
17-oct-2024,0,16.1,0,8.9,0,4.8,0,1.5,998.6,6.3,0,12,0,250,0,22,12.595,0.9,1.2,0.0,-0.6,-9.7,891
18-oct-2024,0,16.3,0,9.2,0,5.2,0,11.2,998.2,9.0,0,17,0,190,0,28,11.860,0.8,1.0,0.0,-10.0,-10.0,227
19-oct-2024,0,14.6,0,7.8,0,3.6,0,0.8,997.4,6.9,0,20,0,150,0,31,11.105,0.9,1.2,0.1,0.1,-9.4,711
20-oct-2024,0,14.2,0,10.4,0,8.7,0,17.2,991.3,17.8,0,30,0,230,0,51,11.142,1.2,1.7,0.0,-10.0,-10.0,270
21-oct-2024,0,14.1,0,8.7,0,6.4,0,13.6,1007.6,9.3,0,17,0,220,0,37,11.135,0.9,1.2,0.0,-10.0,-10.0,716
22-oct-2024,0,15.1,0,7.4,0,3.7,0,0.7,1018.5,3.5,0,6,0,220,0,12,11.138,0.6,0.9,0.0,-0.1,-9.6,631
23-oct-2024,0,14.4,0,6.4,0,2.0,0,0.0,1014.7,7.4,0,14,0,170,0,33,10.677,0.7,1.0,0.7,0.7,-8.3,522
24-oct-2024,0,16.9,0,13.2,0,10.0,0,18.0,1002.4,9.2,0,17,0,150,0,29,12.280,1.2,1.4,0.0,-10.0,-10.0,530
25-oct-2024,0,15.6,0,7.2,0,7.6,0,1.0,1003.2,6.5,0,12,0,70,0,18,12.595,0.5,0.8,0.0,-0.5,-10.0,462
26-oct-2024,0,12.6,0,1.4,0,0.5,0,0.9,1010.6,4.7,0,15,0,310,0,24,9.958,0.4,0.6,0.0,-0.5,-9.9,383
27-oct-2024,0,13.9,0,1.6,0,-1.5,0,11.0,1012.6,8.8,0,15,0,240,0,27,9.170,0.4,0.5,0.0,-10.0,-10.0,122
28-oct-2024,0,15.1,0,9.2,0,8.4,0,2.1,1013.9,5.6,0,13,0,230,0,19,12.600,0.4,0.6,0.0,-1.7,-10.0,494
29-oct-2024,0,14.4,0,6.0,0,4.0,0,0.3,1020.8,2.0,0,6,0,290,0,9,11.475,0.4,0.6,0.1,0.1,-9.4,482
30-oct-2024,0,12.8,0,10.6,0,8.4,0,0.3,1023.6,4.1,0,7,0,220,0,10,12.108,0.4,0.6,0.2,0.2,-8.8,314
31-oct-2024,0,11.7,0,9.8,0,9.8,0,1.4,1020.9,5.4,0,8,0,210,0,13,11.825,0.4,0.6,0.0,-0.7,-9.3,248
01-nov-2024,0,13.0,0,10.6,0,9.7,0,0.0,1021.2,3.3,0,7,0,200,0,10,11.682,0.6,0.8,0.6,0.6,-8.3,165
02-nov-2024,0,11.8,0,10.2,0,9.6,0,0.0,1023.7,3.5,0,7,0,130,0,11,11.382,0.6,0.7,1.1,1.1,-7.3,138
03-nov-2024,0,12.8,0,10.2,0,9.8,0,0.2,1021.2,3.3,0,6,0,110,0,9,11.505,0.5,0.6,1.4,1.4,-6.6,165
04-nov-2024,0,13.5,0,7.7,0,2.6,0,0.0,1017.4,4.3,0,8,0,110,0,11,11.453,0.4,0.6,1.8,1.8,-5.9,448
05-nov-2024,0,15.7,0,6.3,0,3.3,0,0.1,1013.9,5.6,0,10,0,120,0,15,10.730,0.6,0.7,2.3,2.3,-5.2,265
06-nov-2024,0,18.6,0,13.7,0,7.8,0,0.0,1017.7,5.6,0,10,0,170,0,18,13.108,0.7,0.9,2.9,2.9,-4.2,406
07-nov-2024,0,16.1,0,13.0,0,11.7,0,0.0,1017.7,8.8,0,13,0,150,0,21,12.895,0.8,1.0,3.8,3.8,-3.2,134
08-nov-2024,0,14.0,0,11.5,0,10.9,0,0.0,1015.8,6.0,0,9,0,130,0,15,12.260,0.7,0.9,4.4,4.4,-2.3,148
09-nov-2024,0,14.8,0,11.6,0,11.0,0,1.5,1015.0,5.4,0,9,0,100,0,14,12.243,0.6,0.7,3.5,3.5,-3.1,156
10-nov-2024,0,14.1,0,2.6,0,11.2,0,1.3,1022.5,3.5,0,7,0,340,0,11,12.460,0.3,0.4,2.5,2.5,-4.0,319
11-nov-2024,0,13.8,0,1.1,0,-1.3,0,0.1,1032.7,2.5,0,6,0,100,0,7,8.781,0.2,0.4,2.5,2.5,-3.7,548
12-nov-2024,0,7.2,0,0.6,0,-1.7,0,0.2,1035.9,2.0,0,4,0,80,0,6,7.828,0.2,0.3,2.5,2.5,-3.5,241
13-nov-2024,0,9.1,0,4.2,0,3.3,0,0.7,1034.2,1.8,0,4,0,180,0,5,8.960,0.3,0.4,2.1,2.1,-3.7,170
14-nov-2024,0,13.9,0,9.1,0,6.0,0,0.0,1029.5,2.9,0,6,0,320,0,8,10.925,0.3,0.4,2.4,2.4,-3.3,240
15-nov-2024,0,13.1,0,9.8,0,8.1,0,3.3,1021.2,4.3,0,9,0,240,0,18,11.452,0.3,0.4,0.0,-0.6,-6.1,219
16-nov-2024,0,11.3,0,4.9,0,7.7,0,0.8,1015.7,4.6,0,12,0,310,0,19,10.435,0.2,0.3,0.0,-0.6,-6.4,240
17-nov-2024,0,11.2,0,6.4,0,1.9,0,2.0,1012.0,4.3,0,10,0,260,0,18,9.318,0.3,0.5,0.0,-1.7,-7.7,216
18-nov-2024,0,7.7,0,4.1,0,5.9,0,7.9,1001.8,6.3,0,14,0,110,0,21,8.608,0.3,0.4,0.0,-7.6,-10.0,123
19-nov-2024,0,4.5,0,-3.0,0,1.9,0,2.8,1001.0,4.8,0,10,0,80,0,15,6.353,0.1,0.2,0.0,-2.7,-10.0,231
20-nov-2024,0,2.2,0,-3.7,0,-7.6,0,0.3,1006.2,4.1,0,13,0,90,0,24,3.334,0.1,0.2,0.0,-0.2,-9.7,247
21-nov-2024,0,4.4,0,0.1,0,-1.1,0,5.3,1000.6,6.3,0,11,0,70,0,18,3.296,0.3,0.4,0.0,-5.0,-10.0,323
22-nov-2024,0,6.3,0,0.5,0,-2.8,0,4.1,999.4,5.2,0,16,0,110,0,27,2.870,0.3,0.4,0.0,-3.8,-10.0,330
23-nov-2024,0,14.7,0,3.3,0,-0.0,0,44.5,980.4,12.2,0,19,0,130,0,33,8.336,0.5,0.6,0.0,-10.0,-10.0,173
24-nov-2024,0,10.8,0,6.7,0,5.2,0,6.2,976.3,12.5,0,19,0,220,0,32,8.229,0.6,0.7,0.0,-5.6,-10.0,283
25-nov-2024,0,7.8,0,-0.5,0,3.3,0,0.0,992.3,4.9,0,11,0,260,0,22,5.662,0.4,0.5,0.4,0.4,-9.1,123
26-nov-2024,0,9.1,0,-2.5,0,-6.1,0,0.0,1006.3,2.8,0,5,0,200,0,8,3.337,0.1,0.2,0.4,0.4,-8.6,380
27-nov-2024,0,0.6,0,-2.8,0,-5.5,0,0.0,1013.2,2.8,0,8,0,80,0,11,2.398,0.1,0.1,0.5,0.5,-8.1,241
28-nov-2024,0,13.9,0,-2.2,0,-3.6,0,2.2,1012.9,9.5,0,15,0,150,0,25,3.777,0.5,0.7,0.0,-1.2,-9.4,55
29-nov-2024,0,14.1,0,11.8,0,4.8,0,2.9,1006.2,9.8,0,18,0,160,0,30,9.175,0.7,0.9,0.0,-2.2,-10.0,77
30-nov-2024,0,15.6,0,10.2,0,5.8,0,1.6,1003.7,8.3,0,15,0,180,0,30,10.023,0.4,0.4,0.0,-1.2,-10.0,243
01-dec-2024,0,11.6,0,6.8,0,8.8,0,2.1,1003.6,6.8,0,13,0,300,0,19,9.477,0.2,0.3,0.0,-1.9,-10.0,217
02-dec-2024,0,7.9,0,-1.2,0,1.1,0,0.0,1012.6,5.2,0,14,0,300,0,21,6.244,0.1,0.2,0.1,0.1,-9.4,309
03-dec-2024,0,8.2,0,-0.7,0,-5.1,0,1.2,1016.3,4.5,0,8,0,200,0,13,4.209,0.1,0.1,0.0,-1.0,-10.0,198
04-dec-2024,0,13.1,0,0.4,0,-1.6,0,3.0,1009.3,7.5,0,18,0,200,0,29,5.902,0.4,0.5,0.0,-2.6,-10.0,55
05-dec-2024,0,12.5,0,2.5,0,6.3,0,4.2,1001.7,8.4,0,18,0,220,0,37,7.911,0.4,0.5,0.0,-3.8,-10.0,101
06-dec-2024,0,12.8,0,1.9,0,-2.0,0,10.0,994.3,10.0,0,38,0,300,0,53,6.082,0.4,0.6,0.0,-9.6,-10.0,54
07-dec-2024,0,8.6,0,3.6,0,3.9,0,4.0,1007.5,20.6,0,36,0,300,0,55,5.993,0.8,1.0,0.0,-3.2,-10.0,296
08-dec-2024,0,8.6,0,0.2,0,-2.2,0,0.1,1031.6,6.4,0,14,0,350,0,22,4.171,0.3,0.3,0.2,0.2,-9.3,287
09-dec-2024,0,6.2,0,-1.8,0,-5.8,0,0.0,1037.3,4.5,0,7,0,0,0,11,2.420,0.0,0.0,0.2,0.2,-8.9,373
10-dec-2024,0,4.6,0,-4.9,0,-8.1,0,0.0,1034.6,3.3,0,8,0,70,0,11,1.714,0.1,0.2,0.3,0.3,-8.3,240
11-dec-2024,0,5.1,0,2.4,0,-7.0,0,0.0,1031.0,2.9,0,5,0,70,0,8,3.462,0.3,0.4,0.6,0.6,-7.6,129
12-dec-2024,0,4.6,0,2.8,0,2.5,0,0.0,1026.9,3.8,0,7,0,100,0,10,4.075,0.4,0.6,1.0,1.0,-6.8,70
13-dec-2024,0,6.3,0,1.6,0,1.0,0,0.5,1022.7,3.1,0,7,0,320,0,11,4.483,0.1,0.2,0.6,0.6,-6.8,141
14-dec-2024,0,10.6,0,-0.4,0,-4.4,0,0.3,1020.8,5.5,0,11,0,240,0,20,4.381,0.1,0.2,0.5,0.5,-6.6,128
15-dec-2024,0,10.8,0,9.5,0,2.8,0,2.8,1022.1,9.2,0,15,0,240,0,24,8.377,0.4,0.5,0.0,-2.0,-8.7,110
16-dec-2024,0,11.5,0,7.1,0,8.8,0,0.5,1020.0,8.7,0,14,0,230,0,22,8.512,0.5,0.6,0.0,-0.0,-8.3,110
17-dec-2024,0,13.4,0,7.2,0,4.7,0,1.9,1002.8,10.6,0,16,0,210,0,27,8.764,0.5,0.6,0.0,-1.4,-9.4,45
18-dec-2024,0,13.0,0,3.2,0,7.0,0,5.9,994.4,7.2,0,16,0,210,0,25,9.038,0.3,0.4,0.0,-5.6,-10.0,104
19-dec-2024,0,8.2,0,1.7,0,-0.4,0,2.2,1009.9,6.6,0,22,0,300,0,32,4.983,0.2,0.3,0.0,-2.0,-10.0,284
20-dec-2024,0,10.7,0,4.9,0,-0.5,0,6.2,1011.4,8.0,0,16,0,230,0,24,6.361,0.2,0.2,0.0,-6.0,-10.0,232
21-dec-2024,0,11.7,0,3.3,0,4.8,0,9.2,1005.5,14.3,0,25,0,270,0,39,7.250,0.4,0.5,0.0,-8.8,-10.0,151
22-dec-2024,0,8.0,0,3.1,0,1.7,0,1.7,1013.0,12.5,0,23,0,310,0,45,4.664,0.7,0.8,0.0,-1.0,-10.0,241
23-dec-2024,0,12.1,0,4.7,0,2.5,0,3.0,1020.1,6.4,0,12,0,270,0,20,6.652,0.4,0.5,0.0,-2.6,-10.0,69
24-dec-2024,0,11.9,0,10.4,0,7.7,0,0.3,1019.6,10.9,0,15,0,230,0,24,9.525,0.4,0.5,0.1,0.1,-9.4,103
25-dec-2024,0,11.3,0,10.1,0,9.8,0,2.1,1022.8,7.3,0,11,0,220,0,17,9.705,0.4,0.5,0.0,-1.7,-10.0,62
26-dec-2024,0,10.4,0,8.4,0,7.0,0,0.0,1026.0,3.9,0,7,0,190,0,12,9.230,0.3,0.4,0.3,0.3,-9.2,111
27-dec-2024,0,11.1,0,8.4,0,7.7,0,0.2,1024.6,4.2,0,8,0,200,0,12,9.097,0.3,0.4,0.4,0.4,-8.7,135
28-dec-2024,0,10.6,0,5.9,0,6.6,0,0.0,1023.3,5.0,0,8,0,200,0,13,8.405,0.3,0.4,0.7,0.7,-7.9,78
29-dec-2024,0,10.8,0,8.6,0,1.1,0,0.3,1021.9,9.4,0,15,0,230,0,24,8.261,0.7,0.9,1.1,1.1,-7.1,74
30-dec-2024,0,11.0,0,9.2,0,7.8,0,0.7,1014.8,12.8,0,18,0,230,0,32,8.885,0.7,0.8,1.0,1.0,-6.8,69
31-dec-2024,0,11.9,0,6.1,0,8.9,0,19.8,1004.3,13.0,0,20,0,240,0,35,9.165,0.6,0.8,0.0,-10.0,-10.0,30
01-jan-2025,0,7.3,0,-0.1,0,3.6,0,1.6,1003.8,5.7,0,14,0,270,0,22,6.333,0.2,0.2,0.0,-1.4,-10.0,223
02-jan-2025,0,4.6,0,-3.9,0,-6.6,0,0.1,1017.7,4.2,0,9,0,340,0,15,2.848,0.0,0.0,0.0,-0.1,-9.6,328
03-jan-2025,0,4.7,0,-5.1,0,-9.2,0,0.0,1019.9,2.4,0,4,0,180,0,7,1.563,0.0,0.0,0.0,0.0,-9.1,373
04-jan-2025,0,1.9,0,-1.3,0,-8.0,0,3.9,1003.4,5.3,0,10,0,50,0,15,1.339,0.2,0.3,0.0,-3.7,-10.0,125
05-jan-2025,0,2.6,0,-0.5,0,-1.5,0,2.5,986.2,8.9,0,13,0,0,0,22,1.988,0.3,0.5,0.0,-2.2,-10.0,41
06-jan-2025,0,3.3,0,-1.2,0,-3.7,0,5.5,987.0,8.4,0,19,0,290,0,26,1.404,0.3,0.4,0.0,-5.2,-10.0,162
07-jan-2025,0,6.0,0,-3.9,0,-3.6,0,1.2,996.6,4.5,0,16,0,300,0,23,1.628,0.1,0.2,0.0,-1.1,-10.0,360
08-jan-2025,0,-0.4,0,-6.8,0,-8.5,0,0.0,998.9,2.6,0,5,0,50,0,9,0.948,0.1,0.1,0.1,0.1,-9.4,195
09-jan-2025,0,4.7,0,-7.6,0,-11.1,0,0.0,1006.5,2.3,0,8,0,70,0,12,0.380,0.0,0.0,0.1,0.1,-8.9,419
10-jan-2025,0,5.1,0,-3.2,0,-9.4,0,1.5,1011.1,7.7,0,15,0,100,0,23,0.259,0.3,0.4,0.0,-1.1,-9.7,90
11-jan-2025,0,9.9,0,-0.7,0,-0.1,0,1.7,1020.0,2.6,0,6,0,120,0,9,1.226,0.1,0.2,0.0,-1.6,-10.0,303
12-jan-2025,0,11.9,0,0.5,0,-3.9,0,0.9,1024.9,7.1,0,13,0,180,0,23,3.223,0.4,0.5,0.0,-0.5,-10.0,83
13-jan-2025,0,12.3,0,11.2,0,3.8,0,3.7,1022.9,8.2,0,13,0,190,0,20,8.131,0.5,0.6,0.0,-3.2,-10.0,51
14-jan-2025,0,12.6,0,9.1,0,10.1,0,0.8,1025.2,4.3,0,8,0,210,0,13,9.315,0.3,0.3,0.0,-0.5,-10.0,122
15-jan-2025,0,11.1,0,4.2,0,-0.5,0,0.2,1024.7,4.9,0,12,0,200,0,19,6.580,0.1,0.1,0.0,-0.1,-9.6,448
16-jan-2025,0,10.9,0,5.7,0,1.5,0,0.0,1021.5,6.2,0,12,0,190,0,22,5.994,0.4,0.5,0.4,0.4,-8.8,304
17-jan-2025,0,12.0,0,8.4,0,6.4,0,0.0,1021.6,8.6,0,14,0,180,0,23,7.338,0.7,0.8,1.1,1.1,-7.7,376
18-jan-2025,0,12.3,0,8.4,0,7.0,0,0.0,1016.4,8.5,0,13,0,170,0,25,7.400,1.0,1.1,2.0,2.0,-6.3,280
19-jan-2025,0,10.3,0,6.7,0,4.3,0,0.6,1010.1,5.3,0,10,0,150,0,15,7.223,0.5,0.6,1.9,1.9,-6.1,87
20-jan-2025,0,9.3,0,4.8,0,2.4,0,0.2,1009.4,2.7,0,5,0,200,0,9,7.734,0.2,0.3,1.9,1.9,-5.8,198
21-jan-2025,0,8.4,0,2.3,0,1.7,0,1.1,1005.1,3.2,0,8,0,250,0,13,6.784,0.2,0.3,0.9,0.9,-6.5,266
22-jan-2025,0,8.0,0,-0.4,0,-2.5,0,0.2,999.1,2.6,0,7,0,200,0,10,5.306,0.2,0.3,0.9,0.9,-6.1,214
23-jan-2025,0,9.1,0,3.5,0,-1.4,0,13.4,979.5,8.7,0,20,0,200,0,34,5.155,0.7,0.8,0.0,-10.0,-10.0,190
24-jan-2025,0,11.7,0,1.1,0,2.8,0,7.7,973.0,19.4,0,45,0,230,0,75,4.983,0.7,1.0,0.0,-7.0,-10.0,281
25-jan-2025,0,4.6,0,-0.8,0,-4.0,0,4.2,993.5,5.6,0,14,0,190,0,27,2.509,0.3,0.4,0.0,-3.9,-10.0,280
26-jan-2025,0,8.4,0,-1.3,0,-4.2,0,2.3,976.2,11.4,0,23,0,90,0,35,2.928,0.4,0.6,0.0,-1.9,-10.0,164
27-jan-2025,0,9.4,0,5.7,0,2.5,0,1.7,960.7,8.8,0,16,0,140,0,24,5.383,0.5,0.7,0.0,-1.2,-10.0,270
28-jan-2025,0,8.8,0,1.8,0,4.5,0,0.4,981.5,9.9,0,16,0,310,0,23,6.064,0.3,0.5,0.0,-0.1,-9.6,288
29-jan-2025,0,7.9,0,-1.6,0,-4.8,0,0.1,1005.1,4.9,0,13,0,340,0,22,3.630,0.3,0.4,0.2,0.2,-8.9,507
30-jan-2025,0,7.9,0,-2.8,0,-7.2,0,2.0,1014.8,5.6,0,12,0,220,0,18,2.868,0.2,0.3,0.0,-1.6,-10.0,385
31-jan-2025,0,9.9,0,-0.2,0,-3.6,0,0.0,1018.6,3.6,0,7,0,290,0,10,4.097,0.2,0.4,0.2,0.2,-9.3,573
01-feb-2025,0,11.4,0,6.0,0,-0.5,0,3.3,1011.2,10.2,0,17,0,150,0,29,6.127,0.8,1.0,0.0,-2.3,-10.0,137
02-feb-2025,0,9.8,0,3.0,0,0.1,0,8.9,1009.0,6.2,0,15,0,320,0,22,7.042,0.2,0.4,0.0,-8.7,-10.0,636
03-feb-2025,0,12.0,0,8.3,0,0.4,0,0.7,1006.6,11.1,0,16,0,190,0,28,7.589,0.9,1.1,0.2,0.2,-9.3,127
04-feb-2025,0,11.1,0,4.9,0,5.3,0,11.3,1010.3,8.4,0,15,0,220,0,25,7.663,0.5,0.6,0.0,-10.0,-10.0,486
05-feb-2025,0,10.2,0,-0.6,0,-1.6,0,0.1,1029.1,4.1,0,11,0,230,0,17,5.123,0.4,0.6,0.3,0.3,-9.2,659
06-feb-2025,0,9.2,0,-2.4,0,-7.1,0,0.0,1034.8,5.3,0,10,0,140,0,17,3.386,0.4,0.7,0.7,0.7,-8.3,731
07-feb-2025,0,6.3,0,-1.2,0,-4.1,0,0.0,1025.3,6.7,0,13,0,90,0,21,2.612,0.5,0.7,1.2,1.2,-7.4,646
08-feb-2025,0,5.5,0,-0.1,0,-2.8,0,0.0,1019.5,4.6,0,9,0,70,0,12,2.840,0.5,0.7,1.7,1.7,-6.6,305
09-feb-2025,0,7.5,0,1.9,0,0.3,0,0.0,1026.7,7.0,0,12,0,50,0,18,3.865,0.7,0.9,2.4,2.4,-5.5,245
10-feb-2025,0,6.3,0,2.7,0,2.7,0,0.3,1024.9,7.5,0,13,0,70,0,21,4.722,0.5,0.7,2.6,2.6,-5.0,251
11-feb-2025,0,5.3,0,2.6,0,0.8,0,2.5,1015.9,8.3,0,13,0,90,0,20,4.228,0.5,0.7,0.6,0.6,-6.8,223
12-feb-2025,0,6.5,0,4.5,0,3.3,0,1.0,1013.0,9.2,0,13,0,120,0,19,4.651,0.8,1.0,0.3,0.3,-6.7,135
13-feb-2025,0,6.1,0,3.0,0,3.3,0,3.6,1012.0,12.3,0,20,0,110,0,30,4.489,0.8,1.1,0.0,-2.5,-9.1,187
14-feb-2025,0,9.4,0,4.5,0,2.3,0,5.0,1009.7,10.1,0,19,0,110,0,29,5.515,0.7,1.0,0.0,-4.3,-10.0,443
15-feb-2025,0,9.8,0,5.2,0,3.3,0,0.0,1009.4,9.3,0,13,0,90,0,20,6.747,0.5,0.7,0.5,0.5,-9.0,280
16-feb-2025,0,8.3,0,6.6,0,6.0,0,1.0,1008.3,8.6,0,12,0,110,0,20,6.815,0.7,0.9,0.1,0.1,-8.9,198
17-feb-2025,0,8.7,0,5.8,0,4.3,0,2.0,1007.1,10.1,0,13,0,120,0,23,6.115,0.7,0.9,0.0,-1.2,-9.8,135
18-feb-2025,0,10.3,0,7.2,0,6.1,0,0.9,1002.1,10.5,0,16,0,110,0,26,7.321,0.8,1.1,0.0,-0.1,-9.4,118
19-feb-2025,0,12.6,0,6.2,0,1.8,0,6.1,994.5,10.2,0,17,0,160,0,28,7.544,0.6,0.8,0.0,-5.5,-10.0,347
20-feb-2025,0,13.6,0,9.8,0,8.4,0,5.7,990.3,13.1,0,23,0,230,0,37,9.347,1.0,1.4,0.0,-4.7,-10.0,538
21-feb-2025,0,13.2,0,8.2,0,8.7,0,17.1,985.9,12.8,0,19,0,150,0,34,9.705,0.9,1.3,0.0,-10.0,-10.0,518
22-feb-2025,0,12.1,0,6.3,0,4.6,0,0.9,999.7,8.3,0,15,0,240,0,24,7.938,1.0,1.4,0.1,0.1,-9.4,806
23-feb-2025,0,14.0,0,9.1,0,4.0,0,8.5,995.7,15.7,0,28,0,230,0,43,8.808,1.3,1.7,0.0,-7.1,-10.0,385
24-feb-2025,0,10.2,0,5.0,0,4.1,0,7.0,998.8,9.4,0,17,0,230,0,33,7.385,0.9,1.3,0.0,-6.1,-10.0,611
25-feb-2025,0,9.2,0,3.9,0,0.5,0,5.2,1006.3,6.4,0,13,0,240,0,21,6.201,0.9,1.3,0.0,-4.3,-10.0,824
26-feb-2025,0,9.4,0,1.7,0,-0.6,0,1.9,1008.7,9.6,0,22,0,310,0,36,6.118,1.0,1.5,0.0,-0.9,-10.0,912
27-feb-2025,0,11.0,0,-2.6,0,-6.6,0,0.0,1019.4,3.3,0,9,0,270,0,18,5.045,0.8,1.2,0.8,0.8,-8.7,1009
28-feb-2025,0,10.7,0,-1.1,0,-6.7,0,0.0,1021.9,5.1,0,12,0,200,0,20,4.750,0.9,1.4,1.8,1.8,-7.3,1001
01-mar-2025,0,8.8,0,5.3,0,1.0,0,1.9,1026.6,3.2,0,6,0,200,0,10,6.297,0.7,0.9,0.5,0.5,-8.2,330
02-mar-2025,0,10.6,0,6.5,0,5.2,0,0.2,1026.7,6.4,0,14,0,230,0,23,7.612,0.8,1.1,1.1,1.1,-7.2,490
03-mar-2025,0,12.1,0,4.2,0,4.2,0,0.0,1022.7,6.2,0,11,0,240,0,19,7.708,1.0,1.4,2.1,2.1,-5.8,813
04-mar-2025,0,12.3,0,2.5,0,-1.2,0,0.3,1017.0,8.5,0,15,0,220,0,23,6.634,1.2,1.6,2.9,2.9,-4.7,899
05-mar-2025,0,11.9,0,7.7,0,5.0,0,1.4,1008.5,10.1,0,14,0,200,0,23,8.061,1.1,1.4,2.6,2.6,-4.7,264
06-mar-2025,0,12.5,0,5.3,0,6.6,0,2.8,999.7,8.1,0,15,0,170,0,24,8.153,0.9,1.3,0.7,0.7,-6.3,481
07-mar-2025,0,12.0,0,2.9,0,-0.5,0,0.1,999.2,5.7,0,11,0,80,0,16,7.729,0.7,1.0,1.3,1.3,-5.4,573
08-mar-2025,0,13.4,0,7.5,0,6.5,0,0.2,998.1,8.8,0,15,0,110,0,24,8.788,1.0,1.4,2.1,2.1,-4.4,543
09-mar-2025,0,16.1,0,6.1,0,3.5,0,0.0,999.1,6.5,0,11,0,60,0,16,9.277,1.5,2.1,3.6,3.6,-2.6,1156
10-mar-2025,0,13.9,0,5.2,0,4.1,0,0.0,1003.2,8.5,0,16,0,70,0,22,9.095,1.5,2.1,5.0,5.0,-1.0,1228
11-mar-2025,0,9.3,0,0.9,0,-0.8,0,0.0,1008.9,6.4,0,11,0,50,0,17,7.274,1.3,1.9,6.2,6.2,0.3,1344
12-mar-2025,0,9.4,0,2.2,0,-2.9,0,0.0,1006.0,6.8,0,11,0,40,0,19,6.720,1.2,1.7,7.4,7.4,1.5,1015
13-mar-2025,0,11.0,0,1.0,0,-1.4,0,0.0,1005.2,5.4,0,11,0,340,0,15,7.103,1.3,1.8,8.6,8.6,2.8,1094
14-mar-2025,0,10.6,0,-0.5,0,-1.4,0,0.4,1010.5,5.7,0,15,0,80,0,22,7.476,1.2,1.8,9.3,9.3,3.6,1245
15-mar-2025,0,12.1,0,-3.6,0,-8.3,0,0.0,1020.4,3.1,0,8,0,320,0,13,6.490,1.3,1.9,10.4,10.4,4.9,1323
16-mar-2025,0,9.6,0,4.8,0,3.2,0,0.0,1023.5,4.5,0,9,0,90,0,13,7.376,1.1,1.5,11.5,11.5,6.0,617
17-mar-2025,0,9.1,0,5.5,0,4.9,0,0.0,1021.9,7.2,0,13,0,100,0,18,7.026,1.2,1.6,12.6,12.6,7.2,434
18-mar-2025,0,9.8,0,2.0,0,4.2,0,0.0,1016.0,8.4,0,15,0,110,0,22,6.406,1.3,1.8,13.8,13.8,8.6,721
19-mar-2025,0,14.8,0,-0.2,0,-3.0,0,0.0,1012.9,6.3,0,11,0,110,0,16,6.448,1.7,2.4,15.3,15.3,10.3,1412
20-mar-2025,0,17.9,0,4.8,0,0.2,0,0.0,1007.0,8.2,0,13,0,130,0,19,8.669,2.1,2.8,17.1,17.1,12.4,1331
21-mar-2025,0,15.1,0,9.1,0,8.6,0,12.1,995.1,6.2,0,13,0,110,0,20,10.312,1.4,1.9,6.2,6.2,1.7,841
22-mar-2025,0,9.8,0,4.5,0,6.0,0,7.1,997.2,11.0,0,19,0,330,0,29,9.042,0.7,1.1,0.0,-0.3,-4.8,554
23-mar-2025,0,11.5,0,0.8,0,-0.2,0,0.0,1009.9,9.2,0,15,0,350,0,24,7.354,1.6,2.3,1.6,1.6,-2.9,1237
24-mar-2025,0,11.8,0,-2.1,0,-5.6,0,0.0,1015.9,5.6,0,11,0,250,0,19,7.352,1.2,1.8,2.8,2.8,-1.6,1473
25-mar-2025,0,13.2,0,3.3,0,8.3,0,0.5,1019.2,3.8,0,10,0,250,0,16,10.255,1.1,1.5,3.3,3.3,-0.9,889
26-mar-2025,0,14.8,0,3.4,0,-1.5,0,0.0,1018.1,5.4,0,10,0,260,0,16,10.007,1.3,1.8,4.5,4.5,0.4,880
27-mar-2025,0,13.5,0,6.3,0,8.3,0,3.7,1009.4,10.6,0,21,0,230,0,32,10.148,1.0,1.3,1.8,1.8,-2.3,275
28-mar-2025,0,10.2,0,3.2,0,1.8,0,1.2,1009.1,8.7,0,18,0,280,0,30,8.352,1.4,2.1,2.0,2.0,-2.0,1244
29-mar-2025,0,11.7,0,4.2,0,-0.6,0,1.2,1011.9,9.0,0,15,0,250,0,25,8.120,0.7,1.1,1.5,1.5,-2.4,384
30-mar-2025,0,13.0,0,6.6,0,3.7,0,0.1,1018.6,5.9,0,12,0,240,0,18,9.342,1.3,1.8,2.6,2.6,-1.1,1043
31-mar-2025,0,18.1,0,7.7,0,5.1,0,0.0,1019.7,5.3,0,10,0,180,0,16,11.623,2.0,2.7,4.6,4.6,1.0,1186
01-apr-2025,0,16.1,0,4.8,0,1.3,0,0.0,1015.0,9.0,0,16,0,130,0,25,10.238,2.6,3.6,7.0,7.0,3.5,1862
02-apr-2025,0,16.1,0,4.6,0,-0.4,0,0.0,1015.8,7.8,0,14,0,110,0,21,9.895,2.7,3.8,9.6,9.6,6.2,1945
03-apr-2025,0,16.5,0,5.0,0,-0.5,0,0.5,1013.7,10.5,0,17,0,80,0,26,10.113,2.5,3.7,11.4,11.4,8.3,1844
04-apr-2025,0,16.1,0,10.1,0,8.8,0,0.2,1012.7,10.3,0,15,0,100,0,23,11.355,1.9,2.6,12.9,12.9,10.0,830
05-apr-2025,0,16.1,0,6.6,0,5.3,0,0.0,1013.8,13.7,0,20,0,80,0,27,10.850,2.9,4.3,15.5,15.5,12.9,1855
06-apr-2025,0,17.5,0,5.2,0,4.1,0,0.0,1017.2,8.8,0,16,0,80,0,24,11.125,3.0,4.1,18.0,18.0,15.8,1927
07-apr-2025,0,19.3,0,3.6,0,-0.3,0,0.0,1019.5,3.8,0,8,0,90,0,12,12.360,2.6,3.5,20.2,20.2,18.2,1930
08-apr-2025,0,18.4,0,3.7,0,-1.5,0,0.0,1022.1,5.3,0,10,0,80,0,14,12.438,2.8,3.8,22.4,22.4,20.7,1986
09-apr-2025,0,19.4,0,3.9,0,-1.9,0,0.0,1025.9,4.8,0,10,0,100,0,14,12.798,2.9,3.9,24.7,24.7,23.3,2086
10-apr-2025,0,21.2,0,4.2,0,-0.5,0,0.0,1025.2,3.1,0,6,0,70,0,13,13.642,2.8,3.9,26.9,26.9,25.8,2090
11-apr-2025,0,20.6,0,1.9,0,-2.0,0,0.0,1015.2,2.6,0,6,0,250,0,11,14.222,2.5,3.5,28.8,28.8,27.9,1953
12-apr-2025,0,13.3,0,2.9,0,-1.8,0,0.1,1002.4,5.1,0,13,0,230,0,21,12.190,1.5,2.2,29.9,29.9,29.1,1184
13-apr-2025,0,10.7,0,2.5,0,-1.4,0,4.1,995.7,6.9,0,15,0,230,0,27,10.715,1.7,2.6,27.0,27.0,26.3,1501
14-apr-2025,0,12.2,0,4.1,0,1.8,0,1.5,992.1,6.4,0,12,0,230,0,24,10.530,2.1,3.1,27.1,27.1,26.6,1843
15-apr-2025,0,13.1,0,1.8,0,-1.8,0,0.3,995.0,6.8,0,12,0,350,0,19,10.604,2.5,3.6,28.7,28.7,28.4,1978
16-apr-2025,0,12.5,0,0.1,0,-1.1,0,0.0,1000.3,7.4,0,16,0,320,0,22,9.798,1.9,2.7,30.1,30.1,29.9,1289
17-apr-2025,0,13.8,0,-1.8,0,-6.0,0,1.1,1004.2,3.8,0,10,0,110,0,17,10.227,2.0,2.7,30.4,30.4,30.4,1671
18-apr-2025,0,9.1,0,6.2,0,5.5,0,17.3,1000.4,9.4,0,16,0,40,0,25,9.330,0.7,1.1,13.6,13.6,13.7,348
19-apr-2025,0,11.6,0,9.0,0,7.1,0,4.8,1001.2,4.7,0,9,0,50,0,15,10.450,0.8,1.1,9.5,9.5,9.7,388
20-apr-2025,0,13.2,0,7.8,0,8.8,0,3.0,1000.3,3.8,0,8,0,150,0,14,11.795,1.5,2.0,7.9,7.9,8.1,1000
21-apr-2025,0,13.2,0,6.9,0,6.4,0,4.7,1003.1,6.8,0,14,0,240,0,22,12.145,2.5,3.6,5.5,5.5,5.9,2102
22-apr-2025,0,11.8,0,5.6,0,2.0,0,9.5,1002.5,7.7,0,16,0,150,0,30,10.323,0.8,1.2,0.0,-3.2,-2.8,442
23-apr-2025,0,13.4,0,6.7,0,3.7,0,0.1,1007.3,4.8,0,10,0,60,0,16,11.395,1.4,1.9,1.3,1.3,-1.3,892
24-apr-2025,0,14.8,0,9.0,0,7.0,0,11.9,1012.5,6.4,0,11,0,130,0,18,11.975,1.3,1.8,0.0,-9.3,-10.0,716
25-apr-2025,0,15.4,0,9.2,0,10.6,0,15.7,1011.4,3.5,0,10,0,250,0,18,13.273,1.5,2.1,0.0,-10.0,-10.0,993
26-apr-2025,0,17.0,0,6.3,0,1.6,0,0.5,1014.1,6.4,0,13,0,200,0,19,13.592,2.5,3.5,2.0,2.0,-7.5,1859
27-apr-2025,0,17.1,0,12.1,0,10.6,0,0.2,1014.8,9.2,0,15,0,220,0,23,13.735,2.1,2.8,3.8,3.8,-5.3,972
28-apr-2025,0,18.9,0,9.8,0,10.0,0,0.1,1018.1,5.8,0,9,0,180,0,16,14.557,2.8,3.8,6.4,6.4,-2.3,1704
29-apr-2025,0,21.0,0,7.9,0,6.4,0,0.0,1018.2,6.0,0,9,0,120,0,14,14.360,3.0,4.1,9.2,9.2,0.8,1912
30-apr-2025,0,25.9,0,9.1,0,5.3,0,0.0,1015.6,3.9,0,7,0,200,0,10,16.100,3.8,5.1,12.8,12.8,4.6,2314
01-may-2025,0,16.2,0,6.9,0,5.6,0,0.0,1014.2,6.0,0,10,0,350,0,19,15.635,2.1,3.0,14.6,14.6,6.8,1447
02-may-2025,0,17.6,0,4.2,0,1.0,0,0.0,1015.5,5.9,0,10,0,10,0,16,14.715,3.3,4.6,17.5,17.5,10.0,2511
03-may-2025,0,16.8,0,2.9,0,-0.5,0,0.0,1015.7,6.6,0,13,0,340,0,19,14.375,2.8,4.1,19.8,19.8,12.9,2224
04-may-2025,0,15.4,0,3.3,0,-0.1,0,0.0,1018.9,5.3,0,10,0,80,0,18,13.750,2.6,3.7,22.0,22.0,15.4,1913
05-may-2025,0,15.9,0,0.9,0,-2.9,0,0.0,1021.7,3.5,0,6,0,50,0,16,13.680,2.8,3.9,24.2,24.2,18.1,2287
06-may-2025,0,19.1,0,0.6,0,-1.9,0,0.0,1021.8,2.9,0,8,0,310,0,12,14.537,3.0,4.2,26.6,26.6,20.9,2324
07-may-2025,0,20.4,0,3.9,0,0.8,0,0.0,1020.4,3.9,0,8,0,350,0,12,15.700,3.2,4.4,29.1,29.1,23.8,2246
08-may-2025,0,17.5,0,6.3,0,3.4,0,0.0,1017.8,3.6,0,8,0,100,0,11,15.550,2.6,3.5,31.0,31.0,26.0,1767
09-may-2025,0,21.4,0,4.7,0,0.9,0,0.0,1014.9,3.3,0,7,0,130,0,11,15.863,3.2,4.4,33.3,33.3,28.7,2171
10-may-2025,0,18.9,0,8.1,0,5.3,0,0.0,1011.6,4.4,0,10,0,250,0,16,17.105,3.7,5.0,35.9,35.9,31.7,2617
11-may-2025,0,17.2,0,6.0,0,2.3,0,0.0,1008.2,5.2,0,12,0,350,0,17,16.378,2.5,3.5,37.5,37.5,33.6,1758
12-may-2025,0,17.5,0,5.7,0,2.3,0,0.0,1009.4,6.1,0,11,0,320,0,15,15.913,2.6,3.7,39.2,39.2,35.6,1829
13-may-2025,0,23.8,0,6.3,0,3.4,0,0.0,1013.2,7.4,0,17,0,80,0,25,16.785,4.1,5.7,41.9,41.9,38.7,2613
14-may-2025,0,22.5,0,8.0,0,4.4,0,0.0,1017.8,7.0,0,11,0,110,0,20,17.415,4.3,5.9,44.6,44.6,41.7,2710
15-may-2025,0,23.1,0,7.4,0,4.8,0,0.0,1021.9,4.6,0,8,0,60,0,15,18.417,4.2,5.6,47.0,47.0,44.6,2741
16-may-2025,0,21.8,0,7.7,0,2.4,0,0.0,1022.9,5.8,0,11,0,80,0,15,18.378,4.3,5.9,49.5,49.5,47.4,2800
17-may-2025,0,23.3,0,5.4,0,0.0,0,0.0,1019.7,5.0,0,11,0,90,0,15,18.493,4.4,5.9,51.9,51.9,50.1,2807
18-may-2025,0,23.2,0,5.1,0,1.1,0,0.0,1016.6,5.1,0,11,0,70,0,21,18.783,4.3,5.9,54.2,54.2,52.7,2813
19-may-2025,0,20.9,0,6.3,0,1.8,0,0.0,1015.9,6.5,0,12,0,80,0,19,18.270,3.6,5.0,56.0,56.0,54.8,2305
20-may-2025,0,19.3,0,8.2,0,5.4,0,0.0,1016.7,4.9,0,9,0,100,0,15,17.630,3.1,4.2,57.5,57.5,56.5,1920
21-may-2025,0,22.8,0,5.6,0,1.1,0,0.0,1016.5,4.8,0,9,0,340,0,16,18.462,4.2,5.7,59.5,59.5,58.8,2823
22-may-2025,0,20.9,0,3.3,0,-0.6,0,0.0,1016.6,4.4,0,11,0,220,0,16,18.695,3.9,5.4,61.3,61.3,60.8,2881
23-may-2025,0,15.9,0,4.0,0,0.1,0,4.2,1012.7,5.8,0,13,0,230,0,21,16.448,0.9,1.3,57.5,57.5,57.0,549
24-may-2025,0,16.6,0,11.5,0,14.2,0,6.7,1002.3,11.5,0,16,0,280,0,26,16.007,1.2,1.8,51.4,51.4,50.9,575
25-may-2025,0,14.7,0,9.2,0,8.1,0,1.6,1003.3,10.5,0,17,0,250,0,32,14.730,3.0,4.6,51.4,51.4,51.1,2240
26-may-2025,0,14.0,0,9.2,0,6.8,0,18.8,1002.3,8.9,0,17,0,230,0,27,13.352,1.3,1.9,33.3,33.3,33.1,642
27-may-2025,0,17.5,0,9.9,0,8.0,0,6.6,1002.3,4.4,0,10,0,240,0,16,14.138,2.1,2.8,28.2,28.2,28.1,1209
28-may-2025,0,17.2,0,9.2,0,6.8,0,13.5,1008.4,6.2,0,12,0,200,0,21,15.738,2.8,4.1,16.8,16.8,16.9,2109
29-may-2025,0,16.8,0,13.6,0,11.6,0,4.8,1006.1,12.2,0,16,0,220,0,28,15.475,1.2,1.8,13.0,13.0,13.3,459
30-may-2025,0,18.3,0,12.6,0,12.4,0,1.9,1009.4,6.5,0,13,0,230,0,23,16.343,3.0,4.2,13.8,13.8,14.3,1992
31-may-2025,0,16.5,0,10.4,0,8.8,0,3.5,1006.3,9.9,0,18,0,230,0,30,15.573,2.7,4.0,12.6,12.6,13.4,1811
01-jun-2025,0,17.8,0,7.5,0,9.0,0,7.2,1007.9,9.9,0,18,0,320,0,26,15.345,3.2,4.9,8.2,8.2,9.2,2383
02-jun-2025,0,16.4,0,3.9,0,0.2,0,13.9,1004.5,9.3,0,20,0,200,0,33,13.780,2.0,3.0,0.0,-3.9,-2.7,1441
03-jun-2025,0,14.9,0,8.6,0,8.1,0,1.0,996.5,9.1,0,17,0,280,0,28,13.738,2.7,4.0,1.7,1.7,-0.9,1796
04-jun-2025,0,15.5,0,7.3,0,4.1,0,6.6,996.5,6.7,0,13,0,250,0,23,13.355,2.8,4.0,0.0,-2.2,-4.7,2008
05-jun-2025,0,15.2,0,6.2,0,9.9,0,32.2,995.1,5.9,0,12,0,310,0,19,14.365,2.3,3.3,0.0,-10.0,-10.0,1719
06-jun-2025,0,14.9,0,5.8,0,2.1,0,7.0,999.5,5.6,0,11,0,220,0,19,14.092,2.6,3.8,0.0,-4.4,-10.0,2016
07-jun-2025,0,15.6,0,6.4,0,8.8,0,5.2,1004.2,6.5,0,17,0,330,0,25,14.420,2.7,3.8,0.0,-2.5,-10.0,1856
08-jun-2025,0,13.9,0,5.6,0,1.9,0,1.5,1012.3,5.6,0,11,0,270,0,21,13.467,1.6,2.2,0.1,0.1,-9.4,952
09-jun-2025,0,14.5,0,10.8,0,10.3,0,5.7,1011.5,8.0,0,16,0,220,0,26,13.637,1.1,1.6,0.0,-4.6,-10.0,579
10-jun-2025,0,18.4,0,10.1,0,8.5,0,0.3,1011.8,3.8,0,10,0,300,0,15,16.408,3.5,4.7,3.2,3.2,-6.3,2405
11-jun-2025,0,20.0,0,12.1,0,8.3,0,4.9,1009.0,5.9,0,10,0,190,0,17,16.835,2.4,3.2,0.6,0.6,-8.5,1327
12-jun-2025,0,18.5,0,13.3,0,13.6,0,1.8,1001.9,6.3,0,11,0,110,0,17,16.408,1.3,1.8,0.1,0.1,-8.6,593
13-jun-2025,0,19.2,0,13.3,0,10.5,0,1.5,1005.5,5.6,0,13,0,220,0,20,16.975,2.8,3.8,1.4,1.4,-6.8,1595
14-jun-2025,0,17.9,0,11.4,0,10.8,0,7.6,1010.9,3.8,0,10,0,270,0,19,16.850,2.1,2.9,0.0,-4.0,-10.0,1312
15-jun-2025,0,17.6,0,11.4,0,9.1,0,1.0,1017.3,6.6,0,12,0,220,0,21,16.362,2.4,3.4,1.4,1.4,-8.1,1541
16-jun-2025,0,19.7,0,11.9,0,10.6,0,0.2,1019.4,8.2,0,16,0,220,0,23,16.840,3.2,4.6,4.4,4.4,-4.7,2133
17-jun-2025,0,19.0,0,12.3,0,13.5,0,4.2,1019.0,6.5,0,11,0,250,0,18,17.573,2.9,4.1,2.9,2.9,-5.8,1866
18-jun-2025,0,20.5,0,10.1,0,9.1,0,0.0,1020.3,3.8,0,8,0,240,0,15,17.757,3.5,4.6,6.3,6.3,-2.0,2229
19-jun-2025,0,26.1,0,9.3,0,6.2,0,0.0,1017.2,4.6,0,10,0,200,0,16,19.375,4.5,6.0,10.6,10.6,2.6,2726
20-jun-2025,0,28.0,0,14.2,0,12.2,0,0.1,1012.9,5.9,0,11,0,260,0,19,21.185,4.7,6.1,14.7,14.7,7.2,2534
21-jun-2025,0,22.2,0,12.4,0,9.1,0,1.4,1008.2,4.3,0,9,0,260,0,16,21.200,3.2,4.2,16.1,16.1,9.0,1846
22-jun-2025,0,17.8,0,11.4,0,12.7,0,3.5,1004.4,8.8,0,16,0,290,0,26,18.503,2.7,3.9,14.9,14.9,8.2,1712
23-jun-2025,0,16.3,0,11.5,0,9.5,0,0.4,1007.4,9.3,0,13,0,220,0,25,16.747,2.0,2.9,16.2,16.2,9.8,1175
24-jun-2025,0,18.8,0,13.9,0,14.6,0,6.7,1003.8,8.6,0,13,0,230,0,29,17.660,2.7,3.9,11.8,11.8,5.8,1718
25-jun-2025,0,17.7,0,12.1,0,12.2,0,3.2,1002.2,5.2,0,12,0,210,0,19,17.323,1.8,2.5,10.2,10.2,4.4,1019
26-jun-2025,0,16.9,0,11.1,0,8.2,0,4.1,1003.0,8.4,0,14,0,230,0,25,16.608,2.6,3.7,8.4,8.4,2.8,1599
27-jun-2025,0,19.7,0,13.3,0,12.4,0,10.3,1006.7,11.9,0,17,0,220,0,29,16.677,1.2,1.8,0.0,-0.7,-6.2,494
28-jun-2025,0,17.6,0,9.7,0,15.1,0,7.7,1014.0,6.7,0,14,0,230,0,21,17.077,1.4,2.1,0.0,-6.3,-10.0,982
29-jun-2025,0,23.1,0,8.8,0,5.4,0,0.1,1016.2,5.0,0,10,0,200,0,18,17.138,2.4,3.2,2.3,2.3,-7.2,1353
30-jun-2025,0,19.6,0,10.1,0,16.5,0,25.7,1010.4,5.8,0,15,0,330,0,22,18.382,1.4,1.9,0.0,-10.0,-10.0,742
01-jul-2025,0,20.3,0,6.5,0,3.2,0,0.1,1014.2,4.2,0,13,0,280,0,18,17.180,3.0,4.0,2.9,2.9,-6.6,1876
02-jul-2025,0,17.7,0,5.7,0,3.2,0,1.6,1018.8,5.2,0,11,0,230,0,22,17.190,3.3,4.7,4.5,4.5,-4.5,2576
03-jul-2025,0,17.9,0,8.4,0,5.1,0,2.8,1022.3,8.3,0,14,0,240,0,24,16.733,2.7,3.9,4.3,4.3,-4.5,1867
04-jul-2025,0,16.7,0,14.4,0,13.3,0,10.8,1016.5,13.2,0,20,0,220,0,34,16.045,1.5,2.2,0.0,-5.0,-10.0,659
05-jul-2025,0,17.8,0,13.6,0,14.4,0,2.0,1007.3,8.9,0,13,0,260,0,24,17.312,2.5,3.8,0.5,0.5,-9.0,1824
06-jul-2025,0,19.1,0,10.9,0,11.7,0,0.2,1008.4,8.8,0,16,0,330,0,23,17.422,2.5,3.5,2.8,2.8,-6.2,1426
07-jul-2025,0,20.7,0,9.6,0,7.3,0,0.0,1014.8,7.9,0,14,0,290,0,21,17.760,3.5,4.9,6.2,6.2,-2.4,2202
08-jul-2025,0,19.8,0,13.2,0,13.0,0,0.0,1015.9,5.6,0,12,0,240,0,19,18.780,3.0,4.2,9.1,9.1,0.7,1990
09-jul-2025,0,19.5,0,12.5,0,10.2,0,0.1,1018.2,5.2,0,10,0,250,0,15,19.430,3.3,4.6,12.0,12.0,4.0,2236
10-jul-2025,0,23.9,0,12.7,0,11.5,0,0.0,1017.8,3.8,0,7,0,220,0,11,21.170,4.3,5.6,15.8,15.8,8.2,2691
11-jul-2025,0,25.8,0,10.5,0,6.8,0,0.0,1014.2,4.1,0,10,0,180,0,17,21.670,4.5,5.9,19.6,19.6,12.7,2779
12-jul-2025,0,29.5,0,12.5,0,8.3,0,0.0,1009.6,5.0,0,10,0,150,0,23,22.798,5.2,6.7,23.9,23.9,17.7,2802
13-jul-2025,0,27.5,0,15.0,0,14.8,0,12.2,1004.5,6.5,0,13,0,200,0,20,23.135,4.1,5.3,14.9,14.9,9.3,2059
14-jul-2025,0,16.7,0,11.7,0,10.7,0,27.9,999.8,8.3,0,17,0,210,0,26,19.135,2.2,3.4,0.0,-10.0,-10.0,1642
15-jul-2025,0,21.3,0,11.9,0,12.6,0,18.2,1003.6,8.4,0,16,0,300,0,26,18.558,3.4,4.9,0.0,-10.0,-10.0,2255
16-jul-2025,0,18.3,0,9.3,0,6.0,0,0.0,1010.5,4.4,0,10,0,140,0,15,17.965,2.0,2.7,2.0,2.0,-7.5,1279
17-jul-2025,0,21.8,0,15.6,0,15.7,0,21.0,1007.2,7.0,0,15,0,200,0,23,18.693,2.6,3.5,0.0,-10.0,-10.0,1316
18-jul-2025,0,19.5,0,11.4,0,14.2,0,1.5,1004.9,6.2,0,11,0,240,0,18,19.055,3.0,4.2,1.5,1.5,-8.0,2067
19-jul-2025,0,19.1,0,11.4,0,8.0,0,4.7,998.3,5.9,0,11,0,100,0,17,18.083,2.1,2.8,0.0,-1.2,-10.0,1177
20-jul-2025,0,20.6,0,13.9,0,13.7,0,31.6,993.9,7.7,0,12,0,330,0,19,17.865,1.7,2.3,0.0,-10.0,-10.0,838
21-jul-2025,0,19.9,0,14.1,0,14.2,0,0.6,1000.2,9.0,0,15,0,300,0,21,18.452,2.2,3.0,1.6,1.6,-7.9,1090
22-jul-2025,0,18.9,0,11.6,0,12.0,0,5.9,1008.2,3.7,0,9,0,330,0,13,18.177,1.9,2.5,0.0,-2.5,-10.0,1087
23-jul-2025,0,20.3,0,10.1,0,6.4,0,0.0,1014.6,6.0,0,12,0,330,0,17,18.210,2.2,3.0,2.2,2.2,-7.3,1201
24-jul-2025,0,20.3,0,8.4,0,5.5,0,0.1,1016.3,3.6,0,8,0,280,0,15,18.285,2.9,3.8,4.9,4.9,-4.2,1915
25-jul-2025,0,18.6,0,14.0,0,15.1,0,0.1,1014.2,5.4,0,10,0,230,0,18,18.792,2.4,3.2,7.1,7.1,-1.7,1463
26-jul-2025,0,19.5,0,13.3,0,11.8,0,0.0,1014.5,5.9,0,11,0,290,0,24,18.942,3.3,4.5,10.2,10.2,1.7,2148
27-jul-2025,0,19.2,0,12.8,0,12.5,0,1.3,1015.0,5.1,0,10,0,240,0,20,18.493,2.3,3.1,10.9,10.9,2.7,1317
28-jul-2025,0,19.0,0,13.9,0,13.4,0,0.5,1016.9,4.9,0,9,0,220,0,16,18.342,1.9,2.5,12.1,12.1,4.1,1077
29-jul-2025,0,21.1,0,14.2,0,13.0,0,0.1,1016.6,5.4,0,10,0,220,0,16,19.015,2.1,2.9,13.9,13.9,6.1,1172
30-jul-2025,0,19.8,0,12.6,0,9.4,0,0.8,1016.0,5.2,0,11,0,240,0,18,18.635,1.8,2.4,14.7,14.7,7.1,992
31-jul-2025,0,21.3,0,13.1,0,16.0,0,4.2,1016.1,6.1,0,14,0,330,0,22,19.920,3.0,4.1,13.1,13.1,5.9,1757
01-aug-2025,0,19.4,0,12.5,0,10.9,0,0.0,1017.9,5.5,0,11,0,320,0,15,19.450,2.6,3.5,15.4,15.4,8.5,1444
02-aug-2025,0,19.4,0,11.1,0,9.4,0,15.0,1014.4,5.7,0,11,0,220,0,17,18.347,1.5,2.1,1.7,1.7,-5.0,819
03-aug-2025,0,19.5,0,13.2,0,13.5,0,4.2,1010.7,6.3,0,10,0,230,0,18,18.820,2.4,3.4,0.0,-0.1,-6.5,1601
04-aug-2025,0,19.4,0,12.2,0,13.0,0,8.7,1006.7,12.9,0,22,0,220,0,36,18.300,2.6,4.1,0.0,-6.1,-10.0,1915
05-aug-2025,0,19.2,0,11.6,0,9.5,0,0.0,1018.6,8.7,0,17,0,290,0,26,17.140,2.9,4.0,2.9,2.9,-6.6,1614
06-aug-2025,0,18.3,0,11.4,0,9.8,0,1.8,1012.7,6.9,0,13,0,190,0,24,16.730,2.0,2.7,3.0,3.0,-6.1,1081
07-aug-2025,0,18.5,0,12.9,0,13.2,0,1.2,1006.5,7.2,0,14,0,250,0,23,17.500,2.7,3.8,4.5,4.5,-4.2,1711
08-aug-2025,0,19.0,0,13.0,0,10.6,0,2.3,1010.3,9.3,0,16,0,230,0,24,17.145,3.0,4.2,5.0,5.0,-3.4,1815
09-aug-2025,0,18.5,0,9.4,0,10.9,0,0.8,1014.6,8.5,0,15,0,230,0,25,17.778,2.8,4.1,6.9,6.9,-1.2,2083
10-aug-2025,0,21.4,0,9.8,0,7.3,0,4.6,1019.3,4.3,0,9,0,280,0,17,17.625,1.8,2.4,3.9,3.9,-4.0,1002
11-aug-2025,0,24.4,0,14.8,0,15.2,0,0.1,1015.2,3.7,0,9,0,140,0,13,20.257,3.3,4.3,7.0,7.0,-0.6,2003
12-aug-2025,0,27.2,0,12.4,0,11.0,0,0.0,1008.7,3.8,0,7,0,100,0,12,20.933,3.5,4.6,10.3,10.3,3.0,2045
13-aug-2025,0,25.1,0,14.4,0,12.5,0,11.9,1006.6,3.5,0,8,0,160,0,14,21.032,3.1,4.0,1.2,1.2,-5.9,1758
14-aug-2025,0,21.6,0,12.8,0,14.3,0,0.9,1013.8,3.7,0,9,0,240,0,16,20.993,2.7,3.6,3.0,3.0,-3.8,1844
15-aug-2025,0,24.1,0,10.7,0,8.7,0,0.0,1021.9,3.5,0,9,0,60,0,14,20.450,3.3,4.4,6.2,6.2,-0.3,2159
16-aug-2025,0,22.9,0,13.2,0,11.4,0,0.0,1021.1,7.9,0,13,0,50,0,19,19.375,2.3,3.2,8.4,8.4,2.1,1240
17-aug-2025,0,23.3,0,14.0,0,12.7,0,0.1,1017.2,6.9,0,12,0,110,0,19,20.215,3.2,4.3,11.3,11.3,5.2,1769
18-aug-2025,0,19.0,0,12.7,0,11.0,0,1.2,1015.3,4.8,0,8,0,80,0,13,18.040,1.1,1.5,11.1,11.1,5.1,446
19-aug-2025,0,19.8,0,12.9,0,13.0,0,0.0,1014.7,5.9,0,11,0,80,0,18,18.222,2.0,2.7,12.9,12.9,7.1,1109
20-aug-2025,0,18.2,0,11.3,0,9.6,0,0.0,1016.2,4.9,0,10,0,70,0,13,18.060,1.6,2.2,14.3,14.3,8.8,897
21-aug-2025,0,20.4,0,9.3,0,6.3,0,0.0,1017.0,1.8,0,4,0,190,0,7,18.575,2.1,2.8,16.2,16.2,10.8,1339
22-aug-2025,0,20.3,0,8.5,0,6.6,0,2.9,1016.7,3.2,0,7,0,250,0,11,17.827,1.4,1.9,14.5,14.5,9.4,785
23-aug-2025,0,22.3,0,14.6,0,16.5,0,2.9,1014.1,3.5,0,8,0,270,0,14,19.438,1.9,2.5,13.3,13.3,8.4,1042
24-aug-2025,0,22.3,0,12.1,0,9.7,0,0.0,1010.0,5.5,0,9,0,190,0,16,19.115,2.6,3.4,15.5,15.5,11.0,1533
25-aug-2025,0,21.5,0,14.6,0,13.3,0,4.8,1002.6,8.2,0,13,0,150,0,24,18.510,2.1,2.8,12.5,12.5,8.3,990
26-aug-2025,0,18.0,0,11.8,0,11.5,0,3.7,995.0,8.8,0,15,0,220,0,24,17.300,2.1,3.0,10.7,10.7,6.6,1394
27-aug-2025,0,16.9,0,11.7,0,9.7,0,13.8,991.4,9.2,0,17,0,220,0,30,16.278,1.7,2.5,0.0,-1.6,-5.4,1138
28-aug-2025,0,14.4,0,12.1,0,12.4,0,30.1,989.8,8.3,0,16,0,220,0,29,15.130,0.9,1.3,0.0,-10.0,-10.0,454
29-aug-2025,0,19.4,0,11.1,0,7.3,0,0.1,991.7,6.2,0,13,0,280,0,21,15.712,2.1,3.0,2.0,2.0,-7.5,1441
30-aug-2025,0,18.5,0,12.1,0,10.6,0,11.3,987.6,10.3,0,21,0,230,0,33,15.488,1.4,2.0,0.0,-7.9,-10.0,872
31-aug-2025,0,15.9,0,12.0,0,11.0,0,24.6,984.4,11.2,0,19,0,200,0,30,14.767,1.2,1.8,0.0,-10.0,-10.0,682
01-sep-2025,0,16.3,0,11.4,0,10.3,0,12.7,990.4,7.5,0,13,0,250,0,24,14.760,1.4,2.0,0.0,-10.0,-10.0,808
02-sep-2025,0,16.8,0,9.8,0,7.8,0,5.0,991.0,3.8,0,9,0,200,0,14,14.827,1.4,1.9,0.0,-3.6,-10.0,905
03-sep-2025,0,16.7,0,9.9,0,13.4,0,9.7,989.7,6.1,0,16,0,310,0,22,16.220,1.5,2.1,0.0,-8.2,-10.0,1026
04-sep-2025,0,18.8,0,9.6,0,7.3,0,0.9,1002.0,5.1,0,11,0,270,0,18,15.762,2.0,2.8,1.1,1.1,-8.4,1496
05-sep-2025,0,17.0,0,10.3,0,7.9,0,0.4,1010.9,5.1,0,10,0,200,0,14,15.670,1.5,2.0,2.2,2.2,-6.9,897
06-sep-2025,0,17.4,0,13.4,0,12.7,0,4.4,1000.1,8.9,0,15,0,120,0,25,15.438,1.2,1.6,0.0,-1.0,-9.7,465
07-sep-2025,0,17.8,0,10.2,0,14.4,0,2.3,996.2,8.0,0,19,0,140,0,27,16.657,1.8,2.6,0.0,-0.5,-9.8,1463
08-sep-2025,0,16.8,0,8.3,0,7.1,0,0.4,1004.4,6.8,0,13,0,230,0,20,14.735,1.9,2.7,1.5,1.5,-7.8,1363
09-sep-2025,0,20.7,0,11.2,0,11.0,0,1.7,998.4,5.4,0,12,0,140,0,19,15.958,2.1,2.8,1.9,1.9,-7.0,1282
10-sep-2025,0,16.9,0,12.1,0,11.4,0,4.3,991.1,8.2,0,17,0,270,0,30,15.650,1.8,2.4,0.0,-0.7,-9.2,1087
11-sep-2025,0,14.5,0,9.9,0,9.4,0,9.0,993.6,7.9,0,14,0,250,0,26,13.935,1.7,2.3,0.0,-7.3,-10.0,1056
12-sep-2025,0,14.9,0,8.0,0,8.1,0,11.3,997.7,7.8,0,16,0,200,0,29,13.180,1.5,2.1,0.0,-9.8,-10.0,1088
13-sep-2025,0,15.7,0,8.5,0,7.4,0,19.4,998.8,7.1,0,13,0,240,0,26,13.215,1.6,2.2,0.0,-10.0,-10.0,1162
14-sep-2025,0,17.6,0,8.9,0,8.2,0,6.9,992.8,9.8,0,20,0,220,0,32,13.255,1.3,1.9,0.0,-5.6,-10.0,743
15-sep-2025,0,16.9,0,11.3,0,11.3,0,1.2,997.0,13.7,0,19,0,280,0,34,14.180,1.9,2.8,0.7,0.7,-8.8,1218
16-sep-2025,0,15.7,0,9.7,0,7.9,0,16.8,1005.8,6.4,0,14,0,120,0,23,13.505,1.4,1.9,0.0,-10.0,-10.0,899
17-sep-2025,0,16.9,0,12.1,0,11.6,0,9.7,1001.7,13.3,0,20,0,220,0,32,14.435,1.2,2.0,0.0,-8.5,-10.0,882
18-sep-2025,0,19.2,0,11.3,0,10.8,0,1.1,1004.8,7.6,0,16,0,230,0,25,14.497,1.0,1.4,0.0,-0.1,-9.6,429
19-sep-2025,0,16.5,0,9.0,0,12.3,0,1.5,1006.4,4.2,0,8,0,220,0,14,15.460,1.1,1.5,0.0,-0.4,-9.5,762
20-sep-2025,0,16.3,0,4.8,0,0.9,0,1.2,1009.6,5.6,0,13,0,340,0,23,13.967,1.3,1.8,0.1,0.1,-8.9,915
21-sep-2025,0,14.7,0,2.8,0,-0.6,0,0.1,1020.1,6.7,0,13,0,340,0,20,12.873,1.7,2.4,1.7,1.7,-6.9,1483
22-sep-2025,0,15.1,0,0.5,0,-2.4,0,0.0,1026.7,1.7,0,5,0,340,0,7,11.785,1.2,1.8,2.9,2.9,-5.3,1141
23-sep-2025,0,16.3,0,2.3,0,-2.3,0,0.0,1024.7,3.4,0,8,0,150,0,12,11.575,1.6,2.2,4.4,4.4,-3.5,1396
24-sep-2025,0,16.9,0,4.6,0,0.8,0,0.0,1022.3,4.1,0,9,0,200,0,14,11.908,1.5,2.0,5.8,5.8,-1.8,1079
25-sep-2025,0,17.8,0,6.5,0,3.1,0,0.0,1019.3,6.0,0,11,0,160,0,18,12.515,1.7,2.3,7.4,7.4,-0.1,1329
26-sep-2025,0,15.9,0,7.4,0,5.6,0,0.0,1011.2,8.4,0,16,0,150,0,26,12.235,1.6,2.1,8.9,8.9,1.5,942
27-sep-2025,0,15.8,0,5.9,0,7.0,0,4.6,1007.8,5.4,0,13,0,150,0,22,13.380,1.3,1.9,5.5,5.5,-1.8,1145
28-sep-2025,0,17.2,0,6.3,0,2.8,0,7.8,1015.6,3.6,0,8,0,260,0,14,13.097,1.2,1.7,0.0,-1.1,-8.3,983
29-sep-2025,0,16.0,0,8.2,0,2.9,0,0.1,1017.4,4.3,0,10,0,210,0,16,12.685,0.9,1.2,0.8,0.8,-7.0,530
30-sep-2025,0,17.0,0,12.9,0,12.2,0,11.2,1014.7,7.7,0,12,0,200,0,19,14.275,0.9,1.3,0.0,-9.4,-10.0,421
01-oct-2025,0,17.8,0,14.5,0,13.5,0,1.3,1013.8,9.1,0,12,0,210,0,20,14.875,1.0,1.3,0.0,-0.3,-9.8,314
02-oct-2025,0,15.7,0,13.2,0,13.6,0,41.1,1005.7,9.0,0,15,0,200,0,23,14.677,0.6,0.8,0.0,-10.0,-10.0,113
03-oct-2025,0,18.6,0,9.2,0,10.4,0,24.0,989.2,14.3,0,33,0,220,0,54,13.337,1.2,1.6,0.0,-10.0,-10.0,234
04-oct-2025,0,13.9,0,7.7,0,6.5,0,2.5,999.2,13.8,0,20,0,280,0,35,11.618,1.6,2.2,0.0,-0.9,-10.0,786
05-oct-2025,0,15.3,0,9.5,0,5.8,0,0.1,1013.6,8.2,0,15,0,290,0,23,11.820,1.3,1.7,1.2,1.2,-8.3,604
06-oct-2025,0,16.5,0,12.4,0,11.2,0,0.1,1015.2,9.6,0,16,0,220,0,24,13.343,1.4,1.8,2.5,2.5,-6.6,614
07-oct-2025,0,14.8,0,8.4,0,10.7,0,5.6,1016.6,6.5,0,11,0,210,0,18,13.800,0.7,1.0,0.0,-2.4,-10.0,493
08-oct-2025,0,14.4,0,8.4,0,7.6,0,0.0,1021.1,5.1,0,10,0,260,0,19,12.905,1.1,1.4,1.1,1.1,-8.4,610
09-oct-2025,0,14.4,0,10.6,0,10.1,0,0.0,1025.7,5.2,0,9,0,290,0,14,13.028,1.1,1.4,2.1,2.1,-6.9,556
10-oct-2025,0,12.5,0,10.0,0,9.8,0,0.0,1029.7,3.2,0,7,0,240,0,11,12.627,0.9,1.2,3.0,3.0,-5.7,380
11-oct-2025,0,12.1,0,9.3,0,9.2,0,0.0,1030.6,2.6,0,5,0,90,0,8,12.460,0.8,1.1,3.8,3.8,-4.6,391
12-oct-2025,0,11.6,0,7.1,0,7.2,0,0.0,1027.4,4.7,0,8,0,110,0,12,11.650,0.9,1.1,4.6,4.6,-3.6,438
13-oct-2025,0,12.8,0,9.6,0,9.2,0,0.0,1024.6,4.4,0,7,0,120,0,11,11.960,0.7,0.9,5.2,5.2,-2.7,256
14-oct-2025,0,13.6,0,11.3,0,10.8,0,0.5,1026.1,4.0,0,7,0,90,0,9,12.910,0.6,0.8,5.3,5.3,-2.4,336
15-oct-2025,0,11.9,0,9.8,0,10.0,0,0.4,1025.9,4.7,0,8,0,90,0,12,12.610,0.6,0.8,5.5,5.5,-2.1,280
16-oct-2025,0,11.9,0,9.5,0,9.0,0,0.0,1023.1,3.9,0,7,0,100,0,10,12.005,0.7,0.9,6.2,6.2,-1.3,253
17-oct-2025,0,14.4,0,9.4,0,8.9,0,0.0,1018.0,6.7,0,12,0,110,0,17,11.970,0.9,1.2,7.1,7.1,-0.3,457
18-oct-2025,0,14.8,0,11.3,0,9.6,0,2.4,1004.3,9.2,0,15,0,120,0,25,12.130,0.9,1.1,5.5,5.5,-1.8,277
19-oct-2025,0,16.2,0,11.3,0,10.6,0,4.7,987.4,6.0,0,12,0,120,0,20,13.495,0.7,1.0,1.5,1.5,-5.7,745
20-oct-2025,0,16.6,0,10.5,0,9.0,0,0.4,982.7,6.9,0,11,0,310,0,17,13.305,1.0,1.3,2.0,2.0,-4.8,608
21-oct-2025,0,14.8,0,7.9,0,8.7,0,0.4,988.4,6.4,0,13,0,300,0,20,12.698,0.8,1.1,2.4,2.4,-4.2,577
22-oct-2025,0,11.5,0,4.8,0,1.2,0,21.3,988.1,4.1,0,7,0,70,0,12,10.730,0.5,0.7,0.0,-10.0,-10.0,370
23-oct-2025,0,11.5,0,5.1,0,4.3,0,6.3,990.7,8.5,0,17,0,330,0,25,10.092,0.8,1.1,0.0,-5.5,-10.0,732
24-oct-2025,0,12.4,0,7.5,0,3.7,0,3.5,996.0,10.1,0,14,0,10,0,33,10.052,0.8,1.1,0.0,-2.7,-10.0,578
25-oct-2025,0,11.8,0,4.9,0,0.1,0,0.5,1007.9,9.3,0,15,0,310,0,25,9.473,0.9,1.1,0.4,0.4,-9.1,657
26-oct-2025,0,12.6,0,6.5,0,3.6,0,1.8,1007.8,7.3,0,12,0,280,0,24,9.502,0.6,0.7,0.0,-0.9,-9.9,175
27-oct-2025,0,13.1,0,8.7,0,3.8,0,3.8,1003.2,8.7,0,17,0,250,0,35,10.175,0.6,0.8,0.0,-3.2,-10.0,185
28-oct-2025,0,13.0,0,8.1,0,5.8,0,6.4,998.0,9.2,0,13,0,260,0,26,10.333,0.9,1.2,0.0,-5.5,-10.0,424
29-oct-2025,0,12.1,0,1.0,0,2.7,0,4.0,994.0,5.7,0,12,0,270,0,28,8.802,0.6,0.8,0.0,-3.4,-10.0,506
30-oct-2025,0,14.4,0,1.5,0,-0.2,0,6.8,986.5,10.4,0,22,0,140,0,34,8.488,0.6,0.9,0.0,-6.2,-10.0,130
31-oct-2025,0,13.9,0,8.0,0,7.5,0,7.9,979.7,7.5,0,16,0,210,0,24,10.062,0.7,0.9,0.0,-7.2,-10.0,511
01-nov-2025,0,11.6,0,5.2,0,3.2,0,17.4,986.1,7.4,0,15,0,210,0,23,8.988,0.6,0.8,0.0,-10.0,-10.0,499
02-nov-2025,0,13.3,0,3.5,0,0.2,0,20.2,996.3,7.5,0,16,0,220,0,26,8.067,0.3,0.5,0.0,-10.0,-10.0,389
03-nov-2025,0,14.6,0,12.1,0,7.1,0,22.0,992.7,12.5,0,19,0,220,0,29,11.820,0.6,0.9,0.0,-10.0,-10.0,82
04-nov-2025,0,15.7,0,9.8,0,5.2,0,0.9,993.4,4.1,0,11,0,200,0,16,11.597,0.4,0.6,0.0,-0.5,-10.0,500
05-nov-2025,0,15.0,0,12.0,0,7.5,0,13.3,991.9,2.6,0,6,0,110,0,9,12.680,0.4,0.5,0.0,-10.0,-10.0,193
06-nov-2025,0,15.4,0,12.3,0,8.4,0,2.9,993.8,4.5,0,10,0,210,0,15,13.015,0.5,0.7,0.0,-2.4,-10.0,293
07-nov-2025,0,12.9,0,6.7,0,9.6,0,7.0,995.4,4.8,0,9,0,130,0,16,11.930,0.4,0.5,0.0,-6.6,-10.0,162
08-nov-2025,0,12.9,0,5.8,0,0.7,0,4.4,1002.3,6.1,0,12,0,150,0,20,9.890,0.4,0.5,0.0,-4.0,-10.0,256
09-nov-2025,0,13.4,0,7.3,0,6.8,0,10.0,999.1,5.1,0,14,0,160,0,24,10.653,0.3,0.4,0.0,-9.7,-10.0,493
10-nov-2025,0,11.8,0,4.6,0,2.2,0,1.7,994.1,3.5,0,8,0,310,0,11,9.425,0.3,0.4,0.0,-1.4,-10.0,429
11-nov-2025,0,13.4,0,6.2,0,-0.4,0,21.5,985.8,8.1,0,19,0,90,0,29,9.545,0.4,0.6,0.0,-10.0,-10.0,127
12-nov-2025,0,9.9,0,3.4,0,-1.0,0,13.4,991.6,5.4,0,14,0,50,0,22,8.361,0.3,0.4,0.0,-10.0,-10.0,189
13-nov-2025,0,10.1,0,7.4,0,4.6,0,2.7,995.6,5.4,0,14,0,40,0,21,9.340,0.3,0.4,0.0,-2.4,-10.0,173
14-nov-2025,0,8.4,0,7.1,0,6.2,0,0.5,998.8,16.3,0,22,0,60,0,35,8.535,0.6,0.9,0.1,0.1,-9.4,157
15-nov-2025,0,10.4,0,7.1,0,6.4,0,0.4,1004.0,12.1,0,20,0,80,0,31,8.688,0.6,0.8,0.3,0.3,-8.7,132
16-nov-2025,0,10.2,0,1.4,0,8.1,0,0.0,1013.8,5.8,0,11,0,50,0,17,9.278,0.3,0.4,0.6,0.6,-8.0,237
17-nov-2025,0,9.5,0,-0.9,0,-5.4,0,0.0,1021.8,2.8,0,6,0,340,0,9,6.195,0.1,0.3,0.7,0.7,-7.5,455
18-nov-2025,0,10.6,0,3.1,0,-3.9,0,1.7,1015.3,6.2,0,12,0,310,0,22,6.559,0.3,0.4,0.0,-0.7,-8.5,388
19-nov-2025,0,5.9,0,-0.2,0,-2.5,0,2.1,1017.3,6.9,0,14,0,350,0,22,4.939,0.3,0.4,0.0,-1.8,-9.9,369
20-nov-2025,0,6.1,0,-3.0,0,-2.8,0,0.4,1020.0,5.0,0,10,0,320,0,13,4.076,0.1,0.2,0.0,-0.3,-9.7,470
21-nov-2025,0,7.7,0,-3.7,0,-8.4,0,4.0,1017.2,5.2,0,13,0,210,0,21,3.592,0.2,0.3,0.0,-3.8,-10.0,179
22-nov-2025,0,10.5,0,0.9,0,-2.0,0,5.3,1002.5,4.0,0,15,0,210,0,29,5.977,0.1,0.2,0.0,-5.2,-10.0,331
23-nov-2025,0,9.6,0,5.5,0,3.7,0,9.3,991.0,10.1,0,17,0,280,0,29,6.597,0.4,0.4,0.0,-8.9,-10.0,329
24-nov-2025,0,10.8,0,2.0,0,1.0,0,0.1,1000.0,7.2,0,13,0,310,0,20,6.214,0.3,0.4,0.2,0.2,-9.3,370
25-nov-2025,0,9.6,0,-1.3,0,-6.1,0,0.2,1014.0,2.7,0,6,0,290,0,8,4.367,0.0,0.2,0.1,0.1,-9.0,408
26-nov-2025,0,13.1,0,6.0,0,-3.3,0,2.7,1008.6,8.9,0,15,0,210,0,23,7.480,0.4,0.6,0.0,-2.2,-10.0,102
27-nov-2025,0,13.7,0,9.0,0,9.4,0,4.9,1000.2,14.3,0,21,0,230,0,36,10.028,0.8,1.0,0.0,-4.1,-10.0,220
28-nov-2025,0,10.3,0,4.1,0,4.9,0,8.8,996.7,11.9,0,21,0,230,0,35,7.394,0.7,0.8,0.0,-8.1,-10.0,251
29-nov-2025,0,7.6,0,-0.8,0,1.4,0,2.6,1001.6,5.4,0,10,0,320,0,15,5.989,0.2,0.2,0.0,-2.4,-10.0,306
30-nov-2025,0,10.0,0,-0.7,0,-5.7,0,13.9,998.9,5.5,0,14,0,200,0,22,4.682,0.2,0.3,0.0,-10.0,-10.0,151
01-dec-2025,0,10.0,0,4.3,0,-1.4,0,7.9,985.9,5.2,0,9,0,250,0,19,7.358,0.3,0.3,0.0,-7.6,-10.0,97
02-dec-2025,0,7.5,0,3.9,0,0.8,0,4.9,989.6,7.3,0,13,0,210,0,24,5.672,0.3,0.4,0.0,-4.6,-10.0,194
03-dec-2025,0,8.0,0,4.4,0,1.4,0,6.4,991.8,6.2,0,12,0,150,0,20,5.790,0.2,0.3,0.0,-6.2,-10.0,181
04-dec-2025,0,8.5,0,0.6,0,-3.1,0,5.2,990.3,4.7,0,11,0,220,0,18,5.323,0.1,0.2,0.0,-5.1,-10.0,297
05-dec-2025,0,10.8,0,5.2,0,-2.5,0,11.5,982.2,9.3,0,19,0,150,0,33,6.423,0.5,0.6,0.0,-10.0,-10.0,72
06-dec-2025,0,11.1,0,6.6,0,2.0,0,5.2,982.6,7.9,0,16,0,240,0,28,7.857,0.3,0.4,0.0,-4.9,-10.0,179
07-dec-2025,0,10.4,0,7.4,0,1.5,0,8.2,988.5,5.9,0,10,0,250,0,18,7.827,0.3,0.4,0.0,-7.9,-10.0,98
08-dec-2025,0,11.4,0,6.7,0,5.0,0,5.7,990.0,7.5,0,16,0,210,0,24,7.622,0.2,0.2,0.0,-5.5,-10.0,299
09-dec-2025,0,16.0,0,8.7,0,5.6,0,10.8,978.1,14.2,0,25,0,240,0,46,9.597,0.9,1.1,0.0,-9.9,-10.0,95
10-dec-2025,0,11.4,0,7.6,0,6.3,0,9.6,998.2,10.8,0,16,0,220,0,28,8.182,0.7,0.7,0.0,-8.9,-10.0,190
11-dec-2025,0,11.5,0,3.5,0,6.7,0,4.4,999.4,7.7,0,17,0,180,0,31,7.683,0.6,0.7,0.0,-3.8,-10.0,66
12-dec-2025,0,8.0,0,2.4,0,-2.9,0,3.8,1008.6,4.8,0,10,0,210,0,16,4.999,0.1,0.2,0.0,-3.7,-10.0,205
13-dec-2025,0,11.7,0,4.9,0,0.6,0,5.0,1009.5,11.3,0,16,0,200,0,27,6.330,0.4,0.6,0.0,-4.6,-10.0,72
14-dec-2025,0,13.3,0,7.6,0,6.7,0,15.0,997.5,9.9,0,16,0,200,0,29,9.788,0.3,0.4,0.0,-10.0,-10.0,95
15-dec-2025,0,9.2,0,0.1,0,-0.3,0,0.5,998.2,3.6,0,7,0,270,0,12,7.242,0.0,0.1,0.0,-0.5,-10.0,246
16-dec-2025,0,7.5,0,1.2,0,-5.1,0,0.8,1003.5,4.6,0,13,0,190,0,25,4.361,0.0,0.0,0.0,-0.8,-10.0,303
17-dec-2025,0,11.7,0,6.3,0,-0.8,0,14.0,995.7,10.5,0,17,0,190,0,29,7.064,0.6,0.7,0.0,-10.0,-10.0,104
18-dec-2025,0,9.6,0,3.5,0,2.5,0,9.8,990.3,7.9,0,16,0,210,0,26,6.238,0.6,0.7,0.0,-9.2,-10.0,47
19-dec-2025,0,9.8,0,5.7,0,-0.9,0,3.6,998.2,8.7,0,15,0,220,0,28,6.356,0.4,0.4,0.0,-3.2,-10.0,233
20-dec-2025,0,10.0,0,6.2,0,2.7,0,2.4,994.8,9.4,0,17,0,150,0,28,6.663,0.5,0.6,0.0,-1.9,-10.0,106
21-dec-2025,0,6.5,0,3.3,0,0.8,0,6.6,998.1,3.1,0,7,0,100,0,10,6.136,0.1,0.2,0.0,-6.5,-10.0,144
22-dec-2025,0,9.4,0,5.8,0,0.5,0,0.5,1003.5,4.2,0,8,0,340,0,11,6.648,0.2,0.3,0.0,-0.3,-9.8,103
23-dec-2025,0,9.4,0,5.7,0,3.6,0,0.1,1016.0,5.1,0,11,0,60,0,17,7.330,0.3,0.4,0.2,0.2,-9.1,61
24-dec-2025,0,8.3,0,1.0,0,5.8,0,0.0,1028.4,7.8,0,13,0,70,0,20,6.722,0.2,0.2,0.4,0.4,-8.4,226
25-dec-2025,0,6.1,0,-2.7,0,-8.1,0,0.0,1028.5,7.9,0,16,0,90,0,25,3.476,0.2,0.3,0.7,0.7,-7.7,335
26-dec-2025,0,5.4,0,-1.2,0,-5.4,0,0.0,1028.0,5.7,0,10,0,60,0,16,2.608,0.4,0.5,1.0,1.0,-7.0,79
27-dec-2025,0,6.5,0,-0.1,0,-3.9,0,0.0,1032.0,6.4,0,11,0,60,0,16,2.480,0.1,0.1,1.1,1.1,-6.6,333
28-dec-2025,0,6.2,0,3.4,0,-0.8,0,0.0,1029.2,3.4,0,8,0,40,0,12,4.006,0.4,0.5,1.5,1.5,-5.8,49
29-dec-2025,0,5.0,0,3.8,0,3.6,0,0.0,1027.0,5.2,0,9,0,50,0,14,4.659,0.5,0.6,2.0,2.0,-5.1,65
30-dec-2025,0,6.5,0,2.2,0,3.5,0,0.0,1030.1,4.6,0,9,0,50,0,14,4.726,0.4,0.5,2.4,2.4,-4.4,86
31-dec-2025,0,5.0,0,1.5,0,-1.5,0,0.0,1024.6,2.8,0,7,0,210,0,10,4.074,0.3,0.4,2.7,2.7,-3.9,145
01-jan-2026,0,7.8,0,1.3,0,0.8,0,0.2,1013.0,5.5,0,10,0,320,0,15,4.225,0.3,0.3,2.7,2.7,-3.6,218
02-jan-2026,0,5.4,0,-0.6,0,-3.2,0,0.1,1010.0,5.3,0,12,0,310,0,19,2.978,0.1,0.2,2.7,2.7,-3.4,303
03-jan-2026,0,3.8,0,-2.0,0,-6.4,0,0.3,1014.5,5.1,0,9,0,320,0,16,1.753,0.1,0.1,2.5,2.5,-3.5,287
04-jan-2026,0,2.4,0,-5.3,0,-10.0,0,0.0,1013.1,2.7,0,8,0,320,0,11,1.232,0.1,0.2,2.6,2.6,-3.2,206
05-jan-2026,0,3.7,0,-4.1,0,-8.6,0,0.0,1015.0,4.9,0,9,0,310,0,11,0.895,0.1,0.1,2.7,2.7,-3.0,312
06-jan-2026,0,8.2,0,-2.7,0,-8.7,0,3.5,1010.2,6.9,0,15,0,330,0,24,0.994,0.2,0.2,0.0,-0.6,-6.1,257
07-jan-2026,0,7.7,0,3.3,0,2.2,0,0.8,1003.1,5.2,0,12,0,310,0,21,3.417,0.3,0.4,0.0,-0.5,-6.4,148
08-jan-2026,0,5.1,0,0.2,0,-1.9,0,0.0,996.0,3.9,0,8,0,320,0,11,3.119,0.3,0.4,0.3,0.3,-5.7,89
09-jan-2026,0,6.1,0,-1.7,0,-7.4,0,0.1,1001.0,3.8,0,8,0,220,0,12,2.135,0.1,0.2,0.3,0.3,-5.4,312
10-jan-2026,0,8.7,0,-3.0,0,-7.6,0,4.6,1005.3,5.1,0,14,0,160,0,25,2.046,0.3,0.4,0.0,-4.0,-9.5,169
11-jan-2026,0,12.7,0,8.6,0,-4.3,0,5.2,988.0,13.2,0,23,0,220,0,36,6.478,0.7,0.9,0.0,-4.5,-10.0,73
12-jan-2026,0,10.7,0,6.8,0,5.4,0,9.6,987.6,8.5,0,15,0,220,0,26,6.943,0.4,0.4,0.0,-9.2,-10.0,251
13-jan-2026,0,8.1,0,-1.4,0,-5.4,0,1.8,998.4,3.6,0,10,0,340,0,13,5.293,0.0,0.0,0.0,-1.8,-10.0,400
14-jan-2026,0,7.9,0,1.0,0,-6.8,0,4.9,998.3,7.3,0,14,0,210,0,25,4.130,0.3,0.5,0.0,-4.6,-10.0,91
15-jan-2026,0,7.5,0,2.7,0,-0.4,0,5.5,990.8,4.1,0,9,0,220,0,15,4.654,0.1,0.2,0.0,-5.4,-10.0,354
16-jan-2026,0,8.9,0,1.0,0,-2.0,0,0.1,992.5,4.4,0,8,0,140,0,12,3.718,0.2,0.3,0.1,0.1,-9.4,345
17-jan-2026,0,6.6,0,0.6,0,-0.7,0,0.7,1004.1,2.4,0,5,0,290,0,7,4.628,0.2,0.3,0.0,-0.4,-9.4,168
18-jan-2026,0,7.1,0,2.5,0,-1.6,0,2.8,1006.6,5.1,0,11,0,150,0,17,4.747,0.2,0.3,0.0,-2.6,-10.0,227
19-jan-2026,0,7.8,0,-0.6,0,1.9,0,2.8,1001.2,4.2,0,12,0,160,0,17,5.529,0.2,0.3,0.0,-2.6,-10.0,211
20-jan-2026,0,8.9,0,1.0,0,-5.6,0,5.6,989.1,10.2,0,19,0,100,0,31,4.528,0.5,0.7,0.0,-5.1,-10.0,217
21-jan-2026,0,6.2,0,3.4,0,1.4,0,3.7,975.2,7.7,0,17,0,70,0,28,4.797,0.3,0.5,0.0,-3.4,-10.0,121
22-jan-2026,0,8.4,0,-0.5,0,-1.1,0,0.7,976.8,2.6,0,9,0,240,0,15,5.156,0.2,0.3,0.0,-0.5,-10.0,301
23-jan-2026,0,7.1,0,0.9,0,-3.7,0,0.1,975.7,7.1,0,13,0,40,0,20,4.440,0.4,0.5,0.3,0.3,-9.2,150
24-jan-2026,0,8.0,0,5.4,0,3.4,0,11.8,978.5,8.0,0,13,0,70,0,20,5.235,0.5,0.6,0.0,-10.0,-10.0,177
25-jan-2026,0,9.0,0,4.4,0,4.7,0,0.7,983.4,4.4,0,8,0,110,0,11,6.013,0.4,0.5,0.0,-0.3,-9.8,212
26-jan-2026,0,9.4,0,3.6,0,2.0,0,9.2,982.2,6.7,0,16,0,150,0,24,5.582,0.4,0.6,0.0,-8.8,-10.0,174
27-jan-2026,0,8.9,0,4.5,0,-0.1,0,31.7,965.9,12.0,0,23,0,60,0,38,6.067,0.7,0.9,0.0,-10.0,-10.0,272
28-jan-2026,0,10.1,0,4.0,0,1.8,0,0.3,978.5,8.9,0,13,0,120,0,22,4.970,0.7,0.9,0.4,0.4,-9.1,375
29-jan-2026,0,8.4,0,5.6,0,2.9,0,7.1,978.9,11.6,0,18,0,110,0,27,5.599,0.5,0.7,0.0,-6.1,-10.0,207
30-jan-2026,0,10.3,0,3.2,0,4.7,0,1.0,975.2,7.4,0,12,0,110,0,21,6.389,0.3,0.5,0.0,-0.7,-10.0,548
31-jan-2026,0,9.2,0,2.0,0,-0.8,0,0.0,986.2,3.9,0,6,0,220,0,9,5.640,0.2,0.4,0.2,0.2,-9.3,500
