Station Name: KESHCARRIGAN G.S.
Station Height: 69 M 
Latitude:54.018  ,Longitude: -7.942


year:  -  Year
month: -  Month
rain:  -  Precipitation Amount (mm)
gdf:   -  Greatest daily fall (mm)
rd:    -  Number of rain days (0.2mm or more)
wd:    -  Number of wet days (1.0 mm or more)	
ind:   -  Indicator

year,month,ind,rain,gdf,rd,wd
1942,1,8, , , , 
1942,2,8, , , , 
1942,3,8, , , , 
1942,4,8, , , , 
1942,5,8, , , , 
1942,6,8, , , , 
1942,7,0,145.7,16.4,22,18
1942,8,0,142.5,42.4,21,19
1942,9,0,153.8,17.1,22,22
1942,10,0,102.4,16.4,21,20
1942,11,0,32.4,8.7,12,11
1942,12,0,161.9,24.4,25,23
1943,1,0,143.5,31.4,25,20
1943,2,0,79.4,11.0,22,19
1943,3,0,32.8,8.2,16,10
1943,4,0,53.1,10.1,20,13
1943,5,0,112.1,26.8,20,14
1943,6,0,89.6,14.1,21,20
1943,7,0,62.9,9.2,16,14
1943,8,0,175.1,24.5,26,22
1943,9,0,91.9,16.6,25,20
1943,10,0,99.0,12.1,23,18
1943,11,0,106.5,10.5,26,20
1943,12,0,69.1,9.6,19,15
1944,1,0,106.2,10.9,27,20
1944,2,0,45.8,15.8,15,12
1944,3,0,15.6,4.8,8,4
1944,4,0,59.4,14.2,14,11
1944,5,0,69.6,23.0,15,11
1944,6,0,75.7,14.0,17,14
1944,7,0,134.5,29.8,21,17
1944,8,0,94.0,34.6,20,15
1944,9,0,129.7,29.6,22,16
1944,10,0,156.5,21.2,27,22
1944,11,0,148.6,22.9,27,19
1944,12,0,133.1,19.0,27,22
1945,1,0,90.4,20.1,20,17
1945,2,0,89.2,19.8,25,20
1945,3,0,57.2,13.8,16,11
1945,4,0,45.4,9.0,14,12
1945,5,0,90.4,28.5,25,18
1945,6,0,116.9,14.5,25,20
1945,7,0,107.9,30.3,20,15
1945,8,0,45.1,12.9,14,11
1945,9,0,107.0,21.0,20,15
1945,10,0,103.2,25.8,12,11
1945,11,0,29.7,10.0,12,5
1945,12,0,138.0,23.7,29,20
1946,1,0,109.8,17.8,22,18
1946,2,0,86.1,21.9,19,14
1946,3,0,32.9,6.3,11,6
1946,4,0,32.7,6.3,13,8
1946,5,0,34.9,11.8,10,9
1946,6,0,101.7,13.9,23,19
1946,7,0,120.2,28.6,21,17
1946,8,0,125.2,21.9,23,20
1946,9,0,160.2,19.8,29,25
1946,10,0,60.6,11.9,11,9
1946,11,0,130.7,15.8,25,20
1946,12,0,152.2,23.9,23,22
1947,1,1,101.5,23.4,17,16
1947,2,0,47.8,18.9,6,6
1947,3,0,142.2,43.7,22,19
1947,4,0,101.4,15.3,20,15
1947,5,0,128.5,21.6,21,16
1947,6,0,74.5,13.2,21,15
1947,7,0,124.7,19.4,22,19
1947,8,0,50.3,24.0,4,3
1947,9,0,80.6,13.3,22,17
1947,10,0,96.4,25.8,16,13
1947,11,0,170.0,24.4,23,19
1947,12,0,134.4,24.8,21,13
1948,1,0,169.4,18.4,26,24
1948,2,0,66.1,10.9,18,15
1948,3,0,78.2,20.1,20,13
1948,4,0,55.0,6.9,19,18
1948,5,0,64.3,16.2,11,9
1948,6,0,98.7,14.2,22,20
1948,7,0,98.1,20.0,16,12
1948,8,0,85.2,17.3,20,16
1948,9,0,94.8,22.0,22,15
1948,10,0,79.1,15.1,21,16
1948,11,0,84.3,24.3,14,12
1948,12,0,162.7,32.5,22,19
1949,1,0,116.5,29.3,25,21
1949,2,0,98.4,17.4,17,17
1949,3,0,73.0,14.7,17,14
1949,4,0,99.1,16.7,21,19
1949,5,0,57.2,18.3,14,11
1949,6,0,35.2,6.3,11,8
1949,7,0,84.1,37.2,15,13
1949,8,0,85.1,14.9,16,13
1949,9,0,63.6,19.1,11,9
1949,10,0,144.0,22.6,26,22
1949,11,0,109.4,18.2,25,18
1949,12,0,164.7,16.8,27,25
1950,1,0,65.5,14.4,15,13
1950,2,0,117.3,19.2,22,21
1950,3,0,70.7,13.5,13,11
1950,4,0,125.8,20.3,28,24
1950,5,0,20.6,6.4,9,6
1950,6,0,57.9,14.2,14,12
1950,7,0,159.4,36.3,26,24
1950,8,0,152.1,29.3,25,24
1950,9,0,208.0,38.0,26,24
1950,10,0,72.6,15.5,20,18
1950,11,0,81.9,14.6,22,16
1950,12,0,118.1,13.2,23,18
1951,1,0,117.4, ,27,19
1951,2,0,111.2,11.8,20,18
1951,3,0,105.4,18.4,21,18
1951,4,0,40.7,12.6,14,11
1951,5,0,46.3,14.1,13,9
1951,6,0,65.5,19.8,13,10
1951,7,0,98.7,22.8,19,14
1951,8,0,107.3,20.9,22,19
1951,9,0,89.4,15.7,18,13
1951,10,0,48.6,15.4,14,11
1951,11,0,154.1,22.5,23,21
1951,12,0,138.0,24.4,26,24
1952,1,0,165.1,22.8,25,22
1952,2,0,33.0,8.4,11,10
1952,3,0,78.0,14.1,17,12
1952,4,0,47.6,12.5,13,11
1952,5,0,58.5,14.1,16,11
1952,6,0,81.1,16.6,16,12
1952,7,0,32.1,7.5,14,10
1952,8,0,126.9,28.6,17,14
1952,9,0,63.9,14.0,16,15
1952,10,0,172.2,19.0,18,16
1952,11,0,56.5,18.7,15,11
1952,12,0,128.6,18.9,25,21
1953,1,0,65.7,12.8,18,12
1953,2,0,39.5,10.5,16,10
1953,3,0,11.2,3.7,5,4
1953,4,0,60.6,14.5,19,14
1953,5,0,59.9,12.0,16,10
1953,6,0,27.1,5.0,12,10
1953,7,0,153.6,19.4,25,24
1953,8,0,123.0,30.0,20,15
1953,9,0,99.2,18.6,21,16
1953,10,0,79.9,25.0,14,9
1953,11,0,118.8,37.6,20,17
1953,12,0,79.4,21.3,24,16
1954,1,0,69.3,26.4,18,11
1954,2,0,139.3,20.8,21,19
1954,3,0,122.4,28.4,20,16
1954,4,0,23.1,7.3,9,6
1954,5,0,92.5,16.3,17,15
1954,6,0,84.9,14.9,20,16
1954,7,0,140.7,18.4,28,20
1954,8,0,97.2,15.9,20,16
1954,9,0,178.8,24.7,28,27
1954,10,0,206.2,45.2,28,21
1954,11,0,160.5,31.7,26,21
1954,12,0,129.3,24.5,25,19
1955,1,0,125.8,38.3,18,14
1955,2,0,94.0,31.6,18,14
1955,3,0,22.3,7.7,5,5
1955,4,0,89.5,12.8,17,14
1955,5,0,108.0,13.9,25,21
1955,6,0,172.3,28.7,23,17
1955,7,0,39.7,35.1,3,3
1955,8,0,21.6,7.7,9,7
1955,9,0,118.6,25.6,20,13
1955,10,0,72.3,16.3,22,14
1955,11,0,71.3,10.3,15,12
1955,12,0,124.6,22.6,22,19
1956,1,0,94.8,28.2,19,14
1956,2,0,61.5,25.8,15,10
1956,3,1,64.3,7.3,18,16
1956,4,0,30.6,10.0,11,6
1956,5,0,50.7,10.9,18,15
1956,6,0,104.8,31.6,19,15
1956,7,0,148.2,31.9,19,15
1956,8,0,163.7,30.6,24,20
1956,9,0,129.2,34.3,19,18
1956,10,0,104.4, ,20,17
1956,11,0,93.3,24.6,18,14
1956,12,0,162.6, ,28,23
1957,1,1,136.8,21.2,21,19
1957,2,0,84.1,18.6,18,17
1957,3,0,114.5,13.0,25,23
1957,4,0,36.1,7.6,12,10
1957,5,0,45.6,7.5,13,13
1957,6,0,61.0,18.0,12,9
1957,7,0,150.6,24.5,23,22
1957,8,0,103.4,21.3,20,16
1957,9,0,133.4, ,22,18
1957,10,0,113.1,15.0,22,16
1957,11,0,35.2,12.4,14,9
1957,12,0,126.6,25.8,26,21
1958,1,0,152.0,21.4,24,18
1958,2,0,106.9,14.0,21,18
1958,3,0,60.8, ,14,11
1958,4,0,34.2,5.7,14,11
1958,5,0,86.1,13.0,24,20
1958,6,0,105.8,22.4,24,22
1958,7,0,125.2,16.7,24,18
1958,8,0,143.9,25.6,24,19
1958,9,0,113.2,24.6,22,19
1958,10,0,67.7,18.2,20,12
1958,11,0,77.0,12.4,18,16
1958,12,0,134.0,18.5,23,20
1959,1,0,95.2,15.8,24,15
1959,2,0,41.7,9.9,18,9
1959,3,0,108.8,10.7,21,19
1959,4,0,90.9,14.6,25,21
1959,5,0,40.6,7.2,11,8
1959,6,0,58.0,12.0,18,15
1959,7,0,76.5,14.3,20,11
1959,8,0,43.1,21.5,8,4
1959,9,0,67.4,33.5,9,6
1959,10,0,149.1,37.0,19,16
1959,11,0,115.6,15.6,26,19
1959,12,0,195.5,16.7,28,25
1960,1,0,133.0,28.4,19,17
1960,2,0,86.2,12.9,19,15
1960,3,0,63.7,10.6,19,14
1960,4,0,88.0,15.3,16,11
1960,5,0,73.8,19.5,17,13
1960,6,0,75.4,13.6,14,13
1960,7,0,194.7,35.7,28,24
1960,8,0,173.6,44.6,24,17
1960,9,0,96.2,20.0,23,17
1960,10,0,85.1,28.3,18,16
1960,11,0,161.8,15.0,28,23
1960,12,0,122.3,21.1,28,24
1961,1,0,144.1,33.7,26,21
1961,2,0,96.4,22.6,21,17
1961,3,0,35.4,8.2,16,7
1961,4,0,125.4,22.1,21,18
1961,5,0,60.3,17.7,13,10
1961,6,0,58.1,10.9,22,13
1961,7,0,108.7,41.7,14,11
1961,8,0,91.1,16.9,26,18
1961,9,0,142.0,41.8,23,20
1961,10,0,116.7,28.1,25,20
1961,11,0,74.4,26.8,19,14
1961,12,0,108.1,24.6,15,12
1962,1,0,140.2,18.4,27,22
1962,2,0,70.9,13.7,21,14
1962,3,0,98.6, ,16,13
1962,4,0,73.1,12.9,14,11
1962,5,0,80.8,38.4,16,9
1962,6,0,80.7,28.7,16,9
1962,7,0,64.7,17.0,18,11
1962,8,0,132.7,29.1,25,20
1962,9,0,171.7,36.5,25,19
1962,10,0,59.1,19.5,12,8
1962,11,0,71.1,13.7,18,11
1962,12,0,148.2,35.1,21,16
1963,1,0,29.8,8.8,12,4
1963,2,0,40.7,14.1,11,8
1963,3,0,140.1,21.2,26,21
1963,4,0,56.1,11.8,21,14
1963,5,0,82.9,11.2,23,20
1963,6,0,62.8,21.6,13,12
1963,7,0,108.1,30.3,22,11
1963,8,0,96.4,19.4,25,20
1963,9,0,79.2,17.6,18,11
1963,10,0,149.1,30.0,26,23
1963,11,0,173.4, ,25,22
1963,12,0,40.7,12.1,13,9
1964,1,0,64.6,18.3,17,11
1964,2,0,42.5,11.0,14,10
1964,3,0,111.0,19.9,16,13
1964,4,0,86.5,11.4,24,19
1964,5,0,108.6,15.1,20,17
1964,6,0,96.6,20.2,20,14
1964,7,0,70.9,13.5,21,14
1964,8,0,117.7,24.7,23,17
1964,9,0,89.9,22.5,20,15
1964,10,0,152.9,36.3,23,20
1964,11,0,92.2,13.7,20,16
1964,12,0,130.1,17.8,28,18
1965,1,0,187.5,25.2,24,20
1965,2,0,12.8,3.4,8,5
1965,3,0,95.2,14.7,18,16
1965,4,0,93.7,13.3,24,21
1965,5,0,126.2,24.5,21,18
1965,6,0,115.6,17.2,23,17
1965,7,0,89.0,26.4,20,14
1965,8,0,111.6,19.0,28,19
1965,9,0,94.1,18.7,20,14
1965,10,0,76.7,23.7,18,13
1965,11,0,194.7,59.0,22,19
1965,12,0,181.2,17.4,26,22
1966,1,0,96.6,19.5,18,15
1966,2,0,164.3,22.2,27,25
1966,3,0,86.8,15.2,22,15
1966,4,0,122.8,26.6,19,18
1966,5,0,136.8,19.1,21,20
1966,6,0,119.9,21.3,25,20
1966,7,0,59.0,11.4,21,16
1966,8,0,91.3,16.3,16,11
1966,9,0,103.3,35.1,17,14
1966,10,0,112.9,18.9,22,16
1966,11,0,98.1,17.3,21,19
1966,12,0,180.2,29.3,31,26
1967,1,0,67.5,11.9,23,15
1967,2,0,86.5,14.2,21,14
1967,3,0,93.0,11.2,26,20
1967,4,0,57.4,14.8,15,9
1967,5,0,134.5,17.8,23,19
1967,6,0,32.6,10.4,13,8
1967,7,0,107.6,36.0,21,15
1967,8,0,116.7,18.1,22,17
1967,9,0,138.5,18.7,22,19
1967,10,0,184.7,24.1,29,26
1967,11,0,78.4,12.0,21,14
1967,12,0,88.4,11.6,25,20
1968,1,0,180.1,40.9,25,20
1968,2,0,31.6,9.7,13,8
1968,3,0,77.0,21.7,17,15
1968,4,0,56.7,10.4,18,16
1968,5,0,79.8,15.5,19,13
1968,6,0,129.2,46.1,15,15
1968,7,0,29.3,7.0,9,7
1968,8,0,102.5,27.6,15,10
1968,9,0,178.9,30.4,22,18
1968,10,0,181.2,52.8,20,19
1968,11,0,113.5,29.1,15,14
1968,12,0,103.9, ,19,14
1969,1,0,156.8,26.0,28,22
1969,2,0,57.9, ,17,13
1969,3,0,40.7,11.2,11,7
1969,4,0,77.8,17.7,15,15
1969,5,0,99.5,14.9,25,19
1969,6,0,100.1,16.5,16,14
1969,7,1,25.9,6.0,13,10
1969,8,0,48.0,12.8,19,11
1969,9,0,34.4,9.7,14,11
1969,10,0,75.4,17.2,17,13
1969,11,0,81.6,16.8,21,16
1969,12,0,143.1,23.5,24,20
1970,1,0,89.2, ,21,19
1970,2,0,130.7,22.1,21,16
1970,3,0,65.8,8.5,23,20
1970,4,0,92.2, ,25,20
1970,5,0,50.3, ,13,9
1970,6,0,69.1,14.5,14,13
1970,7,0,95.2,13.8, , 
1970,8,0,80.8, ,13,6
1970,9,0,132.3,34.3,24,19
1970,10,0,122.8,21.1,23,17
1970,11,0,158.4,19.8,27,22
1970,12,1,46.5,6.7, , 
1971,1,1,92.2,11.3, , 
1971,2,1,75.6, , , 
1971,3,1,45.5, , , 
1971,4,0,47.0, , , 
1971,5,1,61.1, , , 
1971,6,0,98.1, , , 
1971,7,8, , , , 
1971,8,0,78.2, , , 
1971,9,0,55.0, , , 
1971,10,0,52.7, , , 
1971,11,0,140.4, , , 
1971,12,0,42.1, , , 
1972,1,0,112.1,18.5, , 
1972,2,1,81.9,13.5,18,14
1972,3,0,104.2,30.1, , 
1972,4,1,86.3, , , 
1972,5,1,139.1, , , 
1972,6,0,67.2, , , 
1972,7,1,69.7, , , 
1972,8,1,68.5, , , 
1972,9,0,17.1,3.9, , 
1972,10,0,44.8, , , 
1972,11,0,137.2, , , 
1972,12,0,102.8, , , 
1973,1,0,98.4,11.9, , 
1973,2,8, , , , 
1973,3,8, , , , 
1973,4,8, , , , 
1973,5,8, , , , 
1973,6,8, , , , 
1973,7,8, , , , 
1973,8,8, , , , 
1973,9,8, , , , 
1973,10,8, , , , 
1973,11,8, , , , 
1973,12,8, , , , 
1974,1,8, , , , 
1974,2,8, , , , 
1974,3,8, , , , 
1974,4,8, , , , 
1974,5,8, , , , 
1974,6,8, , , , 
1974,7,8, , , , 
1974,8,8, , , , 
1974,9,8, , , , 
1974,10,8, , , , 
1974,11,8, , , , 
1974,12,8, , , , 
1975,1,8, , , , 
1975,2,8, , , , 
1975,3,8, , , , 
1975,4,8, , , , 
1975,5,8, , , , 
1975,6,8, , , , 
1975,7,8, , , , 
1975,8,8, , , , 
1975,9,8, , , , 
1975,10,8, , , , 
1975,11,8, , , , 
1975,12,8, , , , 
1976,1,8, , , , 
1976,2,8, , , , 
1976,3,8, , , , 
1976,4,8, , , , 
1976,5,8, , , , 
1976,6,8, , , , 
1976,7,8, , , , 
1976,8,8, , , , 
1976,9,8, , , , 
1976,10,8, , , , 
1976,11,8, , , , 
1976,12,8, , , , 
1977,1,8, , , , 
1977,2,8, , , , 
1977,3,8, , , , 
1977,4,8, , , , 
1977,5,8, , , , 
1977,6,8, , , , 
1977,7,8, , , , 
1977,8,8, , , , 
1977,9,8, , , , 
1977,10,0,119.3, , , 
1977,11,0,142.2, , , 
1977,12,1,127.3, , , 
1978,1,1,140.0, , , 
1978,2,0,85.6, , , 
1978,3,0,135.8, , , 
1978,4,0,40.6,14.5,7,7
1978,5,0,12.7,4.6,6,6
1978,6,0,58.8,10.4,13,10
1978,7,0,59.3, , , 
1978,8,0,58.7,13.7, , 
1978,9,0,126.0, , , 
1978,10,1,62.9, , , 
1978,11,0,147.2,35.4, , 
1978,12,0,150.5, , , 
1979,1,0,89.9, , , 
1979,2,0,44.5,11.0,12,8
1979,3,0,90.6, ,22,18
1979,4,0,88.7, , , 
1979,5,0,111.2,19.1,25,21
1979,6,0,37.7,7.8,14,10
1979,7,0,38.2,11.1, , 
1979,8,0,138.5,23.9,20,20
1979,9,0,75.5, , , 
1979,10,0,121.4, , , 
1979,11,0,157.7,33.4,16,16
1979,12,0,147.6,16.3,23,23
1980,1,0,112.5, , , 
1980,2,0,101.7, ,23,18
1980,3,0,111.8,17.0,21,19
1980,4,0,23.3,15.5,6,4
1980,5,0,42.1,16.9,12,8
1980,6,0,94.9,19.5,25,20
1980,7,0,103.8, , , 
1980,8,0,72.8, , , 
1980,9,9,160.2, , , 
1980,10,0,122.2,33.6,24,18
1980,11,0,101.9,24.3,18,15
1980,12,0,167.2, , , 
1981,1,8, , , , 
1981,2,8, , , , 
1981,3,9,186.1, , , 
1981,4,0,30.9,8.9,6,6
1981,5,0,165.9,16.8,26,25
1981,6,8, , , , 
1981,7,0,63.8, , , 
1981,8,0,44.4,16.1, , 
1981,9,0,162.5,23.9, , 
1981,10,0,118.6,19.2, , 
1981,11,0,117.1, , , 
1981,12,1,105.6, , , 
1982,1,1,97.4,30.0, , 
1982,2,0,106.2, , , 
1982,3,0,148.2, , , 
1982,4,0,19.9,8.4,6,5
1982,5,0,85.4, , , 
1982,6,0,84.7, , , 
1982,7,0,17.7, , , 
1982,8,0,77.1, , , 
1982,9,0,107.8, , , 
1982,10,0,134.7, , , 
1982,11,0,158.9, ,25,23
1982,12,1,162.1, , , 
1983,1,1,161.6,27.9, , 
1983,2,0,33.0,12.9,11,8
1983,3,0,148.9,18.0,22,21
1983,4,0,73.4,10.6,20,18
1983,5,0,141.0,24.8,20,17
1983,6,0,65.9,13.2,17,13
1983,7,0,16.7,10.5,3,2
1983,8,0,79.8,17.9,18,14
1983,9,0,111.0, ,19,16
1983,10,0,160.0,25.6,21,19
1983,11,0,58.6,16.0,12,10
1983,12,0,150.1, , , 
1984,1,0,199.5, , , 
1984,2,0,84.5,15.1,18,13
1984,3,0,72.8,24.7, , 
1984,4,0,41.0,14.3, , 
1984,5,1,30.2, , , 
1984,6,0,59.2, , , 
1984,7,0,56.7,22.6,10,8
1984,8,0,83.6,17.8, , 
1984,9,0,108.5,12.4,25,19
1984,10,9,123.1, , , 
1984,11,0,101.0, , , 
1984,12,0,133.4,20.7, , 
1985,1,0,80.6, , , 
1985,2,0,58.3, , , 
1985,3,0,116.3,16.3,17,15
1985,4,0,92.5,13.0,22,16
1985,5,0,88.2,23.1,13,10
1985,6,0,82.2,14.2,18,14
1985,7,0,82.0, , , 
1985,8,0,218.8,34.1,30,28
1985,9,0,118.9, , , 
1985,10,0,62.3,12.9,13,10
1985,11,0,75.6,13.2,17,13
1985,12,0,126.9,28.1, , 
1986,1,0,118.0, ,25,24
1986,2,0,1.8,1.3,2,1
1986,3,0,137.4,11.9,27,25
1986,4,0,76.2,13.6,17,12
1986,5,0,154.5,21.4,28,23
1986,6,0,108.0,38.6,16,12
1986,7,0,84.2, , , 
1986,8,0,162.5, , , 
1986,9,0,9.3,5.1,7,3
1986,10,0,117.7,16.3,19,18
1986,11,0,166.9,25.3,22,17
1986,12,0,169.8,17.8,27,23
1987,1,0,44.4,11.6,14,8
1987,2,0,62.1, ,11,9
1987,3,0,119.9, , , 
1987,4,0,42.1,9.7,14,11
1987,5,0,51.0, ,10,10
1987,6,0,137.3,21.7,25,20
1987,7,0,56.3,16.3,13,9
1987,8,0,117.9,24.1,13,13
1987,9,0,99.3, ,23,18
1987,10,0,157.2,37.0,20,18
1987,11,0,109.8,21.9,19,13
1987,12,0,90.5,21.7,16,13
1988,1,0,183.4,39.5,23,21
1988,2,0,98.3,17.2,18,14
1988,3,0,162.5,21.9,29,25
1988,4,0,32.0,15.1,5,5
1988,5,0,52.4,10.2,12,9
1988,6,0,33.4,9.5,9,8
1988,7,0,125.5, , , 
1988,8,0,117.2,14.0,24,21
1988,9,0,131.8,21.4,19,16
1988,10,0,123.9,29.3,22,18
1988,11,0,55.0,13.3,15,11
1988,12,0,91.9,29.0,19,15
1989,1,0,119.8,21.3, , 
1989,2,0,130.7,21.3,24,22
1989,3,0,142.2, , , 
1989,4,0,89.6,16.0,19,14
1989,5,0,28.2,8.6,10,8
1989,6,0,40.6,12.4,11,9
1989,7,0,38.6,15.8,10,5
1989,8,0,130.0,33.6,26,22
1989,9,0,65.7,19.1,15,12
1989,10,0,220.3,29.3,28,26
1989,11,0,57.5,17.7,13,10
1989,12,0,93.1,21.0,15,13
1990,1,0,147.2,16.7,29,24
1990,2,0,218.7,22.3,27,25
1990,3,0,56.7,15.6,23,13
1990,4,0,69.9,13.2,16,13
1990,5,8, , , , 
1990,6,0,117.6,15.9,22,20
1990,7,0,50.0,10.4,17,14
1990,8,8, , , , 
1990,9,8, , , , 
1990,10,8, , , , 
1990,11,8, , , , 
1990,12,8, , , , 
1991,1,8, , , , 
1991,2,8, , , , 
1991,3,8, , , , 
1991,4,8, , , , 
1991,5,0,5.8,2.2,6,2
1991,6,8, , , , 
1991,7,9,61.3, , , 
1991,8,0,32.7,9.2,13,11
1991,9,0,37.1,9.4,15,9
1991,10,0,79.9,17.1,18,16
1991,11,8, , , , 
1991,12,8, , , , 
1992,1,0,60.4,26.5,10,7
1992,2,8, , , , 
1992,3,8, , , , 
1992,4,0,80.4, , , 
1992,5,8, , , , 
1992,6,0,41.0,13.2,7,5
1992,7,0,82.5, , , 
1992,8,0,143.2, ,27,20
1992,9,0,73.2,22.8,17,13
1992,10,0,44.7,14.1,16,9
1992,11,0,150.4,15.9,29,26
1992,12,0,55.3,8.2,19,15
1993,1,8, , , , 
1993,2,0,23.0,6.4,11,4
1993,3,0,41.9,12.3,19,14
1993,4,8, , , , 
1993,5,8, , , , 
1993,6,0,80.3, ,18,15
1993,7,0,88.4,9.4,24,20
1993,8,0,46.0,8.8,15,10
1994,6,0,55.2,13.9,18,12
1994,7,9,96.4, , , 
1994,9,0,79.8,16.7,16,13
1994,10,9,42.3, , , 
1994,11,1,84.9, ,21,16
1995,6,0,28.5,12.0,10,4
1995,8,0,6.9, , , 
1995,10,1,203.7,43.6,22,17
1995,12,1,73.5,12.1, , 
1996,3,0,52.3,12.7,15,10
1996,5,0,48.8, ,14,12
1996,6,0,46.7,24.1,12,9
1996,7,0,60.6,13.3,21,15
1996,8,1,102.6,46.1,18,15
1996,9,0,33.4,9.7,10,8
1996,10,0,138.1,16.4,28,25
1996,11,1,88.4,17.6,26,17
1996,12,0,28.4,6.3,13,8
1997,1,0,28.5,8.3,13,8
1997,4,0,43.6,21.7,9,8
1997,5,1,69.2,13.0,16,12
1997,6,1,82.1,20.9,16,13
1997,7,9,127.2, , , 
1997,8,0,76.4,16.3,19,14
1997,9,0,59.4, ,20,13
1997,10,1,81.9,14.4,17,13
1997,11,1,92.9,24.0,22,16
1997,12,1,111.0, , , 
1998,3,1,75.4,13.0,19,16
1998,4,1,107.4,17.9,27,20
1998,5,0,34.5,14.8,8,5
1998,6,0,166.6,26.1,21,17
1998,7,1,100.0,24.6,20,18
1998,8,0,110.7,29.0,23,16
1998,9,1,110.1,20.5, , 
1998,10,1,176.7,29.6,23,19
1998,11,0,121.9,19.1,26,20
1998,12,0,101.1, ,30,22
1999,1,0,137.5,23.6,26,21
1999,2,1,92.2,19.1,22,18
1999,3,0,50.9,10.0,17,12
1999,4,1,88.8,13.6,25,20
1999,5,0,52.0,9.4,13,13
1999,6,1,59.6,18.9,15,13
1999,7,0,55.5,12.7,15,11
1999,9,9,145.2, , , 
1999,10,9,65.6, , , 
1999,11,0,119.1, , , 
2000,1,9,54.5, , , 
2000,2,9,109.5, , , 
2000,4,9,88.2, , , 
2000,5,9,72.3, , , 
2000,6,9,47.8, , , 
2000,8,0,112.2, , , 
2000,11,9,180.5, , , 
2000,12,9,116.3, , , 
2001,2,9,52.4, , , 
2001,4,9,82.2, , , 
2001,7,0,81.7, , , 
2001,8,9,113.4, , , 
2001,9,1,83.4, , , 
2001,10,9,90.6, , , 
2001,11,9,87.9, , , 
2001,12,1,71.1,18.2, , 
2002,1,9,155.4, , , 
2002,2,0,224.5, ,27,25
2002,3,9,104.7, , , 
2002,4,0,72.9, , , 
2002,5,0,158.3,48.1,22,17
2002,6,9,134.2, , , 
2002,7,1,85.4, , , 
2002,8,9,51.4, , , 
2002,9,0,39.1, ,9,9
2002,10,9,170.1, , , 
2002,11,0,157.2,20.2,25,20
2002,12,9,100.3, , , 
2003,1,0,100.9, , , 
2003,2,0,71.1,26.1,15,13
2003,3,0,81.7, ,14,12
2003,4,1,60.7, ,11,8
2003,5,0,128.0,22.3,25,24
2003,6,0,79.7,26.6,17,14
2003,7,9,98.5, , , 
2003,8,0,24.5, ,11,6
2003,9,0,72.9, ,21,18
2003,10,0,49.5, , , 
2003,11,0,135.9, , , 
2003,12,9,96.7, , , 
2004,1,9,122.2, , , 
2004,2,0,50.2,19.3, , 
2004,3,9,94.6, , , 
2004,4,0,73.1, , , 
2004,5,1,42.7,18.7,9,7
2004,6,0,104.2,17.7, , 
2004,7,0,96.1, , , 
2004,8,0,116.5,26.4,25,17
2004,9,0,113.2, , , 
2004,10,0,142.5, , , 
2004,11,0,67.6, , , 
2004,12,0,131.3, , , 
2005,1,0,142.4,35.1,22,20
2005,2,0,53.1, , , 
2005,3,0,96.2, , , 
2005,4,1,100.1, , , 
2005,5,9,115.8, , , 
2005,6,0,48.9, ,11,9
2005,7,0,44.7, ,13,9
2005,8,0,93.4, , , 
2005,9,1,102.3, ,19,17
2005,10,0,107.5,31.9, , 
2005,11,0,88.2, , , 
2005,12,9,101.1, , , 
2006,1,1,75.4,12.8,17,11
2006,2,0,47.8,14.7,12,9
2006,3,0,172.4, , , 
2006,5,0,151.5,17.6,21,17
2006,6,0,40.8,10.8, , 
2006,7,0,77.3,18.7,15,12
2006,8,0,94.3, ,23,18
2006,9,0,168.2,32.0,24,22
2006,10,0,130.8,31.0,19,15
2006,11,1,121.8,18.2, , 
2006,12,0,186.2, , , 
2007,1,0,134.1, , , 
2007,2,0,99.3,14.6,20,18
2007,3,0,82.4,13.2,21,16
2007,4,0,39.5,22.6,6,4
2007,5,0,77.6,16.5,20,15
2007,6,0,75.9,10.4,19,13
2007,7,1,153.4, ,23,19
2007,8,0,82.4,11.6,23,15
2007,9,1,57.3,12.0,15,11
2007,10,1,57.6,17.7,11,11
2007,11,0,88.6, , , 
2007,12,0,167.3, , , 
2008,1,0,166.2, , , 
2008,2,0,65.7,12.2, , 
2008,3,0,138.9,13.2,24,21
2008,4,0,61.3, ,20,15
2008,5,0,48.5,19.1,11,8
2008,6,0,78.7,14.7, , 
2008,8,0,179.9,36.7,27,22
2008,9,0,115.8,19.9,18,14
2008,10,0,145.0,23.1,26,20
2008,11,0,111.1, , , 
2008,12,0,83.6, , , 
2009,1,0,171.6, , , 
2009,2,0,23.2,7.5,13,7
2010,3,0,77.6,18.2,14,12
2010,4,0,72.1, ,13,12
2010,5,0,25.7,9.2,10,7
2010,6,0,37.7,13.4,14,8
2010,7,0,132.6,18.2,28,22
2010,8,0,63.7,9.4,21,16
2010,9,0,180.8,26.7,21,19
2010,10,0,82.1,14.1,20,11
2010,11,0,132.4,20.8,19,14
2010,12,0,68.9,25.4,14,12
2011,1,0,78.5,22.7,18,11
2011,2,0,134.4,26.3,23,22
2011,3,0,50.0,18.1,11,11
2011,4,0,51.8,14.3,9,7
2011,5,0,150.3, , , 
2011,6,0,112.1,14.1,26,17
2011,7,0,59.1,9.7, , 
2011,8,0,74.0,23.2,19,11
2011,9,0,168.5,23.4, , 
2011,10,0,203.0,28.1,28,24
2011,11,0,134.9, , , 
2011,12,0,151.4,18.8,31,30
2012,1,0,123.9,21.0,26,20
2012,2,0,72.1, , , 
2012,3,0,27.9,8.7,12,7
2012,4,0,70.0,15.2,23,16
2012,5,1,58.8,13.4,16,11
2012,6,1,195.8,42.2, , 
2012,7,0,97.3, , , 
2012,8,0,135.2, , , 
2012,9,0,71.6,13.7,20,15
2012,10,0,124.0, , , 
2012,11,0,107.5,29.2,23,17
2012,12,0,150.5, ,28,20
2013,1,0,165.2,25.1,20,20
2013,2,0,68.1,15.2,14,10
2013,3,0,49.8,10.4,12,8
2013,4,0,88.5,16.0,17,15
2013,5,0,105.6,27.2,23,14
2013,6,0,74.7, ,14,12
2013,7,0,89.8,40.8,10,10
2013,8,0,67.8,14.7,23,19
2013,9,0,82.8,28.0,19,11
2013,10,0,150.5,22.6,26,21
2013,11,0,63.5,12.5,17,13
2013,12,0,155.7,22.4,28,22
2014,1,0,170.4,21.3,29,24
2014,2,0,169.2,15.3,28,25
2014,3,0,104.9,17.1,23,19
2014,4,0,43.2,10.9,14,10
2014,5,0,85.1,11.6,24,17
2014,6,0,66.3,15.9,12,9
2014,7,0,67.2,14.5,24,18
2014,8,0,131.2,27.6,22,18
2014,9,0,16.7,4.7,9,6
2014,10,0,121.4,20.8,24,18
2014,11,0,144.7,40.3,21,15
2014,12,0,141.3,30.8,28,23
2015,1,0,157.4,15.8,28,22
2015,2,0,79.5,11.3,19,13
2015,3,0,129.3,17.3,21,18
2015,4,0,73.9,16.4,13,10
2015,5,0,131.5,26.1,25,21
2015,6,0,45.9,9.0,18,13
2015,7,0,149.9,21.7,25,22
2015,8,0,100.2,16.1,26,20
2015,9,0,45.2,16.9,14,8
2015,10,0,85.0,19.7,14,9
2015,11,0,185.6,31.0,27,22
2015,12,0,262.4,31.9,31,29
2016,1,0,148.1,23.0,27,21
2016,2,0,129.7,24.6,23,19
2016,3,0,74.1,16.5,20,15
2016,4,0,93.2,20.0,20,14
2016,5,0,51.2,10.2,19,12
2016,6,0,103.9,13.5,21,15
2016,7,0,107.7,10.6,24,18
2016,8,0,87.8,18.4,23,17
2016,9,0,113.3,11.9,27,21
2016,10,0,37.1,14.0,16,8
2016,11,0,80.0,14.5,16,13
2016,12,0,79.1,14.4,21,12
2017,1,0,46.3,9.4,21,13
2017,2,0,95.7,19.0,21,18
2017,3,0,133.8,20.0,22,19
2017,4,0,23.2,6.1,14,8
2017,5,0,75.0,22.8,16,11
2017,6,0,102.6,18.4,21,15
2017,7,0,109.2,16.8,21,17
2017,8,0,149.1,37.4,28,23
2017,9,0,128.2,24.9,25,24
2017,10,0,123.3,24.7,28,17
2017,11,0,128.9,14.4,25,19
2017,12,0,140.6,31.6,29,22
2018,1,0,199.5,22.2,29,23
2018,2,0,100.7,17.2,20,17
2018,3,0,55.6,8.1,16,13
2018,4,0,80.1,16.9,23,17
2018,5,0,71.3,20.6,16,8
2018,6,0,63.4,33.0,10,6
2018,7,0,72.5,14.3,13,11
2018,8,0,134.4,18.5,27,21
2018,9,0,68.3,13.2,20,13
2018,10,0,70.5,14.4,23,12
2018,11,0,118.4,17.7,22,16
2018,12,0,137.1,22.8,28,21
2019,1,0,72.2,9.9,26,19
2019,2,0,66.0,12.0,19,14
2019,3,0,181.7,31.8,23,19
2019,4,0,78.4,13.5,15,11
2019,5,0,53.5,10.5,14,9
2019,6,0,135.5,25.8,19,16
2019,8,0,234.9,38.9,25,22
2019,9,0,143.0,20.3,23,20
2019,10,0,112.2,20.5,20,17
2019,11,0,108.3,12.7,22,17
2019,12,0,137.3,16.5,25,20
2020,1,0,97.7,28.4,27,19
2020,2,0,227.7,29.4,27,27
2020,3,0,105.1,19.3,20,14
2020,4,0,22.2,11.6,8,6
2020,5,0,26.4,16.1,9,7
2020,6,0,129.5,23.8,22,16
2020,7,0,167.0,19.6,25,20
2020,8,0,138.7,18.9,20,19
2020,9,0,78.8,20.7,19,14
2020,10,0,154.4,22.8,24,22
2020,11,0,150.1,27.3,26,18
2020,12,0,125.0,21.6,25,17
2021,1,0,158.9,30.2,24,19
2021,2,0,121.7,17.9,22,14
2021,3,0,109.8,16.4,20,17
2021,4,0,30.8,8.2,14,11
2021,5,0,126.6,15.6,22,16
2021,6,0,34.3,9.9,12,6
2021,7,0,81.7,34.3,15,12
2021,8,0,133.8,31.7,19,14
2021,9,0,75.2,13.6,21,14
2021,10,0,159.2,18.5,25,23
2021,11,0,76.9,13.4,26,17
2021,12,0,136.8,19.9,22,21
2022,1,0,61.0,11.4,17,12
2022,2,0,180.1,28.8,26,22
2022,3,0,55.3,12.1,12,11
2022,4,0,71.5,12.3,18,15
2022,5,0,96.3,15.3,21,17
2022,6,0,101.2,20.9,19,11
2022,7,0,57.6,13.2,15,7
2022,8,0,52.3,19.0,14,8
2022,9,0,81.5,19.2,18,16
2022,10,0,193.6,20.6,27,26
2022,11,0,141.6,14.7,27,22
2022,12,0,84.4,21.6,17,14
2023,1,0,130.1,17.7,26,19
2023,2,0,33.8,7.3,17,10
2023,3,0,179.6,21.8,21,21
2023,4,0,109.7,21.4,19,17
2023,5,0,46.2,9.2,13,10
2023,6,0,75.0,11.9,17,15
2023,7,0,214.6,48.9,30,24
2023,8,0,136.9,33.4,26,20
2023,9,0,125.0,21.5,21,15
2023,10,0,144.7,28.2,22,16
2023,11,0,113.1,17.0,24,19
2023,12,0,191.3,24.9,26,20
2024,1,0,102.5,18.7,17,13
2024,2,0,119.1,16.5,26,20
2024,3,0,124.0,22.6,26,23
2024,4,0,112.1,14.9,22,16
2024,5,0,74.8,26.3,14,10
2024,6,0,73.6,18.8,19,15
2024,7,0,106.1,23.1,17,14
2024,8,0,159.7,19.7,23,21
2024,9,0,27.4,6.8,15,7
2024,10,0,104.7,17.1,22,18
2024,11,0,96.0,36.5,17,11
2024,12,0,87.1,16.6,25,20
2025,1,0,65.2,15.5,21,12
2025,2,0,106.3,14.5,23,18
2025,3,0,39.1,21.3,13,8
2025,4,0,101.1,19.1,13,9
2025,5,0,44.9,13.0,8,7
2025,6,0,93.6,22.0,22,15
2025,7,0,59.8,12.0,22,12
2025,8,0,65.9,11.4,17,12
2025,9,0,150.9,23.2,23,19
2025,10,0,182.6,36.6,22,16
2025,11,0,157.5,22.9,25,22
2025,12,0,112.6,15.9,20,16
2026,1,0,141.9,27.3,28,21
2026,2,0,122.6,16.0,23,19
2026,3,0,96.8,20.5,20,17
2026,4,0,81.0,15.1,18,14
2026,5,0,59.5,11.5,19,12
2026,6,0,116.0,16.7,22,18
2026,7,0,18.3,5.7,10,5
